data/rasters/precip/precipitation_20000105.ASC
NCOLS                  300
NROWS                  325
XLLCORNER       0.0000000E+00
YLLCORNER        300000.0
CELLSIZE         1000.000
NODATA_VALUE    0.0000000E+00
[rows 115 to 137 of 325, columns 104 to 155 of 300]
8.9912474E-02 8.9898989E-02 8.4049977E-02 8.1456035E-02 8.2377791E-02 8.5925847E-02 8.5419193E-02 8.8520750E-02 8.5876800E-02 7.8907147E-02 7.7304050E-02 8.6178847E-02 8.6178847E-02 8.6178847E-02 8.4687881E-02 0.0000000E+00 0.0000000E+00 0.0000000E+00 0.0000000E+00 0.0000000E+00 0.0000000E+00 8.2270071E-02 8.6178847E-02 9.0325661E-02 9.0325661E-02 8.1849933E-02 8.1849933E-02 8.5772611E-02 8.5772611E-02 9.0293564E-02 9.5541492E-02 8.7895863E-02 8.7895863E-02 8.7895863E-02 8.2920238E-02 8.7895863E-02 8.7895863E-02 8.7895863E-02 7.9593919E-02 7.6538064E-02 7.3533207E-02 7.3533207E-02 7.3533207E-02 7.3533207E-02 7.3533207E-02 0.0000000E+00 0.0000000E+00 0.0000000E+00 0.0000000E+00 0.0000000E+00 0.0000000E+00 0.0000000E+00
9.9954247E-02 9.3446597E-02 8.9939527E-02 8.4712051E-02 8.1043601E-02 7.7907957E-02 7.8905880E-02 7.8897037E-02 7.7892266E-02 7.7304050E-02 7.7304050E-02 7.7304050E-02 8.6178847E-02 8.6178847E-02 8.2498901E-02 7.7097692E-02 0.0000000E+00 0.0000000E+00 0.0000000E+00 0.0000000E+00 7.4133895E-02 8.1776902E-02 8.6178847E-02 8.6178847E-02 8.6178847E-02 8.6178847E-02 8.6178847E-02 8.5772611E-02 9.0293564E-02 9.0293564E-02 8.5285947E-02 8.2920238E-02 8.2920238E-02 7.8702934E-02 8.2920238E-02 8.7895863E-02 8.7895863E-02 8.7895863E-02 8.7895863E-02 7.9593919E-02 7.3533207E-02 7.3533207E-02 7.3533207E-02 7.3533207E-02 0.0000000E+00 0.0000000E+00 0.0000000E+00 0.0000000E+00 0.0000000E+00 0.0000000E+00 0.0000000E+00 0.0000000E+00
0.1029160 0.1029132 0.1009897 9.2060842E-02 8.6575173E-02 8.1580244E-02 8.1580244E-02 7.7304050E-02 7.7304050E-02 7.7304050E-02 7.7304050E-02 7.7304050E-02 7.7304050E-02 8.6178847E-02 8.2536370E-02 8.2164593E-02 7.5328946E-02 0.0000000E+00 0.0000000E+00 7.6747440E-02 7.8192949E-02 8.6178847E-02 8.6178847E-02 8.6178847E-02 8.6178847E-02 8.6178847E-02 8.6178847E-02 9.0325661E-02 9.0293564E-02 9.0293564E-02 8.5285947E-02 8.2920238E-02 8.7895863E-02 8.2920238E-02 8.2920238E-02 8.2920238E-02 8.2920238E-02 8.2920238E-02 8.7895863E-02 7.9593919E-02 8.2314901E-02 7.3533207E-02 7.3533207E-02 7.8187555E-02 7.3533207E-02 0.0000000E+00 0.0000000E+00 0.0000000E+00 0.0000000E+00 0.0000000E+00 0.0000000E+00 7.3439591E-02
0.1023907 0.1024218 0.1018431 9.6669056E-02 9.1141306E-02 8.1580244E-02 8.1580244E-02 8.1580244E-02 8.1580244E-02 8.1580244E-02 7.8312993E-02 7.7304050E-02 7.7304050E-02 7.4264936E-02 7.9319410E-02 7.9319410E-02 7.9319410E-02 7.9106234E-02 7.9011664E-02 8.2538523E-02 8.3011240E-02 8.3281413E-02 8.6483896E-02 8.6178847E-02 8.6178847E-02 9.0325661E-02 9.0344623E-02 9.0596691E-02 9.5274925E-02 8.5285947E-02 9.0255015E-02 8.7895863E-02 8.2920238E-02 8.2920238E-02 8.2920238E-02 8.2920238E-02 8.0364838E-02 8.2920238E-02 8.2920238E-02 8.2920238E-02 7.9593919E-02 7.9593919E-02 7.3533207E-02 7.8187555E-02 0.0000000E+00 0.0000000E+00 0.0000000E+00 0.0000000E+00 0.0000000E+00 0.0000000E+00 7.6641902E-02 0.0000000E+00
0.1028627 0.1025631 0.1002070 9.5146663E-02 8.6274281E-02 8.5299499E-02 8.5299499E-02 8.5299499E-02 8.1580244E-02 8.1580244E-02 8.1580244E-02 7.8312993E-02 7.8312993E-02 7.5427152E-02 0.0000000E+00 0.0000000E+00 7.9319410E-02 7.9319410E-02 8.2757778E-02 8.5129492E-02 8.7825701E-02 8.8725425E-02 9.0629861E-02 9.1958888E-02 9.0335630E-02 9.1002971E-02 9.3171313E-02 9.4720013E-02 0.1038795 9.7606964E-02 9.0545461E-02 8.7895863E-02 8.2920238E-02 8.2920238E-02 8.2920238E-02 8.2920238E-02 8.0364838E-02 8.2920238E-02 8.2920238E-02 8.2920238E-02 7.5290479E-02 7.5290479E-02 8.4775485E-02 0.0000000E+00 0.0000000E+00 0.0000000E+00 0.0000000E+00 0.0000000E+00 0.0000000E+00 0.0000000E+00 0.0000000E+00 0.0000000E+00
9.9011675E-02 0.1007664 0.1043909 0.1013450 8.9700818E-02 8.9651689E-02 8.9651689E-02 8.9651689E-02 8.9651689E-02 8.9651689E-02 8.5725836E-02 8.2258828E-02 7.6437838E-02 7.9181656E-02 7.9181656E-02 7.5427152E-02 7.4264936E-02 8.2536370E-02 8.4972031E-02 9.4984815E-02 9.8729461E-02 9.9779658E-02 9.7967505E-02 9.7405791E-02 9.8271966E-02 0.1001587 0.1035814 0.1052527 0.1039889 0.1016938 9.8002352E-02 8.7951839E-02 8.2920238E-02 8.2920238E-02 8.2920238E-02 8.2920238E-02 8.0364838E-02 8.0364838E-02 8.2920238E-02 8.2920238E-02 8.2920238E-02 7.6641902E-02 7.2445258E-02 0.0000000E+00 0.0000000E+00 0.0000000E+00 0.0000000E+00 0.0000000E+00 0.0000000E+00 0.0000000E+00 0.0000000E+00 0.0000000E+00
8.7826595E-02 9.3145959E-02 9.3887068E-02 9.4254538E-02 9.4121389E-02 9.4121389E-02 9.4121389E-02 9.4121389E-02 9.4121389E-02 8.9651689E-02 8.9651689E-02 8.9704975E-02 8.5741535E-02 8.2258828E-02 8.9651689E-02 9.1386646E-02 9.1386646E-02 8.7493822E-02 9.1728546E-02 0.1015607 0.1040940 0.1038382 0.1038303 0.1002812 0.1008726 0.1027007 0.1060992 0.1041130 0.1065671 0.1059310 0.1020417 9.1042623E-02 8.2920238E-02 8.2920238E-02 8.2920238E-02 8.2920238E-02 8.0364838E-02 8.0364838E-02 8.2920238E-02 8.2920238E-02 8.2920238E-02 7.3439591E-02 0.0000000E+00 0.0000000E+00 0.0000000E+00 0.0000000E+00 0.0000000E+00 0.0000000E+00 0.0000000E+00 0.0000000E+00 0.0000000E+00 0.0000000E+00
7.2535314E-02 8.5830018E-02 9.2300422E-02 8.7797791E-02 8.7797791E-02 8.9651689E-02 9.4121389E-02 9.4121389E-02 8.9651689E-02 9.0170376E-02 9.1985650E-02 8.9485280E-02 9.4415829E-02 8.8913828E-02 8.7504141E-02 9.1386646E-02 9.1386646E-02 9.1792814E-02 9.6139535E-02 9.8606765E-02 0.1020072 0.1018452 0.1040945 0.1009243 0.1017658 0.1035621 0.1038331 0.1024601 0.1049260 0.1064936 0.1028136 9.1413870E-02 8.5285947E-02 8.5285947E-02 8.5285947E-02 8.0364838E-02 7.6202750E-02 7.6202750E-02 7.8702934E-02 7.8702934E-02 8.5322388E-02 7.2445258E-02 0.0000000E+00 0.0000000E+00 0.0000000E+00 0.0000000E+00 0.0000000E+00 0.0000000E+00 0.0000000E+00 0.0000000E+00 0.0000000E+00 0.0000000E+00
0.0000000E+00 8.0551602E-02 9.0113908E-02 8.7797791E-02 8.7797791E-02 8.7797791E-02 8.9651689E-02 8.5725836E-02 9.4517663E-02 9.7545996E-02 0.1023939 0.1005359 9.9913850E-02 9.6976690E-02 8.9339212E-02 8.7475829E-02 9.1386646E-02 9.1485694E-02 9.4774932E-02 9.9872328E-02 0.1004454 0.1013811 9.9690557E-02 9.1202550E-02 9.5701754E-02 0.1024077 0.1027795 0.1041151 0.1067071 0.1056902 9.7117163E-02 8.6450890E-02 8.5772611E-02 8.1037939E-02 8.1037939E-02 7.8702934E-02 7.8702934E-02 7.6202750E-02 7.6202750E-02 8.0364838E-02 7.6202750E-02 0.0000000E+00 0.0000000E+00 0.0000000E+00 0.0000000E+00 0.0000000E+00 0.0000000E+00 0.0000000E+00 0.0000000E+00 0.0000000E+00 0.0000000E+00 7.5311549E-02
0.0000000E+00 8.3321355E-02 9.5124781E-02 9.0338916E-02 9.2300422E-02 9.2300422E-02 8.7797791E-02 8.7797791E-02 9.3265437E-02 9.8335348E-02 0.1054596 0.1037745 0.1035111 0.1007848 9.5650516E-02 8.7830111E-02 8.7475829E-02 9.1386646E-02 9.2473879E-02 9.5942311E-02 9.8974161E-02 9.6462160E-02 9.4720721E-02 9.1009177E-02 8.7952882E-02 8.9927539E-02 9.4122067E-02 9.0064764E-02 9.2698582E-02 9.8268777E-02 9.2565589E-02 8.5709400E-02 8.5102007E-02 8.5292742E-02 8.1037939E-02 0.0000000E+00 0.0000000E+00 0.0000000E+00 7.7354252E-02 7.4693531E-02 0.0000000E+00 0.0000000E+00 0.0000000E+00 0.0000000E+00 0.0000000E+00 0.0000000E+00 0.0000000E+00 0.0000000E+00 0.0000000E+00 0.0000000E+00 0.0000000E+00 0.0000000E+00
0.0000000E+00 9.1730632E-02 0.1005793 9.5120125E-02 9.0338916E-02 8.7797791E-02 8.9651689E-02 8.9651689E-02 9.2436157E-02 9.8361515E-02 0.1036410 0.1017635 0.1035588 0.1022365 9.6868947E-02 9.2103489E-02 8.7475829E-02 9.1386646E-02 9.1386646E-02 9.2155725E-02 9.3641914E-02 9.4180658E-02 9.3288548E-02 8.7640278E-02 8.2872100E-02 8.3294392E-02 8.4561735E-02 8.6110681E-02 8.5863978E-02 8.4022582E-02 7.8335479E-02 0.0000000E+00 0.0000000E+00 0.0000000E+00 0.0000000E+00 0.0000000E+00 0.0000000E+00 7.4693531E-02 7.4693531E-02 7.3707424E-02 0.0000000E+00 0.0000000E+00 0.0000000E+00 0.0000000E+00 0.0000000E+00 0.0000000E+00 0.0000000E+00 0.0000000E+00 0.0000000E+00 0.0000000E+00 0.0000000E+00 0.0000000E+00
8.7257668E-02 9.8335065E-02 0.1005992 9.5120125E-02 9.0366982E-02 9.3833126E-02 9.3833126E-02 9.3833126E-02 9.1844656E-02 9.7328193E-02 9.9372610E-02 0.1013508 0.1037396 0.1012796 9.6040912E-02 9.1832168E-02 9.1386646E-02 9.1386646E-02 9.1386646E-02 9.1386646E-02 9.5400050E-02 9.5400050E-02 9.1386646E-02 8.7475829E-02 8.3482757E-02 8.3482757E-02 8.7209314E-02 9.1516837E-02 9.1570437E-02 9.0182357E-02 7.4787587E-02 0.0000000E+00 0.0000000E+00 0.0000000E+00 0.0000000E+00 0.0000000E+00 7.4658364E-02 7.4693531E-02 7.4693531E-02 7.3707424E-02 7.3707424E-02 7.3707424E-02 0.0000000E+00 0.0000000E+00 0.0000000E+00 0.0000000E+00 0.0000000E+00 0.0000000E+00 0.0000000E+00 0.0000000E+00 0.0000000E+00 0.0000000E+00
9.8899163E-02 0.1005992 0.1005992 9.0366982E-02 9.2158929E-02 9.2158929E-02 9.3833126E-02 9.3833126E-02 9.4486341E-02 9.7997025E-02 9.8335527E-02 9.7323112E-02 9.6538015E-02 9.2907846E-02 9.1985650E-02 9.1389842E-02 9.1386646E-02 9.5400050E-02 9.9984974E-02 9.5400050E-02 9.5400050E-02 9.1386646E-02 8.7475829E-02 8.7475829E-02 8.3482757E-02 8.3482757E-02 8.7209314E-02 9.1451935E-02 9.6310869E-02 8.4624618E-02 0.0000000E+00 0.0000000E+00 0.0000000E+00 0.0000000E+00 0.0000000E+00 0.0000000E+00 7.8896046E-02 8.0107391E-02 0.0000000E+00 7.3707424E-02 7.3707424E-02 7.3707424E-02 0.0000000E+00 0.0000000E+00 0.0000000E+00 0.0000000E+00 0.0000000E+00 0.0000000E+00 0.0000000E+00 0.0000000E+00 0.0000000E+00 0.0000000E+00
0.1005992 0.1005992 9.5120125E-02 9.2158929E-02 9.2158929E-02 9.2158929E-02 9.2158929E-02 9.3833126E-02 9.3833126E-02 9.4760455E-02 9.3019269E-02 9.4696648E-02 9.6006162E-02 9.0115435E-02 8.6332150E-02 9.3833126E-02 9.3833126E-02 9.3833126E-02 9.3833126E-02 9.8479286E-02 8.5725836E-02 8.5725836E-02 8.5725836E-02 8.5725836E-02 8.5725836E-02 8.1580244E-02 8.5299499E-02 8.9558534E-02 9.4467543E-02 8.5712142E-02 0.0000000E+00 0.0000000E+00 0.0000000E+00 0.0000000E+00 0.0000000E+00 0.0000000E+00 7.8207910E-02 8.0107391E-02 7.6178379E-02 7.6178379E-02 0.0000000E+00 0.0000000E+00 0.0000000E+00 0.0000000E+00 0.0000000E+00 0.0000000E+00 0.0000000E+00 0.0000000E+00 0.0000000E+00 0.0000000E+00 0.0000000E+00 0.0000000E+00
0.1069605 0.1005992 9.6861742E-02 9.2158929E-02 9.2158929E-02 9.2158929E-02 9.2158929E-02 9.2158929E-02 9.3833126E-02 9.3833126E-02 9.2180148E-02 0.1024579 0.1119727 0.1163727 0.1073991 9.2997193E-02 9.3833126E-02 9.3833126E-02 8.9651689E-02 8.9651689E-02 8.9651689E-02 8.9651689E-02 8.5725836E-02 8.5725836E-02 8.5725836E-02 8.5725836E-02 8.5299499E-02 8.5299499E-02 9.4467543E-02 8.7906472E-02 0.0000000E+00 0.0000000E+00 0.0000000E+00 0.0000000E+00 0.0000000E+00 7.7120528E-02 8.3630323E-02 7.9539932E-02 7.3100515E-02 0.0000000E+00 0.0000000E+00 0.0000000E+00 0.0000000E+00 0.0000000E+00 0.0000000E+00 0.0000000E+00 0.0000000E+00 0.0000000E+00 0.0000000E+00 0.0000000E+00 0.0000000E+00 7.4154839E-02
0.1069605 0.1022482 0.1022482 9.2158929E-02 9.2158929E-02 9.2158929E-02 9.2158929E-02 9.2158929E-02 9.2158929E-02 9.2920035E-02 0.1037584 0.1330477 0.1573247 0.1590789 0.1363451 0.1102662 8.7197594E-02 8.9651689E-02 8.5725836E-02 8.5725836E-02 8.9651689E-02 8.9651689E-02 8.9651689E-02 8.9651689E-02 8.5725836E-02 8.5725836E-02 8.5725836E-02 8.5299499E-02 9.2471711E-02 9.1590345E-02 9.1605887E-02 0.0000000E+00 0.0000000E+00 0.0000000E+00 7.2898276E-02 8.4877826E-02 8.9398555E-02 7.2971866E-02 0.0000000E+00 0.0000000E+00 0.0000000E+00 0.0000000E+00 0.0000000E+00 0.0000000E+00 0.0000000E+00 0.0000000E+00 0.0000000E+00 0.0000000E+00 0.0000000E+00 0.0000000E+00 0.0000000E+00 7.5335734E-02
0.1022482 0.1022482 0.1022482 9.6861742E-02 9.6861742E-02 9.2158929E-02 9.2158929E-02 9.2158929E-02 9.2158929E-02 9.6157387E-02 0.1194342 0.1641964 0.2168114 0.2217216 0.1667973 0.1211510 9.5384844E-02 8.9730501E-02 8.5725836E-02 8.5725836E-02 8.9651689E-02 8.9651689E-02 8.9651689E-02 8.9042932E-02 8.8820994E-02 8.9535505E-02 8.9651689E-02 8.5299499E-02 9.2471711E-02 0.1035159 0.1020178 8.8912979E-02 8.4858485E-02 8.1504188E-02 8.6206675E-02 9.0122044E-02 8.5015148E-02 0.0000000E+00 0.0000000E+00 0.0000000E+00 0.0000000E+00 0.0000000E+00 0.0000000E+00 7.4110135E-02 7.4273862E-02 7.5334392E-02 7.5334392E-02 7.2489694E-02 0.0000000E+00 0.0000000E+00 0.0000000E+00 7.5335734E-02
0.1022482 0.1022482 0.1022482 9.6861742E-02 9.6861742E-02 9.6861742E-02 9.6861742E-02 9.6861742E-02 9.6339181E-02 0.1015000 0.1191217 0.1691715 0.2431037 0.2534429 0.1782815 0.1255359 9.3005769E-02 8.6089641E-02 8.9730501E-02 8.5725836E-02 8.9651689E-02 8.9009389E-02 8.3760031E-02 7.8131758E-02 7.7033609E-02 8.5153401E-02 9.1768317E-02 0.1035159 0.1035159 0.1105668 0.1089923 9.5591739E-02 9.5402636E-02 9.0224370E-02 9.0305269E-02 8.5289761E-02 7.7515312E-02 0.0000000E+00 0.0000000E+00 0.0000000E+00 0.0000000E+00 0.0000000E+00 0.0000000E+00 7.4547812E-02 8.0763161E-02 8.0763161E-02 8.0763161E-02 7.5334392E-02 0.0000000E+00 0.0000000E+00 0.0000000E+00 7.5335734E-02
0.1076594 0.1084459 9.7490475E-02 9.2300422E-02 9.2300422E-02 9.2300422E-02 9.2300422E-02 9.6861742E-02 9.6861742E-02 9.9457659E-02 0.1141929 0.1497535 0.1845967 0.1877265 0.1523375 0.1113761 8.9922227E-02 8.6089641E-02 8.6090684E-02 8.9730501E-02 8.9586675E-02 8.6777002E-02 7.2400495E-02 0.0000000E+00 0.0000000E+00 0.0000000E+00 8.1881069E-02 0.1065789 0.1035159 0.1089923 0.1089923 0.1017377 0.1017377 0.1017377 9.6175268E-02 9.0299331E-02 8.2587436E-02 0.0000000E+00 0.0000000E+00 0.0000000E+00 0.0000000E+00 0.0000000E+00 0.0000000E+00 8.0084428E-02 8.0763161E-02 8.0763161E-02 8.0763161E-02 8.0763161E-02 7.2489694E-02 0.0000000E+00 0.0000000E+00 0.0000000E+00
9.7480036E-02 0.1009409 0.1084459 9.2300422E-02 9.2300422E-02 9.2300422E-02 0.1012080 0.1012080 0.1012080 0.1012280 0.1045566 0.1225293 0.1390836 0.1402326 0.1204486 0.1019507 9.2607208E-02 9.7589605E-02 0.1011643 0.1051421 9.9522278E-02 7.8872085E-02 0.0000000E+00 0.0000000E+00 0.0000000E+00 0.0000000E+00 0.0000000E+00 0.1017213 0.1069605 0.1089923 0.1089923 0.1017377 0.1017377 0.1017377 9.5591739E-02 9.0305269E-02 8.6928777E-02 0.0000000E+00 0.0000000E+00 0.0000000E+00 0.0000000E+00 0.0000000E+00 8.0047086E-02 8.0758363E-02 8.0763161E-02 8.0763161E-02 9.0142079E-02 9.0142079E-02 9.0142079E-02 0.0000000E+00 0.0000000E+00 8.3600260E-02
9.5030949E-02 0.1009409 0.1009409 0.1128795 9.6861742E-02 0.1012080 0.1012080 0.1012080 0.1012080 0.1012080 9.6516848E-02 0.1013227 0.1070019 0.1073995 9.7742341E-02 9.2648678E-02 9.8747648E-02 0.1105463 0.1199295 0.1208057 0.1117571 8.6101942E-02 0.0000000E+00 0.0000000E+00 0.0000000E+00 0.0000000E+00 0.0000000E+00 9.8387018E-02 0.1069605 0.1017377 0.1089923 0.1017377 0.1017377 9.5591739E-02 9.5591739E-02 9.0305269E-02 8.7888762E-02 7.8891538E-02 0.0000000E+00 0.0000000E+00 0.0000000E+00 7.8996554E-02 8.5224211E-02 8.7905794E-02 9.0142079E-02 9.0142079E-02 9.0142079E-02 9.0142079E-02 8.3177499E-02 7.7985384E-02 0.0000000E+00 8.3600260E-02
0.1027122 0.1067229 0.1053869 0.1053869 0.1108966 0.1012080 0.1022700 0.1044567 0.1046156 0.1025414 9.6339181E-02 9.6339181E-02 9.6339181E-02 9.2040084E-02 9.2040084E-02 9.4668776E-02 0.1085537 0.1301385 0.1497305 0.1483846 0.1297338 9.7892761E-02 0.0000000E+00 0.0000000E+00 0.0000000E+00 0.0000000E+00 7.7053800E-02 0.1012519 0.1069605 0.1069605 0.1089923 0.1089923 9.3525909E-02 9.3525909E-02 9.3525909E-02 9.3525909E-02 8.2966432E-02 8.2966432E-02 7.6714180E-02 8.0200911E-02 8.8723138E-02 9.6085608E-02 0.1017377 8.7905794E-02 9.0142079E-02 9.0142079E-02 9.0142079E-02 8.5420601E-02 8.3177499E-02 7.7985384E-02 8.3177499E-02 8.8860817E-02
9.2498057E-02 9.8240383E-02 0.1057571 0.1067229 0.1041224 0.1138653 0.1126568 0.1200114 0.1204939 0.1136962 0.1002248 9.6339181E-02 9.2040084E-02 9.2040084E-02 9.2040084E-02 9.6680745E-02 0.1145971 0.1434591 0.1796474 0.1759321 0.1401621 0.1134361 8.3534308E-02 0.0000000E+00 0.0000000E+00 7.6805837E-02 9.2125773E-02 0.1093986 0.1053199 0.1053199 0.1072470 0.1072470 9.3525909E-02 9.3525909E-02 9.3525909E-02 9.3525909E-02 8.2966432E-02 8.7947652E-02 9.2683323E-02 9.0264201E-02 9.6175268E-02 9.6175268E-02 0.1017377 8.7905794E-02 8.7905794E-02 9.0142079E-02 8.5420601E-02 8.3177499E-02 8.8170603E-02 8.3177499E-02 8.5420601E-02 7.7985384E-02
