data/rasters/precip/precipitation_20000103.ASC
NCOLS                  300
NROWS                  325
XLLCORNER       0.0000000E+00
YLLCORNER        300000.0
CELLSIZE         1000.000
NODATA_VALUE    0.0000000E+00
[rows 175 to 199 of 325, columns 57 to 113 of 300]
0.0000000E+00 0.0000000E+00 0.0000000E+00 0.0000000E+00 0.0000000E+00 0.0000000E+00 0.0000000E+00 0.0000000E+00 0.0000000E+00 11.63492 11.61794 11.58642 11.54006 11.47886 11.47947 11.35042 11.23736 11.10788 10.97001 10.82363 10.66772 10.52287 10.36626 10.18290 9.994564 9.811296 9.631930 9.484003 9.399677 9.383131 9.408198 9.446651 9.465502 9.528931 9.547033 9.552624 9.548039 9.534879 9.504282 9.423495 9.373929 9.291656 9.213401 9.085666 8.934543 8.740971 8.543311 8.322422 8.080674 7.820373 7.567246 7.343296 7.173307 7.069719 7.011927 6.971787 6.937242
0.0000000E+00 0.0000000E+00 0.0000000E+00 11.69068 11.74109 11.60449 11.66470 11.74731 11.68134 11.65292 11.63384 11.59870 11.54698 11.47859 11.37945 11.31358 11.19181 11.05339 10.90623 10.75018 10.58490 10.42829 10.26077 10.06299 9.854427 9.638664 9.421394 9.234469 9.137866 9.158618 9.223220 9.288118 9.329679 9.390905 9.413750 9.428091 9.428720 9.422369 9.401923 9.366815 9.312849 9.236134 9.121078 8.996981 8.840214 8.655527 8.442534 8.201510 7.927639 7.641917 7.346917 7.097892 6.949702 6.904274 6.906773 6.921435 6.942270
0.0000000E+00 11.72845 11.79278 11.84737 11.89056 11.75871 11.78409 11.81124 11.83498 11.75867 11.70630 11.65695 11.59137 11.49890 11.39939 11.29190 11.15474 11.00915 10.85505 10.69230 10.52052 10.35921 10.18521 9.980214 9.761887 9.529490 9.281889 9.027140 8.891504 9.000285 9.104661 9.181230 9.242559 9.277637 9.321322 9.328898 9.328705 9.328653 9.317820 9.293175 9.247934 9.177465 9.078657 8.969831 8.795060 8.603765 8.381473 8.118252 7.836746 7.528265 7.199532 6.879701 6.738828 6.798710 6.868690 6.930022 6.975869
0.0000000E+00 11.70866 11.77936 11.83986 11.72646 11.76993 11.79879 11.82534 11.82027 11.77676 11.72612 11.67323 11.60284 11.50640 11.40266 11.28189 11.14933 10.99111 10.83331 10.65015 10.47590 10.31379 10.14346 9.938643 9.723665 9.493211 9.256648 9.024030 8.908411 8.983837 9.077615 9.149106 9.208447 9.240198 9.269406 9.263371 9.258638 9.263649 9.265983 9.254859 9.220242 9.156983 9.062421 8.954288 8.794019 8.601498 8.363039 8.100447 7.819074 7.508115 7.177951 6.836471 6.704650 6.818751 6.924243 7.004076 7.063577
11.58179 11.66329 11.73827 11.80439 11.73437 11.78359 11.81689 11.84376 11.83925 11.83092 11.75893 11.69349 11.61919 11.51866 11.40473 11.27618 11.13743 10.98973 10.80535 10.63971 10.46739 10.27083 10.13091 9.933141 9.731538 9.526463 9.329522 9.168654 9.083111 9.093058 9.145082 9.194858 9.232399 9.248162 9.240621 9.229905 9.215875 9.229265 9.251467 9.258642 9.235029 9.178666 9.088671 8.982365 8.825145 8.613029 8.395240 8.150965 7.883914 7.600662 7.319779 7.077251 6.963746 6.993232 7.070008 7.149718 7.213466
11.54088 11.63119 11.71518 11.64049 11.71239 11.77072 11.81261 11.86644 11.86301 11.83754 11.79920 11.72472 11.63521 11.53086 11.40652 11.27180 11.12873 10.97867 10.78701 10.61147 10.44563 10.27435 10.14689 9.962179 9.778315 9.607249 9.461241 9.337036 9.266458 9.252078 9.272822 9.299410 9.320118 9.322454 9.300695 9.252634 9.199844 9.239561 9.288466 9.305830 9.288311 9.235460 9.152935 9.045166 8.896044 8.693120 8.484842 8.255798 8.019127 7.771806 7.540202 7.357986 7.261416 7.253477 7.297556 7.361715 7.417443
11.49484 11.59483 11.68895 11.63337 11.71558 11.78342 11.83325 11.86913 11.87218 11.86440 11.81311 11.74232 11.64339 11.53238 11.39959 11.25918 11.11200 10.96015 10.80642 10.60751 10.44843 10.28868 10.17977 10.02040 9.881154 9.727311 9.604418 9.509974 9.452612 9.431746 9.433865 9.448167 9.457379 9.451682 9.425336 9.375980 9.322185 9.355285 9.402248 9.419135 9.401481 9.348640 9.260859 9.150958 8.991907 8.815533 8.618489 8.415265 8.197024 7.984029 7.793758 7.646092 7.560079 7.533710 7.553116 7.596594 7.650114
11.54495 11.64833 11.63034 11.69417 11.77985 11.85033 11.85606 11.89753 11.90363 11.88000 11.83807 11.74686 11.64570 11.51979 11.39111 11.24851 11.10222 10.95273 10.80238 10.65209 10.45904 10.31328 10.23460 10.10141 9.976027 9.862764 9.755872 9.685652 9.642469 9.624476 9.622296 9.629065 9.633154 9.627068 9.608313 9.576940 9.550182 9.562824 9.583617 9.587106 9.562055 9.504640 9.414194 9.302836 9.131281 8.964709 8.796377 8.600999 8.401768 8.216908 8.058331 7.934840 7.854695 7.821351 7.825230 7.856590 7.901649
11.48366 11.59780 11.59802 11.67725 11.77623 11.86002 11.92286 11.96325 11.96514 11.91546 11.84191 11.75123 11.64629 11.51883 11.36799 11.22271 11.08530 10.93973 10.79619 10.65559 10.47266 10.34254 10.24611 10.17572 10.07559 9.989133 9.941788 9.888944 9.832699 9.823971 9.825763 9.834036 9.839976 9.838571 9.828247 9.811991 9.798420 9.799497 9.809208 9.798486 9.763161 9.698061 9.602584 9.462126 9.312072 9.159341 8.981607 8.796387 8.626772 8.469455 8.326593 8.215519 8.141970 8.105066 8.103113 8.126715 8.165873
11.41281 11.42990 11.52905 11.65191 11.76571 11.86532 11.94358 11.97246 11.98412 11.95088 11.87576 11.76659 11.63504 11.49940 11.35595 11.19411 11.04908 10.91894 10.78413 10.65501 10.53230 10.39911 10.29550 10.25893 10.17288 10.11164 10.06714 10.06050 10.04712 10.02586 10.03779 10.05342 10.06565 10.07132 10.07016 10.06438 10.05676 10.05884 10.04409 10.04348 9.995988 9.921756 9.795529 9.668372 9.525252 9.354955 9.186231 9.014030 8.857202 8.714895 8.586125 8.485779 8.420626 8.385198 8.380127 8.400187 8.432931
11.21389 11.36483 11.47811 11.61419 11.74353 11.86130 11.93386 12.00752 12.02796 11.98854 11.89489 11.76326 11.61477 11.46123 11.31205 11.16817 11.01034 10.87689 10.75219 10.64665 10.56721 10.47167 10.34094 10.32485 10.26224 10.22501 10.20459 10.22244 10.22988 10.24862 10.25266 10.27985 10.30078 10.31372 10.31992 10.32196 10.32130 10.31594 10.31643 10.28275 10.25503 10.17161 10.03611 9.901858 9.741259 9.571363 9.405490 9.238517 9.090031 8.949626 8.831151 8.744270 8.680008 8.645359 8.638875 8.651805 8.691010
11.13714 11.19303 11.43101 11.57450 11.66850 11.81048 11.93878 12.03916 12.07627 12.02643 11.90231 11.73943 11.56679 11.39937 11.24429 11.10677 10.97414 10.83177 10.71967 10.64457 10.55645 10.47816 10.37677 10.37918 10.34848 10.32440 10.32743 10.34761 10.40064 10.44139 10.48309 10.50694 10.53714 10.55547 10.56604 10.57368 10.58053 10.58400 10.59073 10.56105 10.49771 10.42981 10.28710 10.13132 9.960358 9.783646 9.610104 9.457580 9.306437 9.173276 9.060310 8.973238 8.919248 8.885027 8.877216 8.907603 8.944717
10.95212 11.11406 11.25663 11.45684 11.61197 11.76680 11.91345 12.05333 12.12825 12.05715 11.88064 11.67815 11.48109 11.30289 11.14881 11.01534 10.90285 10.79156 10.69785 10.61559 10.54439 10.48326 10.39015 10.36079 10.40064 10.40823 10.43037 10.47437 10.55304 10.61993 10.68620 10.74354 10.76907 10.78765 10.79751 10.80801 10.82324 10.84094 10.86251 10.84809 10.79262 10.66175 10.54270 10.36777 10.18121 9.996851 9.812227 9.648521 9.505606 9.377942 9.270050 9.186725 9.127820 9.099998 9.101953 9.113398 9.145841
10.85149 11.01688 11.12283 11.29037 11.50753 11.66676 11.83108 12.00256 12.16984 12.03523 11.79012 11.55802 11.34511 11.16326 11.02116 10.90332 10.80133 10.71949 10.67174 10.59951 10.51747 10.47432 10.44486 10.38619 10.44011 10.46512 10.51092 10.57028 10.66414 10.77762 10.87491 10.95293 10.98488 10.99461 10.99571 11.00410 11.02637 11.06177 11.10797 11.12709 11.08051 10.93611 10.74459 10.53603 10.36420 10.17776 9.999559 9.838398 9.695628 9.557547 9.455449 9.374934 9.316659 9.297876 9.282971 9.287881 9.288741
10.70384 10.86078 11.00878 11.16842 11.32929 11.51309 11.65937 11.80293 11.90223 11.80095 11.58675 11.36680 11.15953 10.98032 10.86844 10.77200 10.68939 10.64346 10.59511 10.55150 10.50346 10.44922 10.43569 10.39217 10.45591 10.49577 10.57048 10.64454 10.75138 10.89505 11.03493 11.14951 11.18114 11.15975 11.14274 11.14438 11.17066 11.22320 11.29797 11.37699 11.36200 11.18132 10.93759 10.69755 10.48139 10.31421 10.13756 9.981091 9.842875 9.728705 9.630192 9.551741 9.493191 9.448145 9.412767 9.409830 9.416982
10.53886 10.72192 10.88128 11.02491 11.15901 11.28426 11.41180 11.49471 11.51872 11.44315 11.29126 11.11583 10.94541 10.80272 10.70017 10.62164 10.55845 10.53376 10.49827 10.48224 10.46496 10.43341 10.43493 10.37833 10.43577 10.51757 10.58212 10.67090 10.78466 10.94830 11.13128 11.32744 11.31159 11.25261 11.21659 11.21061 11.23502 11.29340 11.39047 11.52993 11.63642 11.32901 11.04337 10.79255 10.57076 10.37711 10.20638 10.08844 9.959565 9.863403 9.773441 9.696578 9.636227 9.555254 9.528293 9.519489 9.519070
0.0000000E+00 10.59292 10.72511 10.85842 10.96265 11.04956 11.11611 11.15663 11.14156 11.06989 10.95508 10.82256 10.69705 10.59135 10.51216 10.45474 10.43600 10.41105 10.39502 10.39817 10.39460 10.39988 10.43204 10.45179 10.43670 10.49455 10.55828 10.64353 10.75723 10.90339 11.08945 11.25804 11.27632 11.23538 11.20370 11.19452 11.20972 11.25316 11.32856 11.42612 11.44761 11.25911 11.01933 10.79631 10.59623 10.41974 10.26689 10.14766 10.03183 9.931993 9.867571 9.776253 9.718196 9.663769 9.626673 9.593904 9.590207
10.29933 10.45103 10.57942 10.67680 10.75244 10.79836 10.81982 10.81239 10.77177 10.69611 10.60130 10.50314 10.41617 10.35016 10.30265 10.29235 10.28040 10.27774 10.28198 10.29167 10.31690 10.36886 10.39083 10.40836 10.40722 10.45070 10.52656 10.59203 10.66584 10.78817 10.93536 11.06050 11.11977 11.12646 11.11663 11.10491 11.10476 11.11599 11.13883 11.16277 11.14633 11.04574 10.89006 10.72172 10.56843 10.42192 10.29204 10.18010 10.08267 9.994140 9.910040 9.832707 9.762993 9.727831 9.680488 9.651259 9.630136
10.18779 10.33010 10.42464 10.50273 10.53618 10.54309 10.52253 10.47736 10.40943 10.32606 10.24239 10.16569 10.11600 10.08704 10.07802 10.10119 10.11619 10.13722 10.16232 10.22868 10.25724 10.30304 10.33435 10.35602 10.35585 10.39396 10.45828 10.49018 10.54169 10.62301 10.74465 10.86001 10.93786 10.97285 10.97955 10.96619 10.94853 10.92237 10.88509 10.85230 10.83949 10.79855 10.71098 10.59921 10.48014 10.36580 10.26237 10.17374 10.09536 10.02777 9.958178 9.880013 9.804148 9.741175 9.703457 9.669235 9.646016
10.09671 10.22672 10.29435 10.33431 10.32664 10.29142 10.23180 10.15223 10.05650 9.954768 9.869461 9.821634 9.814384 9.818467 9.843689 9.905752 9.948627 9.993728 10.08092 10.13025 10.17452 10.23440 10.27479 10.32372 10.31334 10.34459 10.36921 10.39400 10.39749 10.42019 10.55080 10.67615 10.76294 10.80880 10.82137 10.80873 10.77005 10.71614 10.63193 10.51723 10.56083 10.55887 10.51295 10.44156 10.35738 10.27257 10.19262 10.12563 10.07171 10.03111 9.980619 9.893108 9.812682 9.744133 9.693088 9.672050 9.646672
10.03246 10.14450 10.17557 10.15735 10.11882 10.04411 9.951106 9.840658 9.719056 9.592394 9.488755 9.464520 9.508201 9.568602 9.656222 9.729429 9.783600 9.908201 9.980721 10.04919 10.10954 10.16691 10.23209 10.27354 10.28535 10.29356 10.31154 10.31567 10.31143 10.30745 10.42709 10.54040 10.61816 10.65287 10.66315 10.64531 10.59493 10.53148 10.44672 10.37735 10.36000 10.34727 10.31927 10.27153 10.21187 10.14929 10.09219 10.03978 10.00215 9.975784 9.935668 9.857254 9.781077 9.719991 9.671545 9.634667 9.608030
10.00670 10.08718 10.06426 9.992820 9.896654 9.799166 9.679393 9.550572 9.411055 9.265284 9.115202 9.128420 9.232207 9.332561 9.475306 9.579400 9.700046 9.806802 9.901711 9.989686 10.06519 10.10390 10.18060 10.22940 10.24624 10.25519 10.27453 10.29444 10.30287 10.31838 10.38254 10.44842 10.50330 10.53106 10.53566 10.50938 10.45603 10.37808 10.30695 10.24444 10.20247 10.17001 10.13917 10.09394 10.04994 10.00568 9.957840 9.922128 9.892503 9.866632 9.828789 9.776119 9.717031 9.666644 9.625047 9.592565 9.568722
10.02810 10.04049 9.938329 9.810766 9.675888 9.539588 9.414806 9.279105 9.142159 9.012824 8.910810 8.920204 9.035932 9.156092 9.294480 9.436649 9.560966 9.678132 9.798037 9.902389 9.992612 10.07576 10.16412 10.21976 10.24041 10.27077 10.27114 10.28222 10.29064 10.32162 10.36565 10.40291 10.41998 10.42699 10.41137 10.37394 10.31805 10.23992 10.16062 10.09596 10.04071 9.993214 9.954739 9.921395 9.885482 9.852112 9.812303 9.779593 9.756516 9.732901 9.706656 9.668818 9.627425 9.589947 9.557673 9.531789 9.512546
10.09436 9.923893 9.754864 9.588753 9.431110 9.281477 9.151052 9.020820 8.904111 8.807286 8.765994 8.785336 8.872285 9.002625 9.136116 9.293201 9.433146 9.568845 9.702004 9.823534 9.928179 10.02420 10.10625 10.19011 10.21928 10.25685 10.28090 10.28498 10.29723 10.30954 10.35057 10.36106 10.35120 10.33434 10.30071 10.24938 10.18341 10.09671 10.01910 9.946389 9.874486 9.807927 9.768575 9.730057 9.704065 9.660832 9.645350 9.627065 9.611091 9.594836 9.571447 9.548692 9.521210 9.496345 9.474220 9.456115 9.442611
9.664680 9.623268 9.478954 9.315371 9.155926 9.006604 8.871642 8.764213 8.677963 8.616278 8.601470 8.639148 8.718225 8.854159 9.011744 9.163624 9.317333 9.468212 9.612697 9.752234 9.875479 9.981665 10.07506 10.16964 10.20751 10.25697 10.28681 10.28911 10.30113 10.30637 10.31635 10.32601 10.30473 10.25455 10.20016 10.13251 10.05556 9.960288 9.864952 9.781068 9.695492 9.628525 9.579242 9.540689 9.495513 9.481214 9.466951 9.457346 9.450149 9.441036 9.432830 9.428842 9.404404 9.394784 9.379323 9.416819 9.412019
