data/rasters/precip/precipitation_20000107.ASC
NCOLS                  300
NROWS                  325
XLLCORNER       0.0000000E+00
YLLCORNER        300000.0
CELLSIZE         1000.000
NODATA_VALUE    0.0000000E+00
[rows 96 to 119 of 325, columns 159 to 211 of 300]
0.8158585 0.7932640 0.7716559 0.7502320 0.7280584 0.7036350 0.6788465 0.6565672 0.6185842 0.5959432 0.5760098 0.5590799 0.5453222 0.5342103 0.5262172 0.5210242 0.5188444 0.5179850 0.5186791 0.5178397 0.5216154 0.5257836 0.5298731 0.5333205 0.5333594 0.5299538 0.5220174 0.5096681 0.4944399 0.4778478 0.4605688 0.4445758 0.4271139 0.4084868 0.3966395 0.3908798 0.3879673 0.3849999 0.3808676 0.3757234 0.3704630 0.3670405 0.3681268 0.3731344 0.3812549 0.3897428 0.3980314 0.4053524 0.4115854 0.4276922 0.4326380 0.4372179 0.4403007
0.7815407 0.7570181 0.7328224 0.7091079 0.6848177 0.6587557 0.6361849 0.6092920 0.5850458 0.5627671 0.5305399 0.5142831 0.5017520 0.4921929 0.4857022 0.4815793 0.4790022 0.4777215 0.4760030 0.4718605 0.4700386 0.4676927 0.4645694 0.4598853 0.4525759 0.4422801 0.4301225 0.4171062 0.4050617 0.3941718 0.3838655 0.3740643 0.3618132 0.3481690 0.3392045 0.3432249 0.3482130 0.3503425 0.3498315 0.3466724 0.3394045 0.3355579 0.3411547 0.3601191 0.3756419 0.3849089 0.3975562 0.4083126 0.4175362 0.4250586 0.4312859 0.4361390 0.4414129
0.7481082 0.7223464 0.6969665 0.6699749 0.6436963 0.6195103 0.5919626 0.5637628 0.5385664 0.5156662 0.4963864 0.4811172 0.4582759 0.4504460 0.4458483 0.4433130 0.4415317 0.4392870 0.4354346 0.4288772 0.4219195 0.4137852 0.4049325 0.3941326 0.3808717 0.3650944 0.3484977 0.3344824 0.3249060 0.3195502 0.3169388 0.3132380 0.3073547 0.2984864 0.2921988 0.3034461 0.3126092 0.3182102 0.3204598 0.3194912 0.3149437 0.3069958 0.3198911 0.3416909 0.3616002 0.3792018 0.3903429 0.4033780 0.4144910 0.4236918 0.4307967 0.4375473 0.4414508
0.7164420 0.6887119 0.6618713 0.6330702 0.6050978 0.5800678 0.5508245 0.5208583 0.4941809 0.4704285 0.4499040 0.4345031 0.4240508 0.4183757 0.4073990 0.4073013 0.4071850 0.4047784 0.3999246 0.3910469 0.3790054 0.3651025 0.3521471 0.3379155 0.3200500 0.2986773 0.2772996 0.2609418 0.2537224 0.2545739 0.2593442 0.2632499 0.2650324 0.2652662 0.2680688 0.2765598 0.2870631 0.2941400 0.2982845 0.2999104 0.2992196 0.2991518 0.3112222 0.3319502 0.3528869 0.3720946 0.3896793 0.4062864 0.4129847 0.4233936 0.4315722 0.4386310 0.4426716
0.6934612 0.6666111 0.6368960 0.5982947 0.5733776 0.5424660 0.5117178 0.4800873 0.4520895 0.4262151 0.4043138 0.3884001 0.3790575 0.3761000 0.3777252 0.3812699 0.3836624 0.3764674 0.3710961 0.3604040 0.3438044 0.3229753 0.3092666 0.2935609 0.2718152 0.2450396 0.2169500 0.1957409 0.1912640 0.2004407 0.2127545 0.2240373 0.2325957 0.2396055 0.2483101 0.2575067 0.2672679 0.2751844 0.2815417 0.2866186 0.2914029 0.2980739 0.3104576 0.3285888 0.3484398 0.3682393 0.3867742 0.4045322 0.4191445 0.4312915 0.4416549 0.4408605 0.4446663
0.6648334 0.6344997 0.6045032 0.5784648 0.5462404 0.5142289 0.4816801 0.4478864 0.4173405 0.3844911 0.3602384 0.3428634 0.3374190 0.3381249 0.3449243 0.3533275 0.3587469 0.3604274 0.3558854 0.3441921 0.3241722 0.2987862 0.2824204 0.2634880 0.2383399 0.2066138 0.1710148 0.1386222 0.1401789 0.1606800 0.1800202 0.1959757 0.2088665 0.2197870 0.2300498 0.2414885 0.2507228 0.2603863 0.2682937 0.2762430 0.2850720 0.2955402 0.3091235 0.3266089 0.3458277 0.3656547 0.3847503 0.4058657 0.4227094 0.4360195 0.4482092 0.4556486 0.4603105
0.6352838 0.6042421 0.5784856 0.5478331 0.5149276 0.4821009 0.4467064 0.4139369 0.3813010 0.3498913 0.3215072 0.3003380 0.2922170 0.2988613 0.3133743 0.3279218 0.3394608 0.3449281 0.3428252 0.3333725 0.3158933 0.2938205 0.2717876 0.2489145 0.2202703 0.1867793 0.1497232 0.1134797 0.1168987 0.1397398 0.1600923 0.1773042 0.1917930 0.2038306 0.2153723 0.2264949 0.2373668 0.2478586 0.2588037 0.2684998 0.2796935 0.2925919 0.3074130 0.3250958 0.3473021 0.3679303 0.3881835 0.4071233 0.4249112 0.4391151 0.4499719 0.4573724 0.4614587
0.6072763 0.5777627 0.5501071 0.5200801 0.4869809 0.4538881 0.4182420 0.3850147 0.3514207 0.3179487 0.2853932 0.2572467 0.2473523 0.2645993 0.2889949 0.3115085 0.3285304 0.3381054 0.3390177 0.3321604 0.3162517 0.2946672 0.2717741 0.2445625 0.2146989 0.1828703 0.1518736 0.1300036 0.1263696 0.1376169 0.1526998 0.1669570 0.1804809 0.1928423 0.2044722 0.2157357 0.2268579 0.2378915 0.2491808 0.2607351 0.2740173 0.2885646 0.3065698 0.3255841 0.3461934 0.3676199 0.3889160 0.4090640 0.4279978 0.4430824 0.4543526 0.4616006 0.4649955
0.5828615 0.5558954 0.5242645 0.4951873 0.4624051 0.4296894 0.3946214 0.3620594 0.3290941 0.2958592 0.2621599 0.2277959 0.2083295 0.2444664 0.2771704 0.3051429 0.3267165 0.3400733 0.3437685 0.3387878 0.3233696 0.3027246 0.2767375 0.2484254 0.2186987 0.1891113 0.1648237 0.1466719 0.1406711 0.1437972 0.1526239 0.1633481 0.1744262 0.1853677 0.1962139 0.2069845 0.2178223 0.2290553 0.2408394 0.2538821 0.2690623 0.2851278 0.3024820 0.3224100 0.3439855 0.3665953 0.3893526 0.4111418 0.4316998 0.4478446 0.4595888 0.4666085 0.4688894
0.5582815 0.5318794 0.5007690 0.4730129 0.4410095 0.4068253 0.3758094 0.3448772 0.3143156 0.2845047 0.2561075 0.2322651 0.2267099 0.2488499 0.2795037 0.3091280 0.3338585 0.3505828 0.3566832 0.3525241 0.3362448 0.3142744 0.2864277 0.2567516 0.2275311 0.2026336 0.1794165 0.1614091 0.1529016 0.1525356 0.1564855 0.1632531 0.1714356 0.1803362 0.1896974 0.1994823 0.2097697 0.2207105 0.2325126 0.2478752 0.2618315 0.2784762 0.2962406 0.3173242 0.3399915 0.3640749 0.3887379 0.4127435 0.4354325 0.4531963 0.4655551 0.4720168 0.4728096
0.5399455 0.5097770 0.4794473 0.4532778 0.4223935 0.3895025 0.3605848 0.3322389 0.3054188 0.2809380 0.2601904 0.2470644 0.2478454 0.2645508 0.2911675 0.3208128 0.3483353 0.3688401 0.3774582 0.3729178 0.3557682 0.3291699 0.2986926 0.2706147 0.2407072 0.2144409 0.1916580 0.1754042 0.1656244 0.1597848 0.1610374 0.1644084 0.1697653 0.1764404 0.1840935 0.1925381 0.2020259 0.2139576 0.2261595 0.2392295 0.2531662 0.2698042 0.2880834 0.3094998 0.3334933 0.3591880 0.3861568 0.4131806 0.4387718 0.4589150 0.4721237 0.4776262 0.4801123
0.5349525 0.4894502 0.4600602 0.4356081 0.4030809 0.3748147 0.3479255 0.3225700 0.2995901 0.2800686 0.2658120 0.2593521 0.2637646 0.2796925 0.3048541 0.3353843 0.3668467 0.3932024 0.4069600 0.3993086 0.3769492 0.3451163 0.3143434 0.2809006 0.2499966 0.2234555 0.2017076 0.1856312 0.1744979 0.1682280 0.1659565 0.1671458 0.1683166 0.1728366 0.1786613 0.1858410 0.1953711 0.2051553 0.2167165 0.2292697 0.2436843 0.2593232 0.2772266 0.2990705 0.3235092 0.3507203 0.3803792 0.4110198 0.4402209 0.4647151 0.4821886 0.4859977 0.4872279
0.5165294 0.4862451 0.4423438 0.4195994 0.3884091 0.3615562 0.3365895 0.3138480 0.2941703 0.2786878 0.2689006 0.2664438 0.2732197 0.2896057 0.3148386 0.3471232 0.3838356 0.4198917 0.4420942 0.4312763 0.3970596 0.3611006 0.3234276 0.2882124 0.2573214 0.2308588 0.2091536 0.1927244 0.1805045 0.1725167 0.1681147 0.1667584 0.1679844 0.1707554 0.1749601 0.1818435 0.1868433 0.1955286 0.2062284 0.2179540 0.2314505 0.2463331 0.2636616 0.2848570 0.3096239 0.3406866 0.3723367 0.4070808 0.4420227 0.4723624 0.4886622 0.4889012 0.4832442
0.4931289 0.4699611 0.4381575 0.4070606 0.3742287 0.3491262 0.3258165 0.3050479 0.2877171 0.2748580 0.2674698 0.2673864 0.2753726 0.2919862 0.3171219 0.3502363 0.3905294 0.4369522 0.4827811 0.4565403 0.4094718 0.3660405 0.3262717 0.2912348 0.2606349 0.2345643 0.2130456 0.1959708 0.1835602 0.1743324 0.1683241 0.1650107 0.1639585 0.1648664 0.1685993 0.1732387 0.1794648 0.1873166 0.1970040 0.2077776 0.2201449 0.2337357 0.2497849 0.2697125 0.2932483 0.3213703 0.3541319 0.3919877 0.4340919 0.4748099 0.4948540 0.4894840 0.4720512
0.4759391 0.4484924 0.4259257 0.3942795 0.3674351 0.3370945 0.3148619 0.2952580 0.2791856 0.2675405 0.2612393 0.2618281 0.2698449 0.2857731 0.3096305 0.3409781 0.3789814 0.4221613 0.4555146 0.4394448 0.3989362 0.3584261 0.3213546 0.2881712 0.2590161 0.2341250 0.2132553 0.1962736 0.1829983 0.1733695 0.1661787 0.1614071 0.1587367 0.1584462 0.1598421 0.1635569 0.1686218 0.1752206 0.1837128 0.1930632 0.2039453 0.2164604 0.2299239 0.2477690 0.2692847 0.2953744 0.3271073 0.3654165 0.4111879 0.4652412 0.4957127 0.4703790 0.4507687
0.4710143 0.4341761 0.4027033 0.3837977 0.3555189 0.3309118 0.3033932 0.2841421 0.2682830 0.2566743 0.2500747 0.2500488 0.2570345 0.2713697 0.2927725 0.3217980 0.3529360 0.3833261 0.4027713 0.3968543 0.3715147 0.3406087 0.3092216 0.2796572 0.2528288 0.2294966 0.2095497 0.1930753 0.1798702 0.1695124 0.1617131 0.1558361 0.1525045 0.1497966 0.1500265 0.1522797 0.1565187 0.1623400 0.1697012 0.1776541 0.1866602 0.1968046 0.2080610 0.2229100 0.2411336 0.2633813 0.2913592 0.3254483 0.3660430 0.4111225 0.4343107 0.4254779 0.4129163
0.4578460 0.4161800 0.3917659 0.3721710 0.3454682 0.3192861 0.2963048 0.2720731 0.2553851 0.2426145 0.2345107 0.2327667 0.2382026 0.2510322 0.2701127 0.2936455 0.3185520 0.3414115 0.3562176 0.3546781 0.3390124 0.3168799 0.2918215 0.2667100 0.2428766 0.2213421 0.2025579 0.1865652 0.1737543 0.1634980 0.1552493 0.1491504 0.1441587 0.1399722 0.1385766 0.1399759 0.1437172 0.1488565 0.1552506 0.1615844 0.1685050 0.1759992 0.1842591 0.1954006 0.2093740 0.2270978 0.2494003 0.2766068 0.3094018 0.3395715 0.3585452 0.3645663 0.3623852
0.4375598 0.4079065 0.3801404 0.3544826 0.3347366 0.3097568 0.2816124 0.2606848 0.2390375 0.2241795 0.2145581 0.2107223 0.2140415 0.2249105 0.2419913 0.2626927 0.2847421 0.3029838 0.3163107 0.3168508 0.3073288 0.2916194 0.2720977 0.2509066 0.2298855 0.2099990 0.1925015 0.1776873 0.1655805 0.1558516 0.1478988 0.1411949 0.1344815 0.1288569 0.1257209 0.1267731 0.1307539 0.1356439 0.1410112 0.1457758 0.1504341 0.1550669 0.1599295 0.1668664 0.1760282 0.1882523 0.2042841 0.2266458 0.2499001 0.2723668 0.2898934 0.3022454 0.3086160
0.4264738 0.3993840 0.3667803 0.3414513 0.3217058 0.2968356 0.2729679 0.2490848 0.2251594 0.2071903 0.1936545 0.1857317 0.1862185 0.1959730 0.2126511 0.2323867 0.2534192 0.2696676 0.2822751 0.2848155 0.2788424 0.2676270 0.2520157 0.2339944 0.2151508 0.1969058 0.1804109 0.1666174 0.1555702 0.1469063 0.1397899 0.1330012 0.1257351 0.1178400 0.1115892 0.1137486 0.1189740 0.1237101 0.1279198 0.1308883 0.1331406 0.1348409 0.1361849 0.1386732 0.1428940 0.1495943 0.1624441 0.1763756 0.1936644 0.2117551 0.2298825 0.2449407 0.2568204
0.4167813 0.3925427 0.3601308 0.3347250 0.3096518 0.2891429 0.2641993 0.2400666 0.2153696 0.1912045 0.1726522 0.1590272 0.1558044 0.1663937 0.1850019 0.2071099 0.2267343 0.2447720 0.2545981 0.2583294 0.2554544 0.2463009 0.2333884 0.2176963 0.2003476 0.1828716 0.1667612 0.1534910 0.1438019 0.1370768 0.1316608 0.1260591 0.1192504 0.1107029 0.1013170 0.1053499 0.1105182 0.1142050 0.1167815 0.1177133 0.1173775 0.1162361 0.1140867 0.1124733 0.1119115 0.1156695 0.1204911 0.1293344 0.1433345 0.1593644 0.1774713 0.1944810 0.2099314
0.4108358 0.3881032 0.3546315 0.3292522 0.3040256 0.2830720 0.2574048 0.2321011 0.2066309 0.1812829 0.1557584 0.1341281 0.1239839 0.1400488 0.1627527 0.1868488 0.2059436 0.2231662 0.2328439 0.2370944 0.2360148 0.2282596 0.2171905 0.2028499 0.1863127 0.1688092 0.1520643 0.1386756 0.1307293 0.1270401 0.1243938 0.1209446 0.1158547 0.1097056 0.1046269 0.1040584 0.1062917 0.1076525 0.1080624 0.1067634 0.1040040 0.1000364 9.4680078E-02 8.9424931E-02 8.6092271E-02 8.2917988E-02 8.2968153E-02 8.8262133E-02 9.9527657E-02 0.1151546 0.1329979 0.1513901 0.1689563
0.4059755 0.3812210 0.3504170 0.3252230 0.3000858 0.2751792 0.2531808 0.2268787 0.2014917 0.1759692 0.1484763 0.1234064 0.1062543 0.1277020 0.1529145 0.1740345 0.1922718 0.2075116 0.2176481 0.2217259 0.2207565 0.2141297 0.2042819 0.1909426 0.1748184 0.1567090 0.1379291 0.1223350 0.1171602 0.1181581 0.1189546 0.1179601 0.1148952 0.1109359 0.1072780 0.1051659 0.1041401 0.1036933 0.1017929 9.8279215E-02 9.3265146E-02 8.6823829E-02 8.0184005E-02 0.0000000E+00 0.0000000E+00 0.0000000E+00 0.0000000E+00 0.0000000E+00 0.0000000E+00 7.9144299E-02 9.7282559E-02 0.1162643 0.1347613
0.4022224 0.3779199 0.3518008 0.3227074 0.2979313 0.2733991 0.2517205 0.2260287 0.2013982 0.1771885 0.1540294 0.1336685 0.1255531 0.1350496 0.1525045 0.1695879 0.1849419 0.1986142 0.2065570 0.2100054 0.2092679 0.2033955 0.1945620 0.1822630 0.1669252 0.1489402 0.1286363 0.1064508 0.1072621 0.1133719 0.1166315 0.1173179 0.1156019 0.1124540 0.1092782 0.1062850 0.1034442 0.1002326 9.6999153E-02 9.1625154E-02 8.5660733E-02 7.7364340E-02 0.0000000E+00 0.0000000E+00 0.0000000E+00 0.0000000E+00 0.0000000E+00 0.0000000E+00 0.0000000E+00 0.0000000E+00 0.0000000E+00 8.9287370E-02 0.1074810
0.4014368 0.3757378 0.3501379 0.3216462 0.2974761 0.2736733 0.2519974 0.2283971 0.2054743 0.1837795 0.1644191 0.1501941 0.1426362 0.1481455 0.1590888 0.1701562 0.1823842 0.1931289 0.1995209 0.2024390 0.2015029 0.1962016 0.1883483 0.1773302 0.1635168 0.1472599 0.1298221 0.1147813 0.1120799 0.1155859 0.1183877 0.1192994 0.1179546 0.1156090 0.1124669 0.1082710 0.1041965 9.9476285E-02 9.4345331E-02 8.8322371E-02 8.0108173E-02 0.0000000E+00 0.0000000E+00 0.0000000E+00 0.0000000E+00 0.0000000E+00 0.0000000E+00 0.0000000E+00 0.0000000E+00 0.0000000E+00 0.0000000E+00 0.0000000E+00 8.7070271E-02
