data/rasters/precip/precipitation_20000108.ASC
NCOLS                  300
NROWS                  325
XLLCORNER       0.0000000E+00
YLLCORNER        300000.0
CELLSIZE         1000.000
NODATA_VALUE    0.0000000E+00
[rows 120 to 143 of 325, columns 165 to 219 of 300]
1.328132 1.312185 1.308888 1.309059 1.306544 1.306271 1.292607 1.302125 1.313272 1.323050 1.326484 1.321419 1.309266 1.296358 1.278470 1.254941 1.223712 1.191460 1.160400 1.128697 1.100566 1.086476 1.095427 1.123093 1.156469 1.188011 1.214275 1.233596 1.245498 1.248465 1.248244 1.234184 1.220996 1.196637 1.171018 1.142890 1.109659 1.075470 1.036011 0.9924031 0.9448870 0.9276531 0.9414607 0.9570193 0.9698744 0.9807895 0.9925654 1.001431 1.006385 1.013443 1.019446 1.025878 1.028351 1.028107 1.024384
1.323521 1.311440 1.315776 1.317255 1.319945 1.305119 1.310803 1.320190 1.330857 1.337684 1.338782 1.331349 1.321856 1.307149 1.287742 1.259820 1.223804 1.196365 1.168582 1.142669 1.122337 1.113705 1.118324 1.135136 1.158106 1.185303 1.206313 1.222611 1.232844 1.237382 1.234674 1.230065 1.216534 1.192569 1.171221 1.146147 1.116964 1.087477 1.050330 1.018825 0.9837032 0.9752126 0.9827201 0.9831989 0.9952179 1.007452 1.016899 1.023304 1.030661 1.035956 1.040965 1.044403 1.047561 1.047609 1.042986
1.319252 1.311598 1.316231 1.322489 1.307488 1.318787 1.329908 1.337003 1.349610 1.352312 1.351890 1.343866 1.332312 1.310847 1.289672 1.265164 1.238554 1.205702 1.179740 1.157332 1.140934 1.134282 1.136483 1.147360 1.163583 1.181501 1.197973 1.211421 1.220388 1.225123 1.227634 1.221351 1.210476 1.192365 1.174337 1.148721 1.120413 1.094705 1.070921 1.048518 1.026113 1.015500 1.018263 1.026965 1.022101 1.031053 1.039042 1.046667 1.053266 1.057620 1.061467 1.063491 1.063679 1.064320 1.056701
1.303764 1.294594 1.277728 1.292751 1.308318 1.323663 1.337983 1.349578 1.359312 1.363786 1.368330 1.357324 1.340514 1.321213 1.297568 1.270990 1.243042 1.209909 1.184909 1.163997 1.150690 1.143668 1.144499 1.152032 1.164033 1.177938 1.191221 1.202599 1.210641 1.215537 1.219143 1.214530 1.205822 1.193523 1.168639 1.150569 1.126603 1.108293 1.090596 1.072491 1.057601 1.048611 1.050062 1.058278 1.065563 1.053635 1.061118 1.069466 1.075245 1.078570 1.081100 1.081565 1.081816 1.076717 1.070179
1.287322 1.275320 1.276346 1.295812 1.314316 1.333408 1.353518 1.367411 1.377211 1.382811 1.381452 1.365837 1.349391 1.326805 1.305936 1.276255 1.245745 1.216378 1.185173 1.164544 1.151905 1.145182 1.145698 1.151898 1.161892 1.173664 1.185145 1.195356 1.202972 1.212086 1.212710 1.209446 1.202482 1.185055 1.166277 1.152424 1.137661 1.120131 1.107317 1.094078 1.082970 1.075622 1.079550 1.083363 1.090266 1.097940 1.083791 1.090097 1.095148 1.098910 1.099995 1.097630 1.093928 1.091881 1.085356
1.244735 1.262233 1.277190 1.295116 1.319229 1.342567 1.366096 1.385339 1.395830 1.403636 1.399222 1.388663 1.366699 1.339865 1.308419 1.274537 1.241642 1.212933 1.179594 1.157714 1.145077 1.144625 1.146007 1.152952 1.163112 1.174694 1.185687 1.195871 1.207531 1.213867 1.215408 1.205886 1.200332 1.189011 1.173863 1.155643 1.143408 1.132267 1.117223 1.110878 1.103004 1.098701 1.101297 1.106146 1.112473 1.119434 1.126212 1.111373 1.115937 1.114338 1.115095 1.117395 1.111533 1.103548 1.094129
1.218071 1.245206 1.268551 1.298248 1.321701 1.350965 1.377549 1.400092 1.412074 1.422944 1.423917 1.411439 1.385220 1.352883 1.316025 1.276934 1.237484 1.204796 1.172621 1.147379 1.134434 1.131162 1.135612 1.144745 1.156264 1.168147 1.180087 1.193786 1.202496 1.209689 1.205182 1.204388 1.197388 1.189387 1.177160 1.163118 1.151542 1.142203 1.127955 1.124829 1.125041 1.124847 1.120247 1.125583 1.131904 1.138643 1.145127 1.149182 1.152799 1.138394 1.136632 1.132334 1.124042 1.113821 1.102623
1.188565 1.226529 1.259520 1.294804 1.327692 1.360008 1.385385 1.411580 1.429646 1.447275 1.452003 1.435892 1.403189 1.364213 1.321610 1.281690 1.236208 1.191586 1.151491 1.119026 1.109027 1.110202 1.120554 1.133438 1.147354 1.161195 1.177802 1.188515 1.198425 1.199262 1.201844 1.202353 1.198766 1.189456 1.178310 1.162467 1.150078 1.139557 1.139089 1.141014 1.136669 1.139080 1.135839 1.141863 1.146849 1.153673 1.160246 1.165795 1.171522 1.171582 1.168558 1.144466 1.134638 1.121984 1.108927
1.161807 1.210575 1.252556 1.291360 1.329322 1.362007 1.393622 1.415335 1.441706 1.466817 1.481619 1.458616 1.416824 1.374831 1.328093 1.279185 1.228213 1.175850 1.125178 1.086587 1.073815 1.083793 1.103069 1.120337 1.139574 1.155292 1.169970 1.182752 1.185428 1.194706 1.201580 1.203722 1.201183 1.192585 1.179934 1.163578 1.146181 1.136468 1.137334 1.144966 1.154256 1.157890 1.156723 1.153571 1.160245 1.167069 1.176407 1.181805 1.185131 1.184926 1.179822 1.170546 1.158863 1.148533 1.112195
1.163334 1.208566 1.249644 1.287729 1.324352 1.358228 1.387272 1.416102 1.443136 1.469396 1.487729 1.462882 1.421254 1.374919 1.326513 1.275783 1.221678 1.163406 1.100612 1.040420 1.038965 1.063943 1.087268 1.112399 1.130598 1.145242 1.161089 1.169974 1.183896 1.195753 1.205135 1.209512 1.208507 1.199970 1.188474 1.165495 1.140336 1.124275 1.132430 1.148286 1.162354 1.171139 1.176556 1.173499 1.170380 1.179841 1.185834 1.191213 1.195022 1.194919 1.187491 1.175712 1.162169 1.147782 1.136140
1.187572 1.220896 1.252765 1.291044 1.323516 1.352466 1.381533 1.408177 1.432806 1.451088 1.459307 1.442759 1.407916 1.365726 1.322894 1.273380 1.220223 1.162300 1.099138 1.037049 1.035837 1.063025 1.083306 1.101826 1.118361 1.138081 1.154998 1.166131 1.182956 1.198237 1.211018 1.218560 1.223439 1.216074 1.199843 1.175641 1.140434 1.104662 1.134100 1.156829 1.172899 1.181783 1.186549 1.192430 1.189578 1.185574 1.190473 1.194965 1.198394 1.199451 1.188880 1.175516 1.160991 1.145887 1.126735
1.212496 1.236162 1.259705 1.292945 1.318281 1.346690 1.372384 1.395177 1.414796 1.429223 1.430957 1.417812 1.392015 1.356362 1.316220 1.271775 1.220165 1.171381 1.120731 1.081613 1.068831 1.076340 1.088936 1.092074 1.104030 1.118044 1.134463 1.154210 1.177871 1.198165 1.212051 1.224304 1.230283 1.225781 1.215547 1.200892 1.172032 1.151516 1.160236 1.175589 1.187629 1.193440 1.199040 1.201687 1.193911 1.196353 1.193595 1.188791 1.190982 1.188807 1.179267 1.165663 1.150477 1.134734 1.111723
1.231409 1.248772 1.265105 1.290497 1.313682 1.337957 1.359703 1.378389 1.397177 1.404588 1.404028 1.393163 1.373377 1.345277 1.310043 1.271102 1.230007 1.188971 1.148910 1.114158 1.097211 1.091515 1.091879 1.095058 1.098237 1.106896 1.125099 1.151298 1.177601 1.203672 1.226189 1.243590 1.252293 1.252014 1.245891 1.231127 1.211949 1.196580 1.191375 1.200905 1.200611 1.205503 1.209244 1.203297 1.199983 1.189331 1.189341 1.188620 1.179892 1.175243 1.166135 1.151034 1.136643 1.114168 1.098249
1.237848 1.250717 1.269622 1.284327 1.303569 1.326227 1.347053 1.364501 1.375213 1.380145 1.378948 1.370152 1.354107 1.331819 1.305260 1.274052 1.240209 1.198778 1.165654 1.138595 1.119426 1.107602 1.097532 1.090791 1.088676 1.091213 1.111423 1.143334 1.177051 1.210165 1.239212 1.261509 1.276587 1.284141 1.281873 1.268788 1.252217 1.235783 1.223494 1.215495 1.202448 1.211665 1.208559 1.205646 1.199012 1.184180 1.181489 1.178267 1.171684 1.156241 1.146889 1.135611 1.115143 1.100780 1.086031
1.252725 1.261995 1.275067 1.286138 1.300975 1.314204 1.332135 1.346328 1.354621 1.358251 1.355643 1.349038 1.337314 1.320843 1.300079 1.266197 1.239221 1.211295 1.184133 1.158358 1.137712 1.118715 1.100927 1.085170 1.068881 1.068788 1.092046 1.132294 1.177089 1.217907 1.252681 1.281871 1.303606 1.316277 1.317212 1.306493 1.286713 1.266737 1.248729 1.228448 1.211087 1.203840 1.195244 1.205153 1.199187 1.189450 1.166611 1.162053 1.156462 1.148844 1.128574 1.118173 1.098172 1.085370 1.072037
1.255092 1.254160 1.268541 1.277052 1.286542 1.299116 1.311998 1.322881 1.329918 1.332497 1.331387 1.327020 1.319792 1.300419 1.285624 1.265811 1.244803 1.222158 1.198927 1.176004 1.153580 1.131154 1.107336 1.080592 1.050199 1.032566 1.071649 1.126411 1.178032 1.226531 1.267524 1.302744 1.330344 1.348573 1.352044 1.338466 1.315924 1.287272 1.260623 1.239778 1.220950 1.207683 1.193146 1.182564 1.169131 1.174978 1.167217 1.146396 1.139365 1.130884 1.121914 1.090455 1.079834 1.068622 1.056911
1.254799 1.252298 1.253557 1.259839 1.266025 1.274524 1.286010 1.298264 1.304396 1.305938 1.304161 1.301955 1.294140 1.289497 1.281513 1.267509 1.250291 1.232240 1.212406 1.191384 1.170295 1.145639 1.119511 1.087199 1.052882 1.022320 1.072239 1.133597 1.188882 1.236208 1.281758 1.320536 1.352406 1.376485 1.384827 1.362103 1.329180 1.299226 1.271976 1.247424 1.221420 1.204956 1.184961 1.169218 1.157402 1.141676 1.133142 1.144547 1.120550 1.111385 1.094054 1.084724 1.060505 1.050950 1.041083
1.242823 1.242055 1.243935 1.246994 1.241399 1.242694 1.258271 1.273983 1.280390 1.278821 1.271027 1.270370 1.274492 1.277721 1.276749 1.270936 1.260722 1.242497 1.225770 1.206860 1.187105 1.163274 1.138617 1.110211 1.086385 1.079866 1.107202 1.153018 1.202111 1.249154 1.294015 1.331684 1.363453 1.386255 1.391357 1.365491 1.333434 1.302438 1.274005 1.247080 1.220168 1.193514 1.179622 1.159103 1.145172 1.131453 1.114581 1.105103 1.115924 1.081568 1.072564 1.063944 1.040295 1.032514 1.024731
1.238824 1.232445 1.236622 1.229259 1.219936 1.207193 1.237296 1.254568 1.259837 1.250911 1.238516 1.240698 1.256758 1.269090 1.274797 1.274289 1.268453 1.256235 1.242354 1.223090 1.204113 1.182668 1.156797 1.137444 1.123766 1.123247 1.141520 1.174783 1.214182 1.255955 1.296853 1.333737 1.360549 1.373010 1.370129 1.349961 1.321898 1.292627 1.267639 1.233572 1.209882 1.181302 1.166137 1.148746 1.134343 1.120167 1.099195 1.083151 1.064877 1.075732 1.049598 1.041780 1.034803 1.013262 1.007804
1.234246 1.226804 1.230669 1.227512 1.219967 1.217777 1.232438 1.243950 1.243802 1.234987 1.213789 1.220829 1.248563 1.266894 1.277172 1.280615 1.278242 1.268921 1.255406 1.240677 1.220867 1.203477 1.181350 1.164227 1.154744 1.154149 1.165259 1.187787 1.219177 1.253899 1.290163 1.323143 1.343001 1.348938 1.343018 1.326420 1.299726 1.273854 1.247627 1.217624 1.194196 1.170420 1.149231 1.131913 1.114804 1.099090 1.070979 1.058876 1.043973 1.028736 1.042063 1.017934 1.012490 1.014080 0.9954144
1.240152 1.233907 1.232081 1.226640 1.222685 1.227369 1.234528 1.237476 1.238963 1.234566 1.228041 1.235703 1.256153 1.271082 1.282698 1.288346 1.288369 1.283303 1.273850 1.258570 1.242663 1.223814 1.203742 1.187382 1.176798 1.172682 1.177677 1.191396 1.212387 1.239879 1.269685 1.299567 1.311714 1.313718 1.306951 1.293386 1.275058 1.253196 1.225821 1.203174 1.181162 1.150882 1.131824 1.111269 1.092885 1.067986 1.052121 1.032686 1.025794 1.015467 1.004471 1.015441 0.9941426 0.9922342 0.9766512
1.227860 1.230566 1.227916 1.224881 1.223808 1.230655 1.228384 1.232947 1.237514 1.239270 1.242255 1.250970 1.267511 1.282849 1.296996 1.304507 1.302533 1.299311 1.291279 1.279169 1.262485 1.241184 1.224841 1.204876 1.190768 1.182026 1.179372 1.183683 1.194691 1.211810 1.232267 1.252560 1.265672 1.268988 1.266050 1.255590 1.237953 1.224204 1.199843 1.179542 1.158905 1.137829 1.117425 1.094360 1.068536 1.049680 1.032048 1.009732 0.9960084 0.9850810 0.9773253 0.9728346 0.9858363 0.9846711 0.9710471
1.226733 1.223261 1.223529 1.221637 1.220196 1.215362 1.224455 1.228811 1.235973 1.243094 1.251094 1.262650 1.276909 1.294406 1.307248 1.316191 1.322227 1.320760 1.309783 1.298788 1.283290 1.259492 1.241417 1.220859 1.199220 1.183562 1.172217 1.165752 1.165807 1.172860 1.184478 1.199080 1.211085 1.219380 1.221059 1.213290 1.202356 1.187803 1.171834 1.153987 1.136453 1.106612 1.085912 1.065016 1.048996 1.022375 1.002690 0.9786340 0.9632007 0.9512822 0.9436021 0.9404138 0.9413810 0.9514895 0.9240542
1.217117 1.213384 1.213897 1.212601 1.213551 1.206557 1.216748 1.222292 1.232131 1.242913 1.254887 1.269508 1.285626 1.301844 1.319309 1.330425 1.336608 1.335979 1.332270 1.320986 1.301307 1.277542 1.254212 1.231891 1.206651 1.180251 1.157996 1.139220 1.126913 1.121378 1.127396 1.141229 1.155532 1.168676 1.175763 1.172984 1.172159 1.156139 1.144838 1.122264 1.104333 1.082288 1.061510 1.039806 1.022248 0.9937909 0.9714874 0.9444213 0.9270736 0.9134717 0.9055660 0.9038922 0.9018582 0.9102232 0.9016554
