data/rasters/precip/precipitation_20000104.ASC
NCOLS                  300
NROWS                  325
XLLCORNER       0.0000000E+00
YLLCORNER        300000.0
CELLSIZE         1000.000
NODATA_VALUE    0.0000000E+00
[rows 75 to 99 of 325, columns 114 to 170 of 300]
0.6075747 0.6014719 0.5972601 0.5939397 0.5910500 0.5889757 0.5868948 0.0000000E+00 0.5844885 0.5822903 0.5832260 0.5830813 0.5858008 0.5890251 0.5922704 0.5949239 0.6001095 0.6326469 0.6732444 0.7139533 0.7511125 0.7899434 0.8282567 0.8682098 0.9061434 0.9438943 0.9826626 1.020364 1.059385 1.097261 1.140804 1.192453 1.244624 1.296489 1.339984 1.378262 1.419829 1.460572 1.493376 1.526526 1.554945 1.566623 1.587053 1.604512 1.619517 1.628917 1.640622 1.641225 1.649807 1.657910 1.665670 1.664649 1.675343 1.688175 1.704163 1.724295 1.750916
0.6048409 0.5989242 0.5956907 0.5928282 0.5901335 0.5877233 0.5857280 0.5847344 0.5841087 0.5815275 0.5830147 0.5860026 0.5900258 0.5955543 0.6014732 0.6077201 0.6183761 0.6498721 0.6907822 0.7324876 0.7710757 0.8122247 0.8517246 0.8906821 0.9296392 0.9684437 1.008385 1.048172 1.086534 1.128345 1.173743 1.218410 1.263942 1.316784 1.383244 1.424679 1.469151 1.511393 1.551153 1.585341 1.615140 1.623029 1.642386 1.658741 1.672791 1.685048 1.683876 1.695028 1.703335 1.710021 1.717734 1.723625 1.733191 1.732165 1.748508 1.768201 1.796480
0.6042145 0.5988095 0.5959473 0.5929483 0.5901626 0.5877928 0.5859119 0.5846010 0.5841263 0.5819765 0.5842381 0.5888814 0.5959013 0.6061851 0.6171495 0.6304199 0.6497082 0.6791264 0.7162814 0.7564358 0.7953871 0.8353409 0.8748037 0.9138187 0.9527783 0.9934064 1.034017 1.074730 1.114863 1.158093 1.202805 1.251897 1.299793 1.347725 1.409788 1.458174 1.505874 1.551371 1.604092 1.640222 1.668997 1.680990 1.699146 1.714011 1.724923 1.732582 1.739537 1.744869 1.751823 1.751291 1.759673 1.768794 1.778515 1.789939 1.796775 1.814491 1.837344
0.6106967 0.6033434 0.5983164 0.5943017 0.5911728 0.5889041 0.5872927 0.5861494 0.5854879 0.5834029 0.5865576 0.5933185 0.6040189 0.6197897 0.6363094 0.6558383 0.6800416 0.7099628 0.7456804 0.7845376 0.8224399 0.8618308 0.9007608 0.9391862 0.9777278 1.016565 1.057045 1.097243 1.142205 1.185955 1.232071 1.282826 1.332812 1.384617 1.433584 1.501812 1.553816 1.604105 1.649363 1.685605 1.716433 1.727592 1.741547 1.754485 1.766333 1.773702 1.783211 1.789599 1.795456 1.803245 1.810730 1.815506 1.824167 1.834258 1.850361 1.859640 1.875769
0.6170292 0.6084594 0.6015440 0.5963389 0.5929807 0.5911554 0.5903023 0.5896344 0.5889221 0.5866969 0.5894940 0.5985386 0.6140847 0.6331982 0.6572354 0.6815646 0.7092466 0.7410080 0.7762954 0.8130860 0.8516717 0.8901123 0.9279091 0.9652190 1.002483 1.040613 1.080325 1.121265 1.164086 1.208558 1.255649 1.308627 1.362220 1.416130 1.468163 1.525705 1.597319 1.653586 1.705482 1.743016 1.765249 1.772360 1.788952 1.800385 1.808520 1.818816 1.825850 1.834836 1.841163 1.848733 1.855578 1.859544 1.866850 1.879180 1.890246 1.903511 1.909006
0.6229985 0.6132824 0.6047313 0.5983914 0.5952486 0.5949605 0.5959172 0.5965405 0.5959749 0.5929964 0.5932851 0.6044824 0.6261669 0.6508710 0.6767888 0.7082979 0.7384660 0.7714570 0.8071632 0.8439245 0.8820515 0.9194860 0.9555878 0.9909116 1.026504 1.063152 1.101495 1.142882 1.185722 1.230987 1.278322 1.329388 1.382372 1.440109 1.496918 1.557754 1.633079 1.694516 1.757063 1.795604 1.808942 1.821039 1.825580 1.836065 1.848223 1.857886 1.866641 1.876534 1.885415 1.891440 1.897549 1.900589 1.909917 1.917673 1.926847 1.933356 1.945684
0.6297479 0.6186963 0.6081493 0.6002135 0.5979958 0.6009501 0.6053166 0.6085592 0.6095442 0.6067041 0.6026466 0.6164948 0.6454794 0.6737843 0.7025622 0.7322739 0.7676674 0.8012839 0.8372920 0.8744887 0.9127386 0.9492968 0.9828687 1.015222 1.048368 1.083590 1.120901 1.161459 1.204093 1.249464 1.297125 1.348752 1.402383 1.458023 1.518950 1.580466 1.643653 1.719276 1.778445 1.818005 1.836524 1.850617 1.857518 1.866733 1.877433 1.892326 1.902072 1.914080 1.924379 1.931143 1.936275 1.941286 1.946705 1.952923 1.953796 1.962049 1.971815
0.6382656 0.6262646 0.6134204 0.6019035 0.6015254 0.6108410 0.6201239 0.6271685 0.6316633 0.6323068 0.6358641 0.6501821 0.6750948 0.7026881 0.7312191 0.7613294 0.7928035 0.8301442 0.8656321 0.9030947 0.9424771 0.9789611 1.008093 1.036395 1.067052 1.100364 1.136552 1.176737 1.218761 1.264074 1.313259 1.363600 1.417359 1.471754 1.530621 1.591606 1.655761 1.717027 1.782331 1.822297 1.849378 1.868949 1.879935 1.890713 1.904464 1.918190 1.929688 1.944238 1.959567 1.968197 1.973230 1.973998 1.977533 1.982025 1.983042 1.989486 1.996961
0.6496688 0.6381715 0.6252106 0.6105874 0.6130133 0.6288341 0.6421333 0.6528955 0.6616133 0.6663156 0.6755155 0.6905332 0.7117125 0.7364564 0.7630489 0.7910274 0.8213038 0.8531250 0.8911215 0.9273418 0.9665048 1.004837 1.026924 1.052238 1.080716 1.112718 1.148052 1.186751 1.229835 1.274655 1.323787 1.373983 1.427482 1.481500 1.538149 1.598394 1.657865 1.717560 1.783052 1.823367 1.854953 1.879270 1.896102 1.907887 1.924372 1.940390 1.953623 1.970631 1.988070 1.999152 1.999758 2.002667 2.005754 2.005139 2.009341 2.014589 2.020330
0.6644306 0.6554608 0.6466777 0.6407084 0.6446626 0.6575066 0.6718324 0.6851768 0.6974279 0.7046487 0.7169590 0.7323884 0.7514150 0.7731781 0.7968763 0.8220686 0.8488067 0.8779879 0.9086038 0.9452671 0.9787213 1.009909 1.035842 1.060853 1.088737 1.120166 1.155087 1.193550 1.236536 1.281247 1.330271 1.380185 1.433210 1.486551 1.541860 1.599373 1.657173 1.710952 1.764303 1.822575 1.856763 1.884427 1.904153 1.918656 1.937826 1.951896 1.970257 1.988128 2.003532 2.017145 2.022959 2.023422 2.026596 2.025002 2.028685 2.033133 2.035533
0.6818801 0.6765491 0.6731258 0.6736463 0.6803700 0.6926832 0.7075307 0.7227215 0.7361488 0.7463182 0.7602012 0.7755482 0.7928341 0.8118395 0.8322006 0.8537139 0.8763407 0.9004503 0.9268605 0.9536527 0.9856970 1.012863 1.038080 1.063783 1.091354 1.122767 1.157705 1.196254 1.238215 1.284597 1.333056 1.382676 1.435165 1.487765 1.541889 1.597712 1.652615 1.705283 1.754185 1.820291 1.856165 1.880640 1.904573 1.928603 1.945875 1.961152 1.978604 1.996752 2.017362 2.029795 2.038509 2.041949 2.041876 2.046317 2.051070 2.053005 2.058763
0.7008359 0.6991764 0.7005751 0.7061419 0.7164145 0.7306414 0.7470874 0.7641711 0.7794519 0.7955137 0.8053404 0.8202485 0.8357259 0.8518363 0.8685074 0.8857226 0.9036034 0.9223871 0.9429448 0.9636663 0.9858313 1.008722 1.036705 1.061821 1.089870 1.120970 1.156252 1.195204 1.237540 1.285084 1.333194 1.382051 1.434057 1.485976 1.539165 1.593601 1.646998 1.697436 1.746615 1.790869 1.847486 1.879027 1.904607 1.930907 1.949694 1.963150 1.983717 2.009102 2.025927 2.039998 2.051385 2.056955 2.058497 2.061530 2.068261 2.075170 2.082258
0.7202447 0.7217540 0.7274405 0.7378059 0.7524042 0.7700453 0.7892259 0.8074657 0.8257093 0.8429673 0.8527845 0.8667903 0.8802341 0.8932689 0.9059075 0.9183106 0.9307206 0.9434972 0.9570388 0.9718161 0.9881445 1.006430 1.027542 1.051934 1.083940 1.116047 1.152103 1.190945 1.233935 1.280605 1.330258 1.380484 1.430622 1.482148 1.534492 1.587870 1.640183 1.689702 1.737502 1.783094 1.821720 1.875641 1.902325 1.930463 1.945877 1.964033 1.985697 2.014182 2.032345 2.048257 2.062055 2.065727 2.068589 2.072366 2.081395 2.090651 2.100271
0.7394375 0.7432630 0.7529431 0.7685447 0.7884389 0.8106548 0.8335171 0.8546720 0.8747798 0.8929675 0.9027429 0.9155835 0.9267673 0.9364172 0.9447266 0.9518571 0.9581864 0.9643382 0.9709657 0.9796071 0.9889037 1.001949 1.019536 1.042130 1.069665 1.102154 1.144265 1.185150 1.229248 1.275448 1.324052 1.375773 1.424806 1.476867 1.528580 1.581162 1.632695 1.681589 1.729143 1.766290 1.804705 1.851747 1.898378 1.924010 1.943913 1.962683 1.995562 2.017273 2.037029 2.050909 2.063109 2.070494 2.074635 2.086652 2.098680 2.100420 2.114245
0.7584863 0.7630754 0.7766563 0.7987219 0.8251116 0.8528123 0.8796836 0.9047491 0.9267318 0.9456381 0.9554350 0.9669650 0.9757440 0.9818402 0.9853954 0.9868359 0.9866925 0.9855988 0.9845811 0.9849058 0.9879278 0.9952444 1.008947 1.029476 1.056694 1.090085 1.127881 1.169295 1.222785 1.270386 1.319680 1.368748 1.420231 1.469598 1.522038 1.574007 1.624960 1.674347 1.720817 1.757435 1.794811 1.844770 1.889016 1.911552 1.940503 1.967290 1.992650 2.010868 2.032322 2.051957 2.070011 2.078993 2.078316 2.087242 2.103241 2.119938 2.137709
0.7780200 0.7806227 0.7988496 0.8300532 0.8637666 0.8971107 0.9289562 0.9579641 0.9815012 1.000917 1.016844 1.021269 1.027627 1.030066 1.028757 1.024150 1.016917 1.008023 0.9985839 0.9903120 0.9846647 0.9859577 0.9953769 1.014297 1.042104 1.076746 1.116664 1.159794 1.205869 1.252918 1.300960 1.347714 1.407989 1.464383 1.516452 1.566857 1.617345 1.666407 1.712767 1.748893 1.786631 1.832120 1.862378 1.899923 1.927598 1.968462 1.995958 2.011518 2.034482 2.045298 2.056997 2.075901 2.087551 2.098842 2.118215 2.138618 2.160498
0.8057441 0.8032746 0.8267571 0.8670532 0.9064560 0.9439818 0.9797206 1.012552 1.037734 1.058646 1.075117 1.078796 1.083048 1.081856 1.075493 1.064562 1.049919 1.032625 1.014081 0.9960768 0.9808607 0.9741945 0.9785150 0.9966490 1.026394 1.063882 1.106166 1.152168 1.199108 1.247073 1.293277 1.342445 1.391430 1.451245 1.500057 1.549818 1.598681 1.646312 1.682738 1.721457 1.760023 1.808920 1.818186 1.853103 1.899978 1.953948 1.983059 2.010458 2.024869 2.048358 2.061235 2.082284 2.095834 2.117009 2.132038 2.156060 2.181975
0.8464324 0.8543692 0.8776192 0.9140286 0.9534646 0.9927407 1.031069 1.065282 1.093817 1.117260 1.135033 1.139204 1.141569 1.136648 1.124913 1.108961 1.085110 1.059267 1.031221 1.002714 0.9773599 0.9596871 0.9580542 0.9773734 1.011623 1.053417 1.098817 1.146417 1.194531 1.243531 1.289817 1.338913 1.387666 1.435361 1.494841 1.544176 1.592698 1.640111 1.676126 1.711619 1.752733 1.793429 1.813615 1.849012 1.910565 1.942111 1.971903 2.011056 2.038158 2.051051 2.064993 2.087917 2.103087 2.126850 2.144444 2.171847 2.201560
0.8941560 0.9092063 0.9335175 0.9660457 1.003890 1.043258 1.082056 1.118497 1.151295 1.178243 1.198591 1.210818 1.205789 1.197446 1.180359 1.156070 1.126207 1.092167 1.055109 1.016201 0.9774326 0.9436338 0.9329029 0.9578499 0.9988980 1.044296 1.097006 1.145467 1.194073 1.240034 1.288965 1.337598 1.384804 1.433026 1.481172 1.539753 1.587869 1.635019 1.662792 1.705853 1.748779 1.769967 1.810559 1.846302 1.895049 1.941140 1.971684 2.000724 2.028501 2.055325 2.057771 2.092772 2.109213 2.135221 2.162859 2.185592 2.220527
0.9428915 0.9618073 0.9872431 1.019152 1.055752 1.094855 1.134630 1.173361 1.209346 1.241139 1.265422 1.279966 1.275541 1.263708 1.240862 1.209722 1.172693 1.131455 1.087073 1.040222 0.9913663 0.9408678 0.9079747 0.9543198 1.001899 1.049295 1.096371 1.143453 1.190630 1.243162 1.290891 1.338846 1.385269 1.432587 1.479905 1.525281 1.584340 1.621924 1.658878 1.703594 1.727974 1.769024 1.809237 1.845197 1.895044 1.940935 1.972034 2.001689 2.030157 2.055857 2.069790 2.086850 2.103739 2.131928 2.162170 2.189298 2.226096
0.9921237 1.013157 1.039320 1.070742 1.106620 1.145594 1.186397 1.227587 1.267588 1.304332 1.335022 1.354060 1.356933 1.335436 1.305800 1.267512 1.223980 1.177136 1.128113 1.077797 1.027501 0.9814154 0.9602039 0.9842966 1.023500 1.066100 1.109817 1.154339 1.199471 1.243779 1.289661 1.342572 1.388067 1.434148 1.480167 1.525089 1.570640 1.612626 1.658683 1.686475 1.729193 1.770171 1.809854 1.845905 1.896569 1.930530 1.973145 2.003165 2.032024 2.045704 2.072564 2.099605 2.107903 2.137427 2.171027 2.198605 2.237909
1.040120 1.062078 1.088425 1.119357 1.154670 1.193613 1.235344 1.278885 1.323041 1.366144 1.404909 1.432596 1.437804 1.411264 1.372805 1.327224 1.278338 1.227856 1.176917 1.126926 1.080551 1.043730 1.026509 1.035005 1.060127 1.093409 1.130953 1.171178 1.211838 1.254911 1.298712 1.342403 1.386756 1.437721 1.482453 1.527615 1.565989 1.603021 1.627907 1.690240 1.732770 1.773579 1.812611 1.864039 1.899834 1.933790 1.975229 2.005364 2.032361 2.048116 2.075123 2.102350 2.121540 2.142942 2.175838 2.205030 2.251889
1.088642 1.110313 1.134467 1.164622 1.199098 1.237597 1.279734 1.324924 1.372419 1.421230 1.469720 1.512796 1.524348 1.489419 1.436402 1.384980 1.332923 1.281063 1.230359 1.182410 1.140011 1.107447 1.090209 1.089598 1.103473 1.127219 1.157604 1.192609 1.229584 1.269815 1.311088 1.352873 1.395158 1.437895 1.481637 1.525461 1.567977 1.593750 1.636467 1.677988 1.738881 1.779418 1.817703 1.869415 1.905053 1.938816 1.978523 2.008540 2.035322 2.050994 2.077713 2.106459 2.123038 2.153543 2.186911 2.220495 2.256293
1.133394 1.154205 1.178660 1.207155 1.238772 1.276150 1.317800 1.363378 1.412277 1.463698 1.516729 1.569979 1.591000 1.543425 1.493304 1.436360 1.384713 1.333999 1.285159 1.239754 1.200125 1.167424 1.148045 1.140938 1.145945 1.163519 1.187079 1.217059 1.250505 1.288021 1.327088 1.366650 1.406457 1.446661 1.485137 1.531383 1.568762 1.605557 1.647875 1.688970 1.728666 1.766843 1.825308 1.877108 1.912434 1.945839 1.977412 2.011020 2.039308 2.054683 2.082635 2.108607 2.123759 2.153375 2.185976 2.228263 2.265074
1.175794 1.194967 1.217505 1.243824 1.274350 1.308449 1.348511 1.393023 1.441036 1.490872 1.539581 1.579760 1.592006 1.568399 1.529085 1.483431 1.430412 1.383170 1.337428 1.294716 1.256929 1.226014 1.204050 1.192124 1.189355 1.197208 1.214745 1.240675 1.272470 1.308043 1.345395 1.384149 1.421415 1.455739 1.495765 1.538658 1.580480 1.620506 1.662288 1.702823 1.741976 1.779642 1.822797 1.864473 1.922179 1.950913 1.982286 2.015195 2.043192 2.058187 2.084787 2.109812 2.123378 2.151656 2.187716 2.223403 2.259864
