data/rasters/precip/precipitation_20000103.ASC
NCOLS                  300
NROWS                  325
XLLCORNER       0.0000000E+00
YLLCORNER        300000.0
CELLSIZE         1000.000
NODATA_VALUE    0.0000000E+00
[rows 50 to 74 of 325, columns 228 to 284 of 300]
17.88126 17.73989 17.60109 17.46621 17.34300 17.22119 17.11008 17.00535 16.89846 16.79193 16.68885 16.59361 16.51338 16.41855 16.29714 16.19234 16.08662 15.89643 15.52449 15.10943 14.71140 14.36277 14.06776 13.82273 13.63043 13.48657 13.38441 13.33137 13.32991 13.31221 13.31233 13.32740 13.35538 13.39212 13.44074 13.49343 13.52775 13.52532 13.36227 13.06757 12.73238 12.41709 12.14011 11.87653 11.67648 11.51181 11.37678 11.36838 11.28670 11.22069 11.16744 11.10400 0.0000000E+00 0.0000000E+00 0.0000000E+00 0.0000000E+00 0.0000000E+00
17.70378 17.52142 17.33490 17.14887 16.95854 16.78100 16.63587 16.53943 16.46779 16.40691 16.34178 16.27321 16.20296 16.11109 15.99686 15.87029 15.71494 15.48564 15.16616 14.79926 14.42702 14.09111 13.79967 13.56670 13.38864 13.26369 13.18280 13.17458 13.15609 13.16874 13.19050 13.22811 13.28069 13.34825 13.44103 13.53929 13.64666 13.76410 13.61710 13.22327 12.84280 12.50228 12.18048 11.92282 11.70375 11.51980 11.36599 11.34104 11.28048 11.20591 11.14574 11.09743 0.0000000E+00 0.0000000E+00 0.0000000E+00 0.0000000E+00 0.0000000E+00
17.50840 17.29312 17.06684 16.83143 16.58219 16.33632 16.14350 16.06845 16.04226 16.01704 15.97764 15.92248 15.84973 15.76198 15.64866 15.50398 15.31767 15.07738 14.77944 14.44395 14.09454 13.76941 13.48702 13.26585 13.10880 13.03014 12.97814 12.96690 12.97097 12.99408 13.05241 13.11431 13.18293 13.26556 13.36164 13.47569 13.61262 13.73343 13.59615 13.21558 12.84503 12.51043 12.18947 11.93085 11.70776 11.51815 11.35800 11.32538 11.22062 11.13389 11.06220 11.06443 10.91309 0.0000000E+00 0.0000000E+00 0.0000000E+00 0.0000000E+00
17.30906 17.06824 16.81543 16.54186 16.24883 15.93627 15.63517 15.64024 15.65726 15.65236 15.62199 15.56932 15.50452 15.41084 15.28555 15.12409 14.92473 14.68168 14.39514 14.07167 13.74134 13.42055 13.14578 12.93711 12.81123 12.75189 12.73316 12.74689 12.78932 12.83139 12.88570 12.95121 13.02732 13.12103 13.21479 13.32124 13.40887 13.43070 13.30692 13.04400 12.73692 12.41500 12.13550 11.88797 11.67169 11.48452 11.32469 11.28927 11.18264 11.09397 11.02049 10.90938 10.83783 0.0000000E+00 0.0000000E+00 0.0000000E+00 0.0000000E+00
17.11717 16.86519 16.59194 16.30023 15.99597 15.68915 15.43354 15.37006 15.35320 15.33391 15.30780 15.24539 15.15959 15.05865 14.92541 14.75547 14.54968 14.30768 14.03148 13.72049 13.39837 13.07407 12.77355 12.56141 12.48276 12.47253 12.50085 12.54042 12.58605 12.64073 12.70339 12.77306 12.84850 12.92764 13.02680 13.09112 13.13409 13.11210 12.99898 12.80019 12.53676 12.27676 12.02750 11.80062 11.59817 11.42016 11.26644 11.23251 11.12824 11.04167 10.95035 10.87084 10.80148 0.0000000E+00 0.0000000E+00 0.0000000E+00 0.0000000E+00
16.93937 16.67690 16.39638 16.10584 15.81485 15.54154 15.32596 15.21446 15.13445 15.07929 15.01667 14.93796 14.83886 14.71469 14.58554 14.40951 14.20174 13.96368 13.68850 13.39521 13.08301 12.75920 12.43145 12.16920 12.19230 12.23114 12.27541 12.32942 12.38556 12.44675 12.51215 12.58044 12.66343 12.72875 12.78578 12.83491 12.84614 12.80235 12.69710 12.53424 12.31559 12.09577 11.87842 11.67617 11.49108 11.32831 11.18531 11.15632 11.08077 10.98247 10.89676 10.82195 10.75655 0.0000000E+00 0.0000000E+00 0.0000000E+00 0.0000000E+00
16.78038 16.50764 16.22748 15.97579 15.69269 15.44464 15.23301 15.06540 14.93633 14.84236 14.75125 14.65201 14.53802 14.41484 14.26869 14.08952 13.88448 13.65142 13.38750 13.11051 12.81851 12.51999 12.23268 12.03461 12.00697 12.03638 12.08393 12.13647 12.19426 12.25560 12.33143 12.39390 12.45270 12.50399 12.54228 12.55987 12.56082 12.50558 12.40549 12.25066 12.07691 11.88907 11.70274 11.52335 11.35895 11.21341 11.08451 11.10043 10.99882 10.90989 10.83205 10.76383 10.70393 0.0000000E+00 0.0000000E+00 0.0000000E+00 0.0000000E+00
16.63975 16.39893 16.11180 15.82667 15.55325 15.31827 15.10275 14.92830 14.78882 14.63662 14.50880 14.38995 14.26178 14.13000 13.97030 13.80913 13.59762 13.36624 13.12346 12.86677 12.60252 12.34336 12.11586 11.95716 11.89195 11.88850 11.91798 11.97126 12.02479 12.08198 12.13933 12.19360 12.24132 12.27843 12.29993 12.30354 12.27293 12.22362 12.11588 11.98492 11.83197 11.66813 11.50629 11.35003 11.20690 11.09623 11.09201 10.99181 10.90376 10.82634 10.75817 10.69803 10.64489 0.0000000E+00 0.0000000E+00 0.0000000E+00 0.0000000E+00
16.48996 16.24322 15.95585 15.67375 15.40479 15.18112 14.95975 14.76998 14.60853 14.43177 14.29534 14.16103 14.02180 13.88367 13.70765 13.54727 13.35199 13.13089 12.89328 12.65764 12.42083 12.19855 12.00561 11.86530 11.78909 11.76454 11.77798 11.81071 11.85691 11.90627 11.95540 12.00003 12.03620 12.05985 12.06665 12.05505 12.01553 11.93754 11.85067 11.72710 11.58714 11.44022 11.29792 11.18288 11.05812 10.94680 10.95422 10.87182 10.79914 10.73474 10.67749 10.62648 10.58098 0.0000000E+00 0.0000000E+00 0.0000000E+00 0.0000000E+00
16.34610 16.09954 15.81033 15.52789 15.26094 15.02477 14.79739 14.60417 14.42689 14.23372 14.08274 13.93689 13.78971 13.64741 13.48420 13.30802 13.12908 12.92707 12.71436 12.49519 12.26496 12.06422 11.89142 11.76014 11.67878 11.64143 11.64183 11.66392 11.69951 11.74249 11.78283 11.81754 11.84245 11.85371 11.85034 11.82309 11.76891 11.68925 11.58948 11.48017 11.34657 11.22858 11.10112 10.98283 10.87980 10.79038 10.80841 10.74521 10.68895 10.63839 10.59271 10.55136 10.51394 0.0000000E+00 0.0000000E+00 0.0000000E+00 0.0000000E+00
16.20426 15.95766 15.66548 15.38044 15.12672 14.86967 14.63456 14.42356 14.23597 14.03417 13.88045 13.73753 13.58640 13.44121 13.27937 13.10006 12.93448 12.74261 12.54292 12.34065 12.14093 11.95345 11.78910 11.65907 11.56076 11.51918 11.51083 11.52687 11.55613 11.59209 11.62417 11.64942 11.66380 11.66381 11.64836 11.60869 11.54744 11.47868 11.37536 11.25416 11.13000 10.99949 10.87771 10.77748 10.69753 10.69694 10.66066 10.61726 10.57759 10.54084 10.50668 10.47495 10.44560 0.0000000E+00 0.0000000E+00 0.0000000E+00 0.0000000E+00
16.06287 15.76706 15.52091 15.23175 14.97300 14.70886 14.46539 14.24564 14.05866 13.88502 13.69113 13.54334 13.39253 13.24880 13.09078 12.91803 12.74418 12.57664 12.38991 12.19941 12.01106 11.83197 11.67035 11.53081 11.43815 11.39273 11.38368 11.39798 11.41896 11.44590 11.47009 11.48621 11.49127 11.50520 11.47829 11.43171 11.36403 11.27253 11.16362 11.03721 10.89944 10.77048 10.65222 10.57132 10.51828 10.53224 10.51810 10.49369 10.46956 10.44565 10.42219 10.39946 10.37774 10.37389 0.0000000E+00 0.0000000E+00 0.0000000E+00
15.93253 15.66291 15.37792 15.08573 14.81788 14.55424 14.30050 14.07212 13.87139 13.69610 13.50788 13.35833 13.21265 13.07731 12.91945 12.75970 12.59386 12.42303 12.25728 12.07234 11.89350 11.71937 11.55504 11.40999 11.30622 11.26557 11.26750 11.28684 11.31107 11.33380 11.34604 11.35328 11.33845 11.32273 11.28666 11.23259 11.15979 11.09392 10.97786 10.84604 10.69965 10.55391 10.42605 10.37329 10.38854 10.38298 10.37492 10.38023 10.36909 10.35602 10.34174 10.32688 10.31193 10.31353 0.0000000E+00 0.0000000E+00 0.0000000E+00
15.80290 15.49988 15.27577 14.95406 14.67628 14.39076 14.12474 13.88697 13.68319 13.51138 13.33551 13.19447 13.06328 12.91873 12.77626 12.62453 12.46071 12.29841 12.14144 11.97277 11.80273 11.63358 11.46713 11.30627 11.17105 11.15348 11.17448 11.19831 11.22018 11.23707 11.23811 11.23640 11.21965 11.19097 11.14664 11.08551 11.00718 10.91143 10.79704 10.66846 10.54160 10.37703 10.20000 10.21597 10.24950 10.26068 10.26515 10.28151 10.27949 10.27444 10.26729 10.25877 10.26455 10.25568 0.0000000E+00 0.0000000E+00 0.0000000E+00
15.67842 15.39396 15.13843 14.84988 14.50595 14.23320 13.95053 13.69979 13.49490 13.33369 13.19909 13.05005 12.91849 12.79338 12.64592 12.50209 12.35598 12.20248 12.04708 11.89606 11.73669 11.57625 11.41675 11.26116 11.13201 11.10805 11.12274 11.13977 11.14841 11.15567 11.15489 11.14720 11.12369 11.08651 11.02902 10.96184 10.87942 10.78198 10.66896 10.54500 10.41318 10.27681 10.18207 10.15644 10.16172 10.17120 10.17815 10.19985 10.20251 10.20236 10.20006 10.19619 10.20593 10.20114 0.0000000E+00 0.0000000E+00 0.0000000E+00
15.58112 15.28456 15.03081 14.73827 14.38621 14.07202 13.76722 13.51253 13.30840 13.17029 13.05833 12.92755 12.80316 12.68360 12.55266 12.41604 12.27183 12.12746 11.98333 11.83816 11.69551 11.54797 11.40402 11.27224 11.17389 11.12306 11.10919 11.10749 11.10730 11.10347 11.09262 11.07416 11.04292 10.99745 10.93858 10.86031 10.77488 10.67738 10.56818 10.45516 10.33620 10.22458 10.13765 10.10413 10.11163 10.10985 10.11218 10.13461 10.13813 10.14005 10.14046 10.13962 10.15209 10.15041 0.0000000E+00 0.0000000E+00 0.0000000E+00
15.47963 15.19025 14.94143 14.64884 14.32344 13.96979 13.64294 13.32687 13.12414 13.02639 12.92883 12.81951 12.72634 12.61228 12.48817 12.35251 12.21028 12.07182 11.94157 11.80873 11.67397 11.53487 11.40935 11.29723 11.21265 11.15424 11.12096 11.10151 11.09682 11.08070 11.06031 11.03106 10.99189 10.93958 10.87557 10.79985 10.70836 10.61156 10.50848 10.39836 10.28839 10.18625 10.11644 10.07432 10.04844 10.06672 10.06219 10.08298 10.08488 10.08679 10.08821 10.10207 10.10315 10.10368 0.0000000E+00 0.0000000E+00 0.0000000E+00
15.39309 15.11386 14.89712 14.58660 14.26621 13.93764 13.58984 13.26756 13.06690 12.97726 12.87830 12.77920 12.66441 12.55374 12.43523 12.30730 12.17359 12.04227 11.91614 11.79364 11.66777 11.54472 11.43613 11.33366 11.25409 11.20246 11.15640 11.12218 11.09339 11.06518 11.03325 10.99435 10.94595 10.88625 10.81571 10.73554 10.64674 10.55077 10.44598 10.34272 10.24193 10.16676 10.08720 10.02558 9.982556 9.950795 9.992395 10.04136 10.04054 10.04122 10.04251 10.05669 10.05891 10.06092 0.0000000E+00 0.0000000E+00 0.0000000E+00
15.32310 15.05669 14.85114 14.55249 14.24554 13.93447 13.62810 13.34041 13.13311 12.99645 12.88381 12.77469 12.66363 12.55007 12.42958 12.30441 12.17626 12.04909 11.92453 11.80125 11.68883 11.57242 11.46333 11.38097 11.31281 11.24405 11.18843 11.14233 11.10139 11.06184 11.01989 10.97227 10.91565 10.84774 10.77044 10.68556 10.59439 10.50066 10.40163 10.29670 10.20175 10.13323 10.05749 9.995710 9.949605 9.913223 9.885688 9.871631 10.00843 10.00177 10.01388 10.01622 10.01897 0.0000000E+00 0.0000000E+00 0.0000000E+00 0.0000000E+00
15.27004 15.01013 14.82617 14.54317 14.25441 13.96149 13.68609 13.41743 13.21607 13.05639 12.92253 12.79968 12.68060 12.56991 12.44379 12.31983 12.19454 12.06976 11.94676 11.82602 11.72031 11.62570 11.52220 11.43527 11.34959 11.28757 11.22443 11.16868 11.11754 11.06788 11.01694 10.96200 10.89826 10.82148 10.73696 10.64702 10.55467 10.45790 10.36002 10.26436 10.18452 10.10068 10.02724 9.965521 9.917703 9.878356 9.847696 9.831427 9.813196 9.975410 9.988653 9.979913 9.982829 0.0000000E+00 0.0000000E+00 0.0000000E+00 0.0000000E+00
15.26085 15.01531 14.84172 14.56606 14.29465 14.01233 13.74765 13.51358 13.29904 13.12780 12.97838 12.84369 12.71607 12.60120 12.47360 12.34922 12.22469 12.10092 11.97890 11.87569 11.76305 11.67086 11.56960 11.48514 11.39851 11.32014 11.25017 11.19970 11.13947 11.08049 11.02072 10.95834 10.89079 10.80385 10.71238 10.61857 10.52113 10.42258 10.32434 10.24753 10.15861 10.06851 9.996313 9.934654 9.883541 9.844744 9.812043 9.794292 9.774597 9.764861 9.957314 9.961418 9.949956 0.0000000E+00 0.0000000E+00 0.0000000E+00 0.0000000E+00
15.22014 15.00655 14.84377 14.59198 14.33724 14.07536 13.83070 13.60358 13.39157 13.20035 13.04243 12.89846 12.77210 12.64262 12.51874 12.38904 12.26401 12.14010 12.03424 11.91888 11.80750 11.70036 11.61955 11.53650 11.44940 11.36798 11.29236 11.22137 11.15350 11.09792 11.02876 10.95602 10.87641 10.79156 10.69544 10.59558 10.49414 10.39277 10.30906 10.21444 10.12602 10.03620 9.964498 9.902854 9.851208 9.811568 9.777742 9.759214 9.738640 9.728194 9.716335 9.932892 9.938421 0.0000000E+00 0.0000000E+00 0.0000000E+00 0.0000000E+00
15.21547 15.01714 14.86319 14.62586 14.38519 14.13464 13.89957 13.67828 13.47430 13.28244 13.11784 12.96777 12.82680 12.69353 12.56746 12.44158 12.30987 12.19983 12.08117 11.96583 11.85490 11.74828 11.67087 11.58975 11.50036 11.41608 11.37942 11.30088 11.22301 11.14433 11.06262 10.98518 10.89323 10.77581 10.68388 10.57853 10.47231 10.38113 10.27952 10.18300 10.09361 10.01302 9.931511 9.869905 9.818188 9.778396 9.744245 9.725593 9.709658 9.694011 9.682151 9.673297 0.0000000E+00 0.0000000E+00 0.0000000E+00 0.0000000E+00 0.0000000E+00
15.22038 15.03632 14.88860 14.66400 14.42655 14.19197 13.96269 13.74390 13.54158 13.34665 13.17859 13.02501 12.89260 12.75922 12.62006 12.50188 12.38006 12.24987 12.13016 12.01433 11.90333 11.83575 11.74638 11.69180 11.60329 11.51760 11.43368 11.35032 11.26622 11.17919 11.08955 10.99482 10.89547 10.78768 10.70592 10.60019 10.48549 10.37635 10.25210 10.15216 10.06056 9.978858 9.907891 9.835630 9.784344 9.745062 9.719454 9.697494 9.677405 9.834977 9.849758 9.868089 0.0000000E+00 0.0000000E+00 0.0000000E+00 0.0000000E+00 0.0000000E+00
15.23294 15.12163 14.91677 14.70025 14.47486 14.24403 14.01629 13.80015 13.59807 13.41158 13.23113 13.08622 12.94365 12.81046 12.68789 12.57017 12.43169 12.31040 12.20610 12.09453 11.99013 11.89027 11.80187 11.75183 11.66347 11.57674 11.49040 11.40318 11.31278 11.22012 11.12289 11.02274 10.91337 10.79851 10.70845 10.58387 10.46057 10.34548 10.23172 10.12757 10.03561 9.956968 9.899165 9.843349 9.810995 9.793057 9.789528 9.783623 9.787660 9.797194 9.811171 9.828695 0.0000000E+00 0.0000000E+00 0.0000000E+00 0.0000000E+00 0.0000000E+00
