data/rasters/precip/precipitation_20000102.ASC
NCOLS                  300
NROWS                  325
XLLCORNER       0.0000000E+00
YLLCORNER        300000.0
CELLSIZE         1000.000
NODATA_VALUE    0.0000000E+00
[rows 144 to 167 of 325, columns 220 to 274 of 300]
0.2445107 0.2282924 0.2240174 0.2376164 0.2409783 0.2635247 0.2492708 0.2521345 0.2669083 0.2622737 0.2615351 0.2626824 0.2604457 0.2573742 0.2537142 0.2496766 0.2453957 0.2409157 0.2369596 0.2319018 0.2263946 0.2190047 0.2123735 0.2049349 0.1936837 0.1833142 0.1736637 0.1638106 0.1561487 0.1476034 0.1399802 0.1328730 0.1208493 0.1145682 0.1091561 0.0000000E+00 0.0000000E+00 0.0000000E+00 0.0000000E+00 0.0000000E+00 0.0000000E+00 0.0000000E+00 0.0000000E+00 0.1094478 0.1109920 0.1129611 0.1148697 0.1168714 0.1190662 0.1214842 0.1240933 0.1268203 0.0000000E+00 0.0000000E+00 0.0000000E+00
0.2452916 0.2302348 0.2459080 0.2406852 0.2448823 0.2621025 0.2599832 0.2499766 0.2621026 0.2708589 0.2703035 0.2711318 0.2681849 0.2641342 0.2593712 0.2542211 0.2622055 0.2564324 0.2504028 0.2329834 0.2253302 0.2137778 0.2068957 0.1991068 0.1902409 0.1795949 0.1688989 0.1582486 0.1490459 0.1437712 0.1392134 0.1355648 0.1318818 0.1226825 0.1188241 0.1154149 0.1113912 0.1098847 0.1097940 0.1113514 0.0000000E+00 0.1100235 0.1130900 0.1158646 0.1182378 0.1202784 0.1213608 0.1231596 0.1250162 0.1269807 0.1290546 0.1312044 0.0000000E+00 0.0000000E+00 0.0000000E+00
0.2560878 0.2612455 0.2479807 0.2528825 0.2490371 0.2672919 0.2635739 0.2586192 0.2718858 0.2742290 0.2745836 0.2751583 0.2710591 0.2655435 0.2592673 0.2672836 0.2606831 0.2540677 0.2474123 0.2286875 0.2200734 0.2132995 0.2058389 0.1973943 0.1876666 0.1757710 0.1632807 0.1504818 0.1402454 0.1355855 0.1364211 0.1369809 0.1365977 0.1349757 0.1269779 0.1224179 0.1191961 0.1162797 0.1145875 0.1152791 0.1115371 0.1151371 0.1187907 0.1219249 0.1244392 0.1264531 0.1281463 0.1288390 0.1303429 0.1318823 0.1334814 0.1351323 0.0000000E+00 0.0000000E+00 0.0000000E+00
0.2496126 0.2615474 0.2480801 0.2555355 0.2621646 0.2691866 0.2711684 0.2641855 0.2837185 0.2875436 0.2907245 0.2878478 0.2956536 0.2885818 0.2771243 0.2690194 0.2611021 0.2534636 0.2460430 0.2248434 0.2180003 0.2108746 0.2031380 0.1944048 0.1842192 0.1720626 0.1568755 0.1403316 0.1265470 0.1252323 0.1326814 0.1382232 0.1410128 0.1413581 0.1397346 0.1297691 0.1255949 0.1205386 0.1161343 0.1162332 0.1142801 0.1195509 0.1242576 0.1278381 0.1304217 0.1322956 0.1337305 0.1349351 0.1351476 0.1362720 0.1374347 0.1291685 0.0000000E+00 0.0000000E+00 0.0000000E+00
0.2490112 0.2612688 0.2491668 0.2559846 0.2628282 0.2744223 0.2790700 0.2881073 0.2977247 0.3039795 0.3161691 0.3122368 0.3043891 0.2946104 0.2843646 0.2744260 0.2650878 0.2563664 0.2462893 0.2383731 0.2185193 0.2110343 0.2030459 0.1941175 0.1837020 0.1710814 0.1546772 0.1345769 0.1085975 0.1161772 0.1305682 0.1413557 0.1462521 0.1479161 0.1459562 0.1426498 0.1318331 0.1240718 0.1147642 0.1118753 0.1160977 0.1243099 0.1301545 0.1339672 0.1363872 0.1379347 0.1389802 0.1397724 0.1404695 0.1402154 0.1409664 0.1319865 0.1325820 0.0000000E+00 0.0000000E+00
0.2477849 0.2541084 0.2492634 0.2544025 0.2653087 0.2937143 0.2944629 0.3232802 0.3219558 0.3358300 0.3396479 0.3336539 0.3225470 0.3098598 0.2974131 0.2858659 0.2753320 0.2656884 0.2553633 0.2468082 0.2257430 0.2177443 0.2036387 0.1948889 0.1848824 0.1730146 0.1579536 0.1410596 0.1256751 0.1272839 0.1375387 0.1468905 0.1518789 0.1539883 0.1536784 0.1506277 0.1444866 0.1311459 0.1164698 0.0000000E+00 0.1217757 0.1315342 0.1373383 0.1406646 0.1424906 0.1434516 0.1439527 0.1442467 0.1444854 0.1447534 0.1441161 0.1344907 0.1347673 0.1351232 0.0000000E+00
0.2562966 0.2634423 0.2597189 0.2649333 0.2754533 0.2920994 0.3217990 0.3314120 0.3402715 0.3561304 0.3616827 0.3506180 0.3340521 0.3176798 0.3028972 0.2898459 0.2783201 0.2666355 0.2572413 0.2484421 0.2399162 0.2189330 0.2107709 0.2020491 0.1924098 0.1802210 0.1646185 0.1538236 0.1456436 0.1447374 0.1491876 0.1560010 0.1599548 0.1607666 0.1608265 0.1587456 0.1560802 0.1480201 0.1355860 0.1329991 0.1362569 0.1423390 0.1460853 0.1479805 0.1487232 0.1488321 0.1486450 0.1483682 0.1481204 0.1479632 0.1395242 0.1367001 0.1366920 0.1367916 0.0000000E+00
0.2494183 0.2561149 0.2605359 0.2643564 0.2828915 0.2928393 0.3213364 0.3337804 0.3549880 0.3747540 0.3863674 0.3631193 0.3410748 0.3221973 0.3061015 0.2922902 0.2789177 0.2683132 0.2587669 0.2499422 0.2415305 0.2332433 0.2126362 0.2046774 0.1962854 0.1859208 0.1770488 0.1697339 0.1605307 0.1591362 0.1608618 0.1638353 0.1685531 0.1689654 0.1695347 0.1698049 0.1671753 0.1641610 0.1564286 0.1559999 0.1531280 0.1548184 0.1556190 0.1555228 0.1548643 0.1539499 0.1529890 0.1521064 0.1513680 0.1508006 0.1418115 0.1386270 0.1383682 0.1382454 0.0000000E+00
0.2442934 0.2511134 0.2589238 0.2540066 0.2706532 0.2967369 0.3129841 0.3346014 0.3508766 0.3685200 0.3781845 0.3602716 0.3400154 0.3219990 0.3063994 0.2915521 0.2797162 0.2692649 0.2598674 0.2512296 0.2430900 0.2352161 0.2146750 0.2075275 0.2003417 0.1915344 0.1848586 0.1791693 0.1761373 0.1745565 0.1708175 0.1725398 0.1751890 0.1768877 0.1794431 0.1795845 0.1789185 0.1777458 0.1768498 0.1735576 0.1679551 0.1665969 0.1647321 0.1626426 0.1605495 0.1585977 0.1568694 0.1554021 0.1542028 0.1447032 0.1437767 0.1430885 0.1398056 0.1196593 0.0000000E+00
0.2407105 0.2435477 0.2465252 0.2469268 0.2750540 0.2885556 0.3040561 0.3214726 0.3349032 0.3510281 0.3524473 0.3451524 0.3317665 0.3174599 0.3027122 0.2904293 0.2794248 0.2709627 0.2619852 0.2536956 0.2459098 0.2384670 0.2312404 0.2118809 0.2056252 0.1980494 0.1927744 0.1884429 0.1864647 0.1850064 0.1849761 0.1831333 0.1823063 0.1858088 0.1871958 0.1882484 0.1889219 0.1892855 0.1895605 0.1901464 0.1800286 0.1764199 0.1724458 0.1687059 0.1653931 0.1625479 0.1601568 0.1581857 0.1565921 0.1465936 0.1454188 0.1445204 0.1210777 0.0000000E+00 0.0000000E+00
0.2282560 0.2295672 0.2367986 0.2341338 0.2644291 0.2776178 0.2923697 0.3079503 0.3231807 0.3309186 0.3283217 0.3256772 0.3194396 0.3104419 0.2998179 0.2894888 0.2797734 0.2707420 0.2623549 0.2545291 0.2471713 0.2401964 0.2335426 0.2271872 0.2089113 0.2021821 0.1979249 0.1945245 0.1933104 0.1920774 0.1919158 0.1932657 0.1944269 0.1944092 0.1936786 0.1953102 0.1967119 0.1976586 0.1978768 0.1979682 0.1894271 0.1835191 0.1780789 0.1732339 0.1690886 0.1656146 0.1627437 0.1603997 0.1498282 0.1481001 0.1467389 0.1289972 0.1280048 0.0000000E+00 0.0000000E+00
0.2146036 0.2196969 0.2248246 0.2282671 0.2515207 0.2645763 0.2789105 0.2935748 0.3071878 0.3135203 0.3176416 0.3102760 0.3062031 0.2994030 0.2950947 0.2867405 0.2783917 0.2702934 0.2625525 0.2552031 0.2482451 0.2416685 0.2354703 0.2296691 0.2115277 0.2053655 0.2017778 0.1989817 0.1983067 0.1998212 0.1979498 0.1985113 0.1996122 0.2049039 0.2061613 0.2028579 0.2042263 0.2034431 0.2030537 0.2007158 0.2002245 0.1878348 0.1812246 0.1759733 0.1714751 0.1676994 0.1645744 0.1620169 0.1510861 0.1492240 0.1310313 0.0000000E+00 0.0000000E+00 0.0000000E+00 0.0000000E+00
0.2005162 0.2054249 0.2160536 0.2244634 0.2365548 0.2499759 0.2646260 0.2793651 0.2928846 0.3047056 0.3040342 0.3070490 0.2966757 0.2926826 0.2869188 0.2842534 0.2771712 0.2699393 0.2627783 0.2558252 0.2491672 0.2428645 0.2369676 0.2315302 0.2253077 0.2076349 0.2044716 0.2047264 0.2045545 0.2018502 0.2017667 0.2023467 0.2034561 0.2091670 0.2105566 0.2118645 0.2084216 0.2093314 0.2092243 0.2077986 0.2025029 0.1880847 0.1828413 0.1769655 0.1725727 0.1688140 0.1656598 0.1542467 0.1518885 0.0000000E+00 0.0000000E+00 0.0000000E+00 0.0000000E+00 0.0000000E+00 0.0000000E+00
0.1840258 0.1919452 0.1986642 0.2070854 0.2219415 0.2367854 0.2501611 0.2663750 0.2808589 0.2933164 0.2927250 0.2982788 0.2895979 0.2877268 0.2838137 0.2784999 0.2765666 0.2700005 0.2632431 0.2565188 0.2499924 0.2437884 0.2380064 0.2327330 0.2311663 0.2312699 0.2134790 0.2111612 0.2098289 0.2090622 0.2089992 0.2048905 0.2060409 0.2121494 0.2136453 0.2151206 0.2163443 0.2124185 0.2131477 0.2136587 0.2028363 0.1860276 0.1817898 0.1775283 0.1725678 0.1690725 0.1573285 0.0000000E+00 0.0000000E+00 0.0000000E+00 0.0000000E+00 0.0000000E+00 0.0000000E+00 0.0000000E+00 0.0000000E+00
0.1686910 0.1733745 0.1792132 0.1871471 0.2024701 0.2199368 0.2392402 0.2578123 0.2744547 0.2883298 0.2880645 0.2916575 0.2947157 0.2850474 0.2825055 0.2782255 0.2727254 0.2664597 0.2641465 0.2574033 0.2552133 0.2531730 0.2471485 0.2416679 0.2360108 0.2319505 0.2287020 0.2257288 0.2091338 0.2103505 0.2104551 0.2111370 0.2122756 0.2187788 0.2202233 0.2216464 0.2186186 0.2197851 0.2150977 0.2060509 0.2058870 0.2049982 0.1796374 0.1761491 0.1727679 0.1686564 0.1569812 0.0000000E+00 0.0000000E+00 0.0000000E+00 0.0000000E+00 0.0000000E+00 0.0000000E+00 0.0000000E+00 0.0000000E+00
0.1504199 0.1553641 0.1579338 0.1639495 0.1807787 0.2030117 0.2264314 0.2482053 0.2632616 0.2784954 0.2908589 0.2886958 0.2931155 0.2945146 0.2829107 0.2792238 0.2739864 0.2719776 0.2651262 0.2623396 0.2552830 0.2485066 0.2422035 0.2354463 0.2354878 0.2307976 0.2276351 0.2254220 0.2241197 0.2104162 0.2107376 0.2116178 0.2129226 0.2198494 0.2214771 0.2230976 0.2245907 0.2258795 0.2269600 0.2048672 0.2047996 0.2041135 0.1838089 0.1742111 0.1714213 0.1466519 0.0000000E+00 0.0000000E+00 0.0000000E+00 0.0000000E+00 0.0000000E+00 0.0000000E+00 0.0000000E+00 0.0000000E+00 0.0000000E+00
0.1387036 0.1417920 0.1374424 0.1362072 0.1578522 0.1864375 0.2144686 0.2388605 0.2594863 0.2764437 0.2903184 0.2895242 0.2951367 0.2974340 0.3007271 0.2837571 0.2816222 0.2749078 0.2674088 0.2595913 0.2559959 0.2485041 0.2415550 0.2342809 0.2280575 0.2238083 0.2206602 0.2235965 0.2225892 0.2252439 0.2099102 0.2110807 0.2126339 0.2144212 0.2218371 0.2236525 0.2253355 0.2268169 0.2280647 0.2103333 0.2105696 0.2027746 0.1814452 0.1709487 0.1476108 0.0000000E+00 0.0000000E+00 0.0000000E+00 0.0000000E+00 0.0000000E+00 0.0000000E+00 0.0000000E+00 0.0000000E+00 0.0000000E+00 0.0000000E+00
0.1397504 0.1421084 0.1263242 0.0000000E+00 0.1428981 0.1802576 0.2114331 0.2376796 0.2597779 0.2781325 0.2933898 0.2968401 0.3006950 0.3074638 0.3070018 0.3034371 0.2837220 0.2759371 0.2705268 0.2615301 0.2566546 0.2480893 0.2394178 0.2311722 0.2252354 0.2205527 0.2172417 0.2153133 0.2146535 0.2226201 0.2239295 0.2257776 0.2115314 0.2136049 0.2214733 0.2235100 0.2253715 0.2270017 0.2283686 0.2176100 0.2094256 0.2030037 0.2024096 0.1577938 0.0000000E+00 0.0000000E+00 0.0000000E+00 0.0000000E+00 0.0000000E+00 0.0000000E+00 0.0000000E+00 0.0000000E+00 0.0000000E+00 0.0000000E+00 0.0000000E+00
0.1514416 0.1514917 0.1380452 0.1347089 0.1562621 0.1869305 0.2160025 0.2417933 0.2643085 0.2836414 0.3001992 0.3085597 0.3137483 0.3173563 0.3166051 0.3120323 0.3045407 0.2817633 0.2713419 0.2606952 0.2502858 0.2464261 0.2360087 0.2278116 0.2208953 0.2155416 0.2119606 0.2101887 0.2100405 0.2133728 0.2154250 0.2233755 0.2262804 0.2291755 0.2205571 0.2228622 0.2249214 0.2267001 0.2100832 0.2109355 0.2114274 0.2015586 0.0000000E+00 0.0000000E+00 0.0000000E+00 0.0000000E+00 0.0000000E+00 0.0000000E+00 0.0000000E+00 0.0000000E+00 0.0000000E+00 0.0000000E+00 0.0000000E+00 0.0000000E+00 0.0000000E+00
0.1747431 0.1634642 0.1614827 0.1632973 0.1797395 0.2020671 0.2265617 0.2503968 0.2725883 0.2926818 0.3130970 0.3208145 0.3303247 0.3315900 0.3300678 0.3236684 0.3137589 0.3017904 0.2885691 0.2621270 0.2497792 0.2381622 0.2295355 0.2198766 0.2116845 0.2054066 0.2043954 0.2028983 0.2055663 0.2079016 0.2111446 0.2147568 0.2183835 0.2317555 0.2352228 0.2383171 0.2193428 0.2211752 0.2088267 0.2097355 0.2103126 0.0000000E+00 0.0000000E+00 0.0000000E+00 0.0000000E+00 0.0000000E+00 0.0000000E+00 0.0000000E+00 0.0000000E+00 0.0000000E+00 0.0000000E+00 0.0000000E+00 0.0000000E+00 0.0000000E+00 0.0000000E+00
0.1864520 0.1761820 0.1752770 0.1792096 0.1926995 0.2100324 0.2295931 0.2617728 0.2861913 0.3073219 0.3267995 0.3371819 0.3488189 0.3509562 0.3480052 0.3382289 0.3246479 0.3091303 0.2931399 0.2774641 0.2501427 0.2349950 0.2223470 0.2138974 0.2037700 0.1959836 0.1913952 0.1903410 0.1939781 0.1978726 0.2025671 0.2073481 0.2118399 0.2229752 0.2339721 0.2375808 0.2406746 0.2293596 0.2312732 0.2023545 0.2028859 0.0000000E+00 0.0000000E+00 0.0000000E+00 0.0000000E+00 0.0000000E+00 0.0000000E+00 0.0000000E+00 0.0000000E+00 0.0000000E+00 0.0000000E+00 0.0000000E+00 0.0000000E+00 0.0000000E+00 0.0000000E+00
0.2032941 0.1908010 0.1940408 0.1971544 0.2081803 0.2234969 0.2410189 0.2645904 0.2858903 0.3080751 0.3297592 0.3636124 0.3726011 0.3786613 0.3707346 0.3562532 0.3373164 0.3171998 0.2975267 0.2788916 0.2606933 0.2441749 0.2178113 0.2064977 0.1936384 0.1834181 0.1777618 0.1776827 0.1834429 0.1899725 0.1968821 0.2033234 0.2089966 0.2209302 0.2254273 0.2367319 0.2401842 0.2288012 0.2258491 0.2273891 0.2286051 0.0000000E+00 0.0000000E+00 0.0000000E+00 0.0000000E+00 0.0000000E+00 0.0000000E+00 0.0000000E+00 0.0000000E+00 0.0000000E+00 0.0000000E+00 0.0000000E+00 0.0000000E+00 0.0000000E+00 0.0000000E+00
0.2048102 0.2034544 0.2076621 0.2105208 0.2247215 0.2346869 0.2546288 0.2738850 0.2956227 0.3208096 0.3469033 0.3736563 0.3922319 0.4113403 0.4010462 0.3760804 0.3498622 0.3244253 0.3009191 0.2794051 0.2589094 0.2402212 0.2221383 0.2042675 0.1816774 0.1672899 0.1594385 0.1614737 0.1712624 0.1816468 0.1912857 0.1995419 0.2064068 0.2190916 0.2241735 0.2283484 0.2208670 0.2233540 0.2253648 0.2269748 0.0000000E+00 0.0000000E+00 0.0000000E+00 0.0000000E+00 0.0000000E+00 0.0000000E+00 0.0000000E+00 0.0000000E+00 0.0000000E+00 0.0000000E+00 0.0000000E+00 0.0000000E+00 0.0000000E+00 0.0000000E+00 0.0000000E+00
0.2146241 0.2172479 0.2183773 0.2301033 0.2353825 0.2480775 0.2639824 0.2828994 0.3050029 0.3306390 0.3602628 0.3948996 0.4272405 0.4483016 0.4242191 0.3934788 0.3593351 0.3290441 0.3023165 0.2778839 0.2562470 0.2359493 0.2160669 0.1956160 0.1759097 0.1528712 0.1383735 0.1425080 0.1595329 0.1745496 0.1868355 0.1966549 0.2044793 0.2177491 0.2204410 0.2247585 0.2124625 0.2229296 0.2250047 0.0000000E+00 0.0000000E+00 0.0000000E+00 0.0000000E+00 0.0000000E+00 0.0000000E+00 0.0000000E+00 0.0000000E+00 0.0000000E+00 0.0000000E+00 0.0000000E+00 0.0000000E+00 0.0000000E+00 0.0000000E+00 0.0000000E+00 0.0000000E+00
