data/rasters/precip/precipitation_20000110.ASC
NCOLS                  300
NROWS                  325
XLLCORNER       0.0000000E+00
YLLCORNER        300000.0
CELLSIZE         1000.000
NODATA_VALUE    0.0000000E+00
[rows 154 to 175 of 325, columns 200 to 249 of 300]
0.0000000E+00 0.0000000E+00 0.0000000E+00 0.0000000E+00 0.0000000E+00 0.0000000E+00 0.0000000E+00 0.0000000E+00 0.0000000E+00 0.0000000E+00 0.0000000E+00 0.0000000E+00 0.0000000E+00 0.0000000E+00 0.0000000E+00 0.0000000E+00 0.0000000E+00 0.0000000E+00 0.0000000E+00 0.0000000E+00 0.0000000E+00 4.8683446E-02 4.8683446E-02 5.5866234E-02 5.3430323E-02 5.3430323E-02 5.1923297E-02 0.0000000E+00 0.0000000E+00 0.0000000E+00 0.0000000E+00 0.0000000E+00 0.0000000E+00 5.0531097E-02 5.3270314E-02 5.3470913E-02 5.3470913E-02 5.3470913E-02 5.3470913E-02 5.3470913E-02 5.3470913E-02 5.3470913E-02 5.3470913E-02 5.3470913E-02 5.0896138E-02 5.3470913E-02 5.3470913E-02 5.3470913E-02 4.8329737E-02 4.8329737E-02
0.0000000E+00 0.0000000E+00 0.0000000E+00 0.0000000E+00 0.0000000E+00 0.0000000E+00 0.0000000E+00 0.0000000E+00 0.0000000E+00 0.0000000E+00 0.0000000E+00 0.0000000E+00 0.0000000E+00 0.0000000E+00 0.0000000E+00 0.0000000E+00 0.0000000E+00 0.0000000E+00 0.0000000E+00 0.0000000E+00 5.0756183E-02 5.0756183E-02 4.8683446E-02 5.5866234E-02 5.3430323E-02 5.3430323E-02 5.3384256E-02 5.1881503E-02 4.9341571E-02 0.0000000E+00 0.0000000E+00 0.0000000E+00 4.8622619E-02 5.0513174E-02 5.3470913E-02 5.3470913E-02 5.3470913E-02 5.3470913E-02 5.3470913E-02 5.3470913E-02 5.3470913E-02 5.3470913E-02 5.3470913E-02 5.3470913E-02 5.0896138E-02 5.3470913E-02 5.3470913E-02 5.3470913E-02 4.8329737E-02 5.0888967E-02
0.0000000E+00 0.0000000E+00 0.0000000E+00 0.0000000E+00 0.0000000E+00 0.0000000E+00 0.0000000E+00 0.0000000E+00 0.0000000E+00 0.0000000E+00 0.0000000E+00 0.0000000E+00 0.0000000E+00 0.0000000E+00 0.0000000E+00 0.0000000E+00 0.0000000E+00 0.0000000E+00 0.0000000E+00 5.8977682E-02 5.3715661E-02 5.1224172E-02 5.5767193E-02 5.3206671E-02 5.3320061E-02 5.3430323E-02 5.3430323E-02 5.3430323E-02 5.3063802E-02 4.9687557E-02 0.0000000E+00 0.0000000E+00 5.0848678E-02 5.0896138E-02 5.0896138E-02 5.3470913E-02 5.3470913E-02 5.3470913E-02 5.3470913E-02 5.3470913E-02 5.3470913E-02 5.3470913E-02 5.3470913E-02 5.3470913E-02 5.6537282E-02 5.3470913E-02 5.3470913E-02 5.6537282E-02 5.0888967E-02 5.4006487E-02
0.0000000E+00 0.0000000E+00 0.0000000E+00 0.0000000E+00 0.0000000E+00 0.0000000E+00 0.0000000E+00 0.0000000E+00 0.0000000E+00 0.0000000E+00 0.0000000E+00 0.0000000E+00 0.0000000E+00 0.0000000E+00 0.0000000E+00 0.0000000E+00 4.8985299E-02 5.5833939E-02 6.6848919E-02 7.3457152E-02 6.3422933E-02 5.9453607E-02 5.2854747E-02 4.9368128E-02 5.3037293E-02 5.4884523E-02 5.3146526E-02 5.3430323E-02 5.3430323E-02 5.0561666E-02 5.0561666E-02 4.8178032E-02 5.0896138E-02 5.0896138E-02 5.0896138E-02 5.0896138E-02 5.3470913E-02 5.3470913E-02 5.3470913E-02 5.3470913E-02 5.3470913E-02 5.3470913E-02 5.3470913E-02 5.3470913E-02 5.3470913E-02 5.6537282E-02 5.3470913E-02 5.3470913E-02 5.0888967E-02 5.0888967E-02
0.0000000E+00 0.0000000E+00 0.0000000E+00 0.0000000E+00 0.0000000E+00 0.0000000E+00 0.0000000E+00 0.0000000E+00 0.0000000E+00 0.0000000E+00 0.0000000E+00 0.0000000E+00 0.0000000E+00 0.0000000E+00 0.0000000E+00 0.0000000E+00 6.1888352E-02 8.7701201E-02 0.1059492 9.7192697E-02 7.8435458E-02 6.1237413E-02 0.0000000E+00 0.0000000E+00 0.0000000E+00 5.2194048E-02 5.3564440E-02 5.6568228E-02 5.6926377E-02 5.6926377E-02 5.3430323E-02 5.0561666E-02 5.0561666E-02 5.0896138E-02 5.0896138E-02 5.0896138E-02 5.0896138E-02 5.0896138E-02 5.3470913E-02 5.3470913E-02 5.0896138E-02 5.3470913E-02 5.3470913E-02 5.3470913E-02 5.6537282E-02 5.6537282E-02 5.6537282E-02 6.0229819E-02 5.6537282E-02 5.0888967E-02
0.0000000E+00 0.0000000E+00 0.0000000E+00 0.0000000E+00 0.0000000E+00 0.0000000E+00 0.0000000E+00 0.0000000E+00 0.0000000E+00 0.0000000E+00 0.0000000E+00 0.0000000E+00 0.0000000E+00 0.0000000E+00 0.0000000E+00 5.2452624E-02 8.4911823E-02 0.1169175 0.1446788 0.1304640 9.3634158E-02 5.9141837E-02 0.0000000E+00 0.0000000E+00 0.0000000E+00 0.0000000E+00 4.8787154E-02 5.4698411E-02 5.3430323E-02 5.3430323E-02 5.0561666E-02 5.0561666E-02 5.0561666E-02 5.0561666E-02 5.0896138E-02 5.0896138E-02 5.0896138E-02 4.8712745E-02 4.8712745E-02 5.0896138E-02 5.0896138E-02 5.0896138E-02 5.0896138E-02 5.3470913E-02 5.6537282E-02 6.0229819E-02 6.0229819E-02 6.0229819E-02 6.0229819E-02 5.0888967E-02
0.0000000E+00 0.0000000E+00 0.0000000E+00 0.0000000E+00 0.0000000E+00 0.0000000E+00 0.0000000E+00 0.0000000E+00 0.0000000E+00 0.0000000E+00 0.0000000E+00 0.0000000E+00 0.0000000E+00 0.0000000E+00 0.0000000E+00 5.7249878E-02 9.3410105E-02 0.1369045 0.1927238 0.1514734 9.8878704E-02 5.3849727E-02 0.0000000E+00 0.0000000E+00 0.0000000E+00 0.0000000E+00 0.0000000E+00 4.9643196E-02 5.3235766E-02 5.3430323E-02 5.0561666E-02 5.0561666E-02 5.0561666E-02 5.0561666E-02 4.8178032E-02 5.0896138E-02 4.8712745E-02 4.8712745E-02 4.8712745E-02 4.8712745E-02 5.0896138E-02 5.0896138E-02 5.0896138E-02 5.3470913E-02 5.6537282E-02 5.6537282E-02 5.6537282E-02 6.0229819E-02 6.0229819E-02 5.4006487E-02
0.0000000E+00 0.0000000E+00 0.0000000E+00 0.0000000E+00 0.0000000E+00 0.0000000E+00 0.0000000E+00 0.0000000E+00 0.0000000E+00 0.0000000E+00 0.0000000E+00 0.0000000E+00 0.0000000E+00 0.0000000E+00 0.0000000E+00 6.9338761E-02 8.7389499E-02 0.1325776 0.1567389 0.1348896 8.9708351E-02 0.0000000E+00 0.0000000E+00 0.0000000E+00 0.0000000E+00 0.0000000E+00 0.0000000E+00 4.8826512E-02 5.3056952E-02 5.3430323E-02 5.0561666E-02 5.3430323E-02 5.0561666E-02 4.8178032E-02 4.8178032E-02 4.8178032E-02 5.0896138E-02 5.0896138E-02 4.8712745E-02 4.8712745E-02 5.0896138E-02 5.0896138E-02 5.3470913E-02 5.6537282E-02 5.6537282E-02 5.6537282E-02 5.6537282E-02 5.6537282E-02 5.6537282E-02 5.4006487E-02
0.0000000E+00 0.0000000E+00 0.0000000E+00 0.0000000E+00 0.0000000E+00 0.0000000E+00 0.0000000E+00 0.0000000E+00 0.0000000E+00 0.0000000E+00 0.0000000E+00 0.0000000E+00 0.0000000E+00 0.0000000E+00 5.0648063E-02 6.4911008E-02 8.0632448E-02 0.1054272 0.1186969 0.1054778 7.9138704E-02 0.0000000E+00 0.0000000E+00 0.0000000E+00 0.0000000E+00 0.0000000E+00 0.0000000E+00 4.9539268E-02 5.3215239E-02 5.3430323E-02 5.0561666E-02 5.0561666E-02 4.8178032E-02 4.8178032E-02 4.8178032E-02 4.8178032E-02 4.8178032E-02 5.0896138E-02 5.0896138E-02 5.0896138E-02 5.0896138E-02 5.3470913E-02 5.6537282E-02 5.6537282E-02 5.6537282E-02 5.6537282E-02 5.6537282E-02 5.6537282E-02 5.6537282E-02 5.0888967E-02
0.0000000E+00 0.0000000E+00 0.0000000E+00 0.0000000E+00 0.0000000E+00 0.0000000E+00 0.0000000E+00 0.0000000E+00 0.0000000E+00 0.0000000E+00 0.0000000E+00 0.0000000E+00 0.0000000E+00 0.0000000E+00 5.0397787E-02 6.0551334E-02 6.9018699E-02 8.2032047E-02 9.0781629E-02 8.0892548E-02 6.0281996E-02 0.0000000E+00 0.0000000E+00 0.0000000E+00 0.0000000E+00 0.0000000E+00 0.0000000E+00 5.1330410E-02 5.3430207E-02 5.3430323E-02 5.0561666E-02 5.0550081E-02 5.0271407E-02 0.0000000E+00 0.0000000E+00 4.8172474E-02 4.8178032E-02 4.8178032E-02 5.0561666E-02 5.3470913E-02 5.3470913E-02 5.3470913E-02 6.0229819E-02 6.0229819E-02 6.0229819E-02 6.0477410E-02 5.7146944E-02 5.6818865E-02 5.0888967E-02 5.0888967E-02
0.0000000E+00 0.0000000E+00 0.0000000E+00 0.0000000E+00 0.0000000E+00 0.0000000E+00 0.0000000E+00 0.0000000E+00 0.0000000E+00 0.0000000E+00 0.0000000E+00 0.0000000E+00 0.0000000E+00 5.0042260E-02 5.0042260E-02 5.5953585E-02 5.5951454E-02 7.2532333E-02 6.8563230E-02 6.3523278E-02 4.9816240E-02 0.0000000E+00 0.0000000E+00 0.0000000E+00 0.0000000E+00 0.0000000E+00 0.0000000E+00 5.3034347E-02 5.0561666E-02 5.0561666E-02 5.0117683E-02 4.8469525E-02 0.0000000E+00 0.0000000E+00 0.0000000E+00 4.8563756E-02 5.0175883E-02 5.0561666E-02 5.0561666E-02 5.0561666E-02 5.3470913E-02 5.6537282E-02 5.6537282E-02 6.0803898E-02 6.5326922E-02 7.1002670E-02 7.3703751E-02 7.1376570E-02 5.9165362E-02 5.4739401E-02
0.0000000E+00 0.0000000E+00 0.0000000E+00 0.0000000E+00 0.0000000E+00 0.0000000E+00 0.0000000E+00 0.0000000E+00 0.0000000E+00 0.0000000E+00 0.0000000E+00 0.0000000E+00 0.0000000E+00 5.0042260E-02 5.0042260E-02 5.2513558E-02 5.2513558E-02 5.8311842E-02 6.1981846E-02 5.1081430E-02 5.0342571E-02 5.1558226E-02 4.9749602E-02 5.1815875E-02 5.2584350E-02 5.1360462E-02 5.3040363E-02 4.8178032E-02 4.8178032E-02 0.0000000E+00 0.0000000E+00 0.0000000E+00 0.0000000E+00 0.0000000E+00 0.0000000E+00 0.0000000E+00 0.0000000E+00 5.0229765E-02 5.0561666E-02 5.0561666E-02 5.3430323E-02 5.3430323E-02 5.7096701E-02 6.8737589E-02 8.3553798E-02 9.9377513E-02 0.1068458 0.1004090 7.7319600E-02 6.2844306E-02
0.0000000E+00 0.0000000E+00 0.0000000E+00 0.0000000E+00 0.0000000E+00 0.0000000E+00 0.0000000E+00 0.0000000E+00 0.0000000E+00 0.0000000E+00 0.0000000E+00 0.0000000E+00 0.0000000E+00 0.0000000E+00 5.2513558E-02 5.2513558E-02 5.0042260E-02 5.7893351E-02 5.3032566E-02 4.8178032E-02 5.0561666E-02 5.3430323E-02 5.3259924E-02 5.6533240E-02 6.0988583E-02 5.6926377E-02 5.3430323E-02 5.3430323E-02 5.3429779E-02 4.8655439E-02 0.0000000E+00 0.0000000E+00 0.0000000E+00 0.0000000E+00 0.0000000E+00 0.0000000E+00 0.0000000E+00 4.8831299E-02 5.0561666E-02 5.0561666E-02 5.3430323E-02 5.3430323E-02 5.8184512E-02 7.5463243E-02 0.1144347 0.1496239 0.1677346 0.1520558 0.1090577 7.8072667E-02
0.0000000E+00 0.0000000E+00 0.0000000E+00 0.0000000E+00 0.0000000E+00 0.0000000E+00 0.0000000E+00 0.0000000E+00 0.0000000E+00 0.0000000E+00 0.0000000E+00 0.0000000E+00 0.0000000E+00 0.0000000E+00 5.2513558E-02 5.0042260E-02 5.0042260E-02 5.3032566E-02 5.0630085E-02 4.8178032E-02 5.0561666E-02 5.0561666E-02 5.3430323E-02 5.6926377E-02 6.1248779E-02 5.3430323E-02 5.3430323E-02 5.3430323E-02 5.3230576E-02 4.9601182E-02 0.0000000E+00 0.0000000E+00 0.0000000E+00 0.0000000E+00 0.0000000E+00 0.0000000E+00 0.0000000E+00 0.0000000E+00 5.0441489E-02 5.3430323E-02 5.3430323E-02 5.3677492E-02 6.3570276E-02 9.0987444E-02 0.1455908 0.2139616 0.2595523 0.2230800 0.1467133 9.4778292E-02
0.0000000E+00 0.0000000E+00 0.0000000E+00 0.0000000E+00 0.0000000E+00 0.0000000E+00 0.0000000E+00 0.0000000E+00 0.0000000E+00 0.0000000E+00 0.0000000E+00 0.0000000E+00 0.0000000E+00 0.0000000E+00 0.0000000E+00 5.0042260E-02 0.0000000E+00 5.0630085E-02 5.0630085E-02 5.5866234E-02 5.0561666E-02 5.0561666E-02 5.0561666E-02 5.6926377E-02 5.6926377E-02 5.6926377E-02 5.3430323E-02 5.3430323E-02 5.3110946E-02 4.9037922E-02 0.0000000E+00 0.0000000E+00 0.0000000E+00 0.0000000E+00 0.0000000E+00 0.0000000E+00 0.0000000E+00 0.0000000E+00 5.3193938E-02 5.3430323E-02 5.3430323E-02 5.4053597E-02 6.6193700E-02 9.8512806E-02 0.1598482 0.2606511 0.3903669 0.2699675 0.1619181 9.7917460E-02
0.0000000E+00 0.0000000E+00 0.0000000E+00 0.0000000E+00 0.0000000E+00 0.0000000E+00 0.0000000E+00 0.0000000E+00 0.0000000E+00 0.0000000E+00 0.0000000E+00 0.0000000E+00 0.0000000E+00 0.0000000E+00 0.0000000E+00 0.0000000E+00 0.0000000E+00 5.0630085E-02 5.0630085E-02 5.5866234E-02 5.0561666E-02 5.0561666E-02 5.0561666E-02 5.3430323E-02 5.0561666E-02 5.6926377E-02 5.6926377E-02 5.3430323E-02 5.3294312E-02 4.9950238E-02 0.0000000E+00 0.0000000E+00 0.0000000E+00 0.0000000E+00 0.0000000E+00 0.0000000E+00 0.0000000E+00 5.0214849E-02 5.3345539E-02 5.3430323E-02 5.3430323E-02 5.3732697E-02 6.4015642E-02 9.2261195E-02 0.1441490 0.2208922 0.2745660 0.2233832 0.1497206 9.5952146E-02
0.0000000E+00 0.0000000E+00 0.0000000E+00 0.0000000E+00 0.0000000E+00 0.0000000E+00 0.0000000E+00 0.0000000E+00 0.0000000E+00 0.0000000E+00 0.0000000E+00 0.0000000E+00 0.0000000E+00 0.0000000E+00 0.0000000E+00 0.0000000E+00 0.0000000E+00 5.0630085E-02 5.3032566E-02 5.5866234E-02 5.5866234E-02 5.0561666E-02 5.3430323E-02 5.0561666E-02 5.0561666E-02 5.0561666E-02 5.6926377E-02 5.6926377E-02 5.3430323E-02 5.1753867E-02 0.0000000E+00 0.0000000E+00 0.0000000E+00 0.0000000E+00 0.0000000E+00 0.0000000E+00 4.9801536E-02 5.5210818E-02 5.3430323E-02 5.3430323E-02 5.6926377E-02 5.6926377E-02 6.2456198E-02 8.1310533E-02 0.1136766 0.1515505 0.1765608 0.1500588 0.1125675 7.9683840E-02
0.0000000E+00 0.0000000E+00 0.0000000E+00 0.0000000E+00 0.0000000E+00 0.0000000E+00 0.0000000E+00 0.0000000E+00 0.0000000E+00 0.0000000E+00 0.0000000E+00 0.0000000E+00 0.0000000E+00 0.0000000E+00 0.0000000E+00 0.0000000E+00 0.0000000E+00 5.0630085E-02 5.3032566E-02 5.5866234E-02 5.5866234E-02 5.0561666E-02 5.0561666E-02 5.0561666E-02 5.0561666E-02 5.0561666E-02 5.6926377E-02 5.6926377E-02 5.6926377E-02 5.3237520E-02 5.0906502E-02 4.9801536E-02 0.0000000E+00 0.0000000E+00 0.0000000E+00 5.0022010E-02 5.4240886E-02 5.6764446E-02 5.6926377E-02 5.3448167E-02 5.3778972E-02 5.7214212E-02 5.7758521E-02 6.6325158E-02 8.2087889E-02 9.9121831E-02 0.1126281 9.6231140E-02 7.9773463E-02 6.4053454E-02
0.0000000E+00 0.0000000E+00 0.0000000E+00 0.0000000E+00 0.0000000E+00 0.0000000E+00 0.0000000E+00 0.0000000E+00 0.0000000E+00 0.0000000E+00 0.0000000E+00 0.0000000E+00 0.0000000E+00 0.0000000E+00 0.0000000E+00 0.0000000E+00 0.0000000E+00 5.3032566E-02 5.3032566E-02 5.5866234E-02 5.5866234E-02 5.0561666E-02 5.0561666E-02 5.0561666E-02 5.0561666E-02 5.0561666E-02 5.3430323E-02 5.6926377E-02 5.6926377E-02 5.6926377E-02 5.6750759E-02 5.5303629E-02 5.3625681E-02 5.2933648E-02 5.7533834E-02 5.5393565E-02 5.6790106E-02 5.6929708E-02 5.9631132E-02 6.4830028E-02 6.4646758E-02 6.4068802E-02 6.3511729E-02 5.9529461E-02 6.3005902E-02 6.9226354E-02 6.8711095E-02 6.6246301E-02 6.0350321E-02 5.5187095E-02
0.0000000E+00 0.0000000E+00 0.0000000E+00 0.0000000E+00 0.0000000E+00 0.0000000E+00 0.0000000E+00 0.0000000E+00 0.0000000E+00 0.0000000E+00 0.0000000E+00 0.0000000E+00 0.0000000E+00 0.0000000E+00 0.0000000E+00 0.0000000E+00 0.0000000E+00 5.3032566E-02 5.3032566E-02 5.5866234E-02 5.5866234E-02 5.0561666E-02 5.0561666E-02 5.0561666E-02 5.0561666E-02 5.0561666E-02 5.0561666E-02 5.3430323E-02 5.6926377E-02 5.6926377E-02 5.6926377E-02 6.1248779E-02 6.1204486E-02 6.1105389E-02 6.1211582E-02 5.6926414E-02 5.6926377E-02 6.1249945E-02 7.3248290E-02 8.8683978E-02 9.9353582E-02 9.3199603E-02 8.0608785E-02 6.9695652E-02 5.9350178E-02 5.7501275E-02 5.1490631E-02 5.4655839E-02 5.4044262E-02 5.4043882E-02
0.0000000E+00 0.0000000E+00 0.0000000E+00 0.0000000E+00 0.0000000E+00 0.0000000E+00 0.0000000E+00 0.0000000E+00 0.0000000E+00 0.0000000E+00 0.0000000E+00 0.0000000E+00 0.0000000E+00 0.0000000E+00 0.0000000E+00 0.0000000E+00 0.0000000E+00 5.3032566E-02 5.3032566E-02 5.5866234E-02 5.5866234E-02 5.5866234E-02 5.0561666E-02 5.0561666E-02 5.0561666E-02 5.0561666E-02 5.0561666E-02 5.3430323E-02 5.3430323E-02 5.6926377E-02 5.6926377E-02 6.6682369E-02 6.6682369E-02 6.8228185E-02 6.5848731E-02 6.7756489E-02 6.4313628E-02 7.4904837E-02 9.7651124E-02 0.1314488 0.1571892 0.1529243 0.1227942 8.5407764E-02 6.7173429E-02 5.0923899E-02 5.0483819E-02 5.4043882E-02 5.4043882E-02 5.4043882E-02
0.0000000E+00 0.0000000E+00 0.0000000E+00 0.0000000E+00 0.0000000E+00 0.0000000E+00 0.0000000E+00 0.0000000E+00 0.0000000E+00 0.0000000E+00 0.0000000E+00 0.0000000E+00 0.0000000E+00 0.0000000E+00 0.0000000E+00 0.0000000E+00 0.0000000E+00 5.3030100E-02 5.3032566E-02 5.5866234E-02 5.5866234E-02 5.5866234E-02 5.0561666E-02 5.0561666E-02 5.0561666E-02 5.0561666E-02 5.0561666E-02 5.3430323E-02 5.3430323E-02 6.1248779E-02 6.6682369E-02 6.6682369E-02 7.0128694E-02 7.8868926E-02 8.8763066E-02 8.8302173E-02 9.3231164E-02 0.1049535 0.1367560 0.1888065 0.2470007 0.2358107 0.1704893 0.1124305 7.2114669E-02 5.2800145E-02 5.0483819E-02 5.4043882E-02 5.4043882E-02 5.8599357E-02
