data/rasters/precip/precipitation_20000107.ASC
NCOLS                  300
NROWS                  325
XLLCORNER       0.0000000E+00
YLLCORNER        300000.0
CELLSIZE         1000.000
NODATA_VALUE    0.0000000E+00
[rows 48 to 71 of 325, columns 159 to 211 of 300]
0.4949692 0.5923175 0.6938300 0.7979854 0.9108541 1.026654 1.135825 1.248000 1.356092 1.456180 1.549506 1.623753 1.678905 1.711941 1.721695 1.707490 1.675715 1.629673 1.569800 1.509343 1.448063 1.389447 1.333419 1.280204 1.230328 1.182122 1.126420 1.079911 1.029978 0.9885516 0.9485263 0.9184145 0.8876640 0.8614088 0.8352137 0.8194522 0.8073213 0.8008500 0.8204895 0.8512470 0.8866966 0.9271951 0.9745660 1.031154 1.094651 1.160843 1.243925 1.323190 1.410660 1.503728 1.604299 1.704723 1.805414
0.5367230 0.6299745 0.7321117 0.8420820 0.9559773 1.066254 1.185372 1.303897 1.420356 1.530132 1.630853 1.717674 1.781149 1.819032 1.828000 1.813462 1.776090 1.717521 1.654641 1.587166 1.518411 1.451687 1.387490 1.326061 1.268445 1.211687 1.149830 1.096967 1.040691 0.9939248 0.9504239 0.9108457 0.8793327 0.8509617 0.8251837 0.8107772 0.8021140 0.8023273 0.8171033 0.8432476 0.8771599 0.9178033 0.9650186 1.023458 1.085799 1.161015 1.248482 1.334842 1.427751 1.529150 1.639276 1.751266 1.866722
0.5942177 0.6829377 0.7816237 0.8930441 0.9981791 1.117117 1.240051 1.364734 1.489460 1.612646 1.724702 1.821958 1.899000 1.942854 1.950616 1.927833 1.880996 1.811881 1.739442 1.663337 1.587028 1.511898 1.439957 1.370939 1.304736 1.242380 1.172482 1.114495 1.051828 0.9994456 0.9505351 0.9085032 0.8691136 0.8397734 0.8151146 0.8014055 0.7961762 0.7988552 0.8118950 0.8342494 0.8656634 0.9044076 0.9509624 1.009957 1.074449 1.148634 1.239983 1.338197 1.439224 1.544862 1.659947 1.779729 1.906528
0.6620123 0.7426310 0.8353876 0.9384808 1.051512 1.171788 1.297656 1.427599 1.560341 1.695176 1.821909 1.936237 2.028594 2.080598 2.084785 2.049847 1.982457 1.905254 1.821570 1.736137 1.651377 1.568778 1.489809 1.414029 1.341284 1.272753 1.196633 1.131604 1.068412 1.009393 0.9536793 0.9028714 0.8584303 0.8246067 0.8024698 0.7917650 0.7876378 0.7912609 0.8033170 0.8240531 0.8519751 0.8883467 0.9332930 0.9916980 1.057688 1.135146 1.229806 1.332871 1.438158 1.552719 1.669208 1.790082 1.916853
0.7286565 0.8078222 0.8902900 0.9995775 1.106891 1.227146 1.354688 1.488547 1.628112 1.774017 1.916692 2.052814 2.167362 2.234602 2.229749 2.168484 2.084931 1.991796 1.896345 1.801946 1.710204 1.620934 1.536099 1.454693 1.376445 1.302639 1.227946 1.156801 1.081567 1.017104 0.9561192 0.8981189 0.8458669 0.8067532 0.7887393 0.7802618 0.7770619 0.7807935 0.7922429 0.8110521 0.8365597 0.8701124 0.9122934 0.9687243 1.035849 1.116916 1.209718 1.316236 1.430095 1.545889 1.660877 1.778935 1.896056
0.7934735 0.8616887 0.9492285 1.056727 1.166289 1.284948 1.407719 1.543306 1.690676 1.841038 1.997413 2.156857 2.308443 2.404629 2.375400 2.278100 2.171049 2.063509 1.958722 1.857736 1.760847 1.667744 1.578055 1.492484 1.410023 1.338403 1.253652 1.177909 1.097624 1.028426 0.9620321 0.8991506 0.8399969 0.7952805 0.7788718 0.7699213 0.7657059 0.7689006 0.7794192 0.7971668 0.8214445 0.8514544 0.8893428 0.9393092 1.009933 1.096339 1.194120 1.302915 1.410046 1.531192 1.641731 1.750298 1.855170
0.8530876 0.9192305 1.003623 1.108621 1.214855 1.330574 1.455501 1.589501 1.732814 1.885510 2.047579 2.219393 2.402202 2.592498 2.469555 2.345067 2.225806 2.112279 2.004077 1.900790 1.801996 1.707257 1.615161 1.537409 1.451897 1.368596 1.280090 1.200696 1.116245 1.043279 0.9733879 0.9077228 0.8491979 0.8027124 0.7775763 0.7615467 0.7545924 0.7560205 0.7661871 0.7840195 0.8080938 0.8362148 0.8686785 0.9101355 0.9829696 1.078991 1.181955 1.290934 1.396936 1.500583 1.616216 1.713042 1.804053
0.9037977 0.9752520 1.056426 1.158198 1.260173 1.371441 1.491839 1.621251 1.763384 1.909982 2.062231 2.222323 2.377102 2.477400 2.441409 2.346004 2.240479 2.133882 2.030134 1.929840 1.832974 1.739276 1.659399 1.570348 1.483682 1.398653 1.307631 1.225567 1.137676 1.061731 0.9891536 0.9213471 0.8611234 0.8093000 0.7770559 0.7543730 0.7426227 0.7425629 0.7532896 0.7733117 0.8001095 0.8306737 0.8617904 0.8920862 0.9713275 1.075321 1.178906 1.284739 1.385433 1.482232 1.573223 1.674226 1.747566
0.9578510 1.026685 1.104151 1.201801 1.298495 1.403830 1.517586 1.639421 1.772453 1.907498 2.045857 2.180908 2.295959 2.365518 2.362172 2.306147 2.225811 2.140950 2.051217 1.960040 1.869770 1.788451 1.700166 1.601294 1.514579 1.429211 1.336743 1.243069 1.162521 1.084031 1.008586 0.9377229 0.8671319 0.8148199 0.7757290 0.7459183 0.7291548 0.7278375 0.7408243 0.7659685 0.7996821 0.8379247 0.8785754 0.9289389 1.001143 1.092886 1.189055 1.282844 1.379431 1.466350 1.547344 1.636270 1.694763
1.007208 1.072767 1.145926 1.226999 1.329105 1.427302 1.532787 1.644888 1.766069 1.894414 2.013344 2.124128 2.214805 2.263524 2.272158 2.241764 2.185934 2.116123 2.039248 1.966128 1.892691 1.810335 1.727215 1.643056 1.558086 1.473307 1.388206 1.273233 1.191168 1.110492 1.032131 0.9573826 0.8804930 0.8208104 0.7744573 0.7358408 0.7136712 0.7112656 0.7288386 0.7627673 0.8071856 0.8571729 0.9106608 0.9739417 1.045054 1.126174 1.211677 1.295686 1.380527 1.455836 1.525427 1.582682 1.649452
1.051286 1.112859 1.181162 1.256489 1.351848 1.442117 1.549057 1.653450 1.757529 1.862015 1.963193 2.054983 2.129330 2.172004 2.185620 2.172027 2.136029 2.084743 2.023659 1.965246 1.894418 1.827926 1.751318 1.672049 1.591306 1.508162 1.424295 1.321602 1.237351 1.153414 1.060952 0.9821301 0.8985997 0.8309514 0.7750930 0.7256256 0.6952727 0.6909429 0.7167611 0.7646692 0.8242177 0.8881508 0.9527029 1.023387 1.095609 1.169425 1.245298 1.317050 1.390624 1.454151 1.508341 1.552402 1.608637
1.089276 1.146348 1.209478 1.278801 1.378273 1.460845 1.547704 1.640852 1.732026 1.822094 1.907617 1.984501 2.043442 2.086022 2.106602 2.102993 2.082935 2.048201 2.011306 1.958398 1.899156 1.834862 1.772857 1.701116 1.625182 1.546228 1.460196 1.361889 1.277686 1.192772 1.107876 1.012748 0.9251219 0.8541116 0.7862499 0.7205154 0.6736642 0.6662030 0.7070383 0.7764965 0.8550724 0.9335412 1.007673 1.083336 1.151491 1.216972 1.282108 1.345189 1.403033 1.456255 1.496596 1.527764 1.548473
1.120088 1.172664 1.242080 1.306787 1.387869 1.462308 1.539737 1.622020 1.701030 1.777882 1.849970 1.914771 1.965595 2.005791 2.030803 2.039970 2.030427 2.018702 1.988697 1.949307 1.902123 1.848302 1.788652 1.729856 1.659800 1.586836 1.504316 1.406355 1.324439 1.239669 1.153949 1.056469 0.9811743 0.9008784 0.8121437 0.7300421 0.6565122 0.6362087 0.7104733 0.8100147 0.9084209 0.9993272 1.080727 1.156538 1.220132 1.277508 1.329855 1.379386 1.418915 1.458468 1.484918 1.503187 1.518978
1.142712 1.202746 1.257866 1.317133 1.391386 1.458154 1.526747 1.598985 1.666947 1.732004 1.792365 1.846589 1.891118 1.930089 1.959901 1.978440 1.991424 1.982785 1.966413 1.940127 1.905088 1.862211 1.812175 1.755043 1.698753 1.624971 1.551480 1.470580 1.377117 1.294898 1.195450 1.123321 1.042150 0.9585376 0.8714487 0.7800609 0.6909190 0.6471933 0.7657806 0.8852097 0.9953961 1.092489 1.174650 1.245980 1.301507 1.345888 1.382031 1.419990 1.444746 1.463347 1.484058 1.490404 1.489092
1.167976 1.215985 1.267337 1.321795 1.378920 1.449605 1.510240 1.573543 1.631829 1.686604 1.736413 1.780684 1.819211 1.857928 1.894052 1.927617 1.946644 1.954136 1.946158 1.932384 1.909356 1.874771 1.834779 1.786595 1.731438 1.670842 1.602554 1.525791 1.433250 1.353216 1.271273 1.194183 1.116177 1.039786 0.9615168 0.8880351 0.8308219 0.8276934 0.9054716 1.014596 1.123095 1.217788 1.296647 1.353988 1.395049 1.423030 1.448568 1.464312 1.474513 1.478870 1.484918 1.479871 1.468896
1.180580 1.223070 1.271376 1.321716 1.373724 1.437842 1.491557 1.547214 1.597438 1.643799 1.684775 1.719393 1.749484 1.789265 1.834764 1.878210 1.907503 1.923837 1.931390 1.924331 1.912808 1.892292 1.862885 1.824232 1.773149 1.718300 1.661478 1.589416 1.521437 1.423208 1.349073 1.275140 1.207194 1.141150 1.079133 1.029917 1.005784 1.024616 1.091601 1.189097 1.290478 1.376523 1.441160 1.480322 1.499315 1.505903 1.511794 1.510522 1.503303 1.493345 1.480519 1.470897 1.451228
1.183792 1.229134 1.275430 1.317968 1.365583 1.423937 1.471789 1.521125 1.565059 1.605371 1.640699 1.669421 1.690271 1.732986 1.790261 1.836558 1.873203 1.900243 1.917960 1.921391 1.921328 1.912293 1.893482 1.865420 1.823582 1.776048 1.724439 1.662921 1.607720 1.502640 1.433679 1.369242 1.306528 1.251195 1.210301 1.184899 1.185631 1.222185 1.295368 1.392099 1.490509 1.566157 1.608940 1.619233 1.609146 1.595507 1.574216 1.551578 1.529143 1.505462 1.481188 1.455663 1.434372
1.183516 1.227430 1.271499 1.315644 1.359627 1.399014 1.451723 1.493135 1.535149 1.571757 1.605234 1.634744 1.664722 1.705333 1.757770 1.805591 1.846829 1.880956 1.907517 1.926345 1.931786 1.934461 1.927271 1.906516 1.882580 1.842524 1.786703 1.741156 1.666546 1.602619 1.521389 1.463978 1.410605 1.367737 1.343210 1.336122 1.356525 1.410267 1.496745 1.606641 1.714838 1.784799 1.792619 1.761546 1.718044 1.673034 1.627424 1.586093 1.548463 1.512407 1.478109 1.444624 1.416572
1.173995 1.223567 1.265674 1.307194 1.347909 1.387576 1.435069 1.471921 1.509695 1.543490 1.575194 1.606903 1.642359 1.686092 1.733222 1.780655 1.824854 1.864552 1.898823 1.927143 1.947057 1.962029 1.963559 1.958474 1.940332 1.908064 1.869457 1.797673 1.739686 1.684898 1.607833 1.556214 1.510650 1.477939 1.466156 1.472970 1.507486 1.574329 1.675471 1.807158 1.948741 2.023451 1.974637 1.889489 1.804469 1.731756 1.665428 1.608067 1.557689 1.511464 1.469099 1.426690 1.388613
1.170872 1.210480 1.251184 1.298177 1.336051 1.372361 1.407069 1.448261 1.482458 1.513694 1.546966 1.580164 1.618340 1.663924 1.710945 1.759208 1.806283 1.851087 1.892569 1.930074 1.962813 1.981218 1.999718 2.008130 2.001566 1.977219 1.925403 1.875200 1.817253 1.762923 1.705631 1.640471 1.600274 1.574419 1.570781 1.585643 1.627345 1.699994 1.806679 1.949745 2.129954 2.254992 2.094854 1.964552 1.854597 1.760164 1.679419 1.610806 1.550143 1.497866 1.449815 1.405869 1.364868
1.162621 1.205688 1.245075 1.281929 1.324819 1.358101 1.389295 1.425642 1.454951 1.484071 1.516591 1.550793 1.593550 1.638706 1.686578 1.735837 1.785223 1.833613 1.880843 1.926246 1.966810 2.000399 2.033864 2.058189 2.065612 2.048606 2.002903 1.949961 1.888701 1.826837 1.778414 1.714624 1.677204 1.654762 1.654418 1.671322 1.712463 1.780220 1.875806 1.993253 2.120778 2.171734 2.085863 1.965922 1.856815 1.756924 1.670865 1.597063 1.531754 1.475477 1.424313 1.378141 1.335849
1.157580 1.200997 1.237837 1.274957 1.308139 1.338838 1.373347 1.397912 1.428692 1.453162 1.483448 1.518887 1.564146 1.611242 1.660250 1.710485 1.761493 1.812751 1.864510 1.914501 1.966532 2.017634 2.061335 2.104867 2.128317 2.124725 2.080458 2.019067 1.950917 1.885110 1.826471 1.780331 1.731715 1.709551 1.708403 1.722594 1.756517 1.810999 1.883576 1.965540 2.034527 2.053171 2.004689 1.915704 1.822456 1.731381 1.649610 1.579161 1.513574 1.439996 1.389359 1.342894 1.300831
1.153071 1.196944 1.233292 1.269582 1.301205 1.329676 1.353789 1.380645 1.399623 1.421549 1.446749 1.485533 1.533994 1.582635 1.632079 1.682469 1.734029 1.786994 1.839751 1.896325 1.955247 2.016295 2.074289 2.136712 2.193177 2.199581 2.145837 2.068462 1.991249 1.921004 1.860360 1.813862 1.776561 1.740804 1.731524 1.742351 1.764953 1.801911 1.848871 1.896655 1.930415 1.931293 1.894867 1.833175 1.753113 1.673686 1.595480 1.526556 1.467628 1.410994 1.360080 1.315103 1.259538
1.149499 1.194014 1.230392 1.264084 1.296977 1.322305 1.345277 1.364424 1.379981 1.395775 1.407826 1.460202 1.506607 1.554488 1.602524 1.651497 1.711663 1.763870 1.819571 1.877867 1.939764 2.006837 2.072167 2.146398 2.230325 2.274217 2.179485 2.085793 2.004244 1.933054 1.872117 1.819281 1.785792 1.758949 1.732954 1.734900 1.744625 1.763799 1.788178 1.810496 1.821391 1.811159 1.778924 1.727540 1.663434 1.595738 1.529005 1.466472 1.405682 1.355738 1.307756 1.266280 1.227251
