data/rasters/precip/precipitation_20000101.ASC
NCOLS                  300
NROWS                  325
XLLCORNER       0.0000000E+00
YLLCORNER        300000.0
CELLSIZE         1000.000
NODATA_VALUE    0.0000000E+00
[rows 264 to 287 of 325, columns 165 to 219 of 300]
0.2545977 0.3111416 0.3123231 0.3159601 0.3218643 0.3297124 0.3390766 0.3492505 0.3826406 0.3859211 0.3880167 0.3943390 0.3925915 0.3923581 0.3931064 0.3942572 0.3886316 0.3877762 0.3894393 0.3883319 0.3963325 0.4585626 0.4681666 0.4793398 0.4905502 0.5000277 0.5064172 0.5089201 0.5156479 0.5103579 0.5023323 0.4929110 0.4838215 0.4843294 0.4981121 0.5258269 0.5211135 0.5175814 0.5158480 0.5157614 0.5157614 0.5264721 0.5357170 0.0000000E+00 0.5779492 0.0000000E+00 0.0000000E+00 0.0000000E+00 0.0000000E+00 0.0000000E+00 0.0000000E+00 0.0000000E+00 0.0000000E+00 0.0000000E+00 0.0000000E+00
0.2866521 0.3092062 0.3096240 0.3120486 0.3169477 0.3241291 0.3329194 0.3727371 0.3798065 0.3968965 0.3914650 0.3859166 0.3828799 0.3821152 0.3835183 0.3863108 0.3895563 0.3925762 0.3919495 0.4521025 0.4370750 0.4453943 0.4546443 0.4659143 0.4771159 0.4889468 0.4988990 0.5059414 0.5171870 0.5166058 0.5263702 0.5207629 0.5144858 0.5388896 0.5381707 0.5314181 0.5251286 0.5200028 0.5166983 0.5157614 0.5157614 0.5157614 0.5357170 0.5779492 0.5779492 0.5779492 0.5779492 0.5779492 0.0000000E+00 0.0000000E+00 0.0000000E+00 0.0000000E+00 0.0000000E+00 0.0000000E+00 0.0000000E+00
0.2905166 0.3143596 0.3087854 0.3097846 0.3135148 0.3278974 0.3348745 0.3715338 0.3951660 0.3886125 0.3811487 0.3740062 0.3684738 0.3672021 0.3697317 0.3746656 0.3803170 0.4231953 0.4355492 0.4458408 0.4452743 0.4529413 0.4622817 0.4729250 0.4853170 0.4981607 0.5102667 0.5296054 0.5364431 0.5400756 0.5402235 0.5368183 0.5553144 0.5530810 0.5451999 0.5370187 0.5292974 0.5227576 0.5180770 0.5158660 0.5157614 0.5223852 0.5223852 0.5779492 0.5779492 0.5779492 0.5779492 0.5779492 0.5779492 0.0000000E+00 0.0000000E+00 0.0000000E+00 0.0000000E+00 0.0000000E+00 0.0000000E+00
0.3143596 0.3143596 0.3143596 0.3238648 0.3201189 0.3243163 0.3997534 0.3950196 0.3883341 0.3796768 0.3694531 0.3588991 0.3507967 0.3485812 0.3655441 0.3815819 0.3989440 0.4154290 0.4299445 0.4419721 0.4512303 0.4499183 0.4593383 0.4701333 0.4832858 0.4979218 0.5129815 0.5348898 0.5465968 0.5555630 0.5678847 0.5642108 0.5687674 0.5606192 0.5514052 0.5419596 0.5330321 0.5253348 0.5195451 0.5162831 0.5157614 0.5223852 0.5223852 0.5779492 0.5779492 0.5779492 0.5779492 0.5779492 0.5779492 0.0000000E+00 0.0000000E+00 0.0000000E+00 0.0000000E+00 0.0000000E+00 0.0000000E+00
0.3143596 0.3237399 0.3237399 0.3237593 0.3621279 0.3620956 0.3965596 0.3905813 0.3824042 0.3717892 0.3587479 0.3543662 0.3350336 0.3323877 0.3482117 0.3698044 0.3908257 0.4138214 0.4309041 0.4449018 0.4556764 0.4566222 0.4674104 0.4786920 0.4921736 0.5076941 0.5320193 0.5582696 0.5701941 0.5792994 0.5821508 0.5775244 0.5759335 0.5663968 0.5560487 0.5456274 0.5358177 0.5272983 0.5207330 0.5167412 0.5157614 0.5223852 0.5223852 0.5549733 0.5779492 0.5779492 0.5779492 0.5779492 0.5779492 0.5779492 0.0000000E+00 0.0000000E+00 0.0000000E+00 0.0000000E+00 0.0000000E+00
0.0000000E+00 0.4199764 0.4199764 0.4197703 0.4176275 0.4820838 0.4691243 0.4521495 0.4315235 0.4076233 0.3733388 0.3471895 0.3176055 0.3108735 0.3401468 0.3632997 0.3856101 0.4050463 0.4214962 0.4348834 0.4452328 0.4556524 0.4591253 0.4716433 0.5011927 0.5167457 0.5415239 0.5626814 0.5763138 0.5886726 0.5947978 0.5889746 0.5815382 0.5715657 0.5584857 0.5475348 0.5372667 0.5283294 0.5213742 0.5170177 0.5157614 0.5223852 0.5223852 0.5549733 0.5549733 0.5779492 0.5779492 0.5779492 0.5779492 0.5779492 0.0000000E+00 0.0000000E+00 0.0000000E+00 0.0000000E+00 0.0000000E+00
0.0000000E+00 0.0000000E+00 0.0000000E+00 0.0000000E+00 0.4909942 0.4828224 0.4706546 0.4545678 0.4349355 0.4019958 0.3794393 0.3598427 0.3374026 0.3340572 0.3542218 0.3799826 0.3984491 0.4195282 0.4376681 0.4526239 0.4642926 0.4753205 0.4865569 0.4875546 0.5010484 0.5262039 0.5415598 0.5570483 0.5720971 0.5862881 0.5935156 0.5885220 0.5788012 0.5678989 0.5608662 0.5503363 0.5404048 0.5282632 0.5213327 0.5169992 0.5157614 0.5223852 0.5223852 0.5549733 0.5549733 0.5779492 0.5779492 0.5779492 0.5779492 0.5779492 0.0000000E+00 0.0000000E+00 0.0000000E+00 0.0000000E+00 0.0000000E+00
0.0000000E+00 0.0000000E+00 0.0000000E+00 0.0000000E+00 0.0000000E+00 0.0000000E+00 0.4736363 0.4433346 0.4279070 0.4194193 0.3988421 0.3793379 0.3654876 0.3638071 0.3753971 0.3941233 0.4146618 0.4343858 0.4419226 0.4555123 0.4660783 0.4757784 0.4863636 0.4981244 0.5141501 0.5293878 0.5444763 0.5595423 0.5706624 0.5780103 0.5826164 0.5771129 0.5740671 0.5642867 0.5536323 0.5482701 0.5388279 0.5306006 0.5242559 0.5166932 0.5223852 0.5223852 0.5223852 0.5549733 0.5549733 0.5549733 0.5779492 0.5779492 0.5779492 0.0000000E+00 0.0000000E+00 0.0000000E+00 0.0000000E+00 0.0000000E+00 0.0000000E+00
0.0000000E+00 0.0000000E+00 0.0000000E+00 0.0000000E+00 0.0000000E+00 0.0000000E+00 0.4621185 0.4510889 0.4477230 0.4317950 0.4156862 0.4015593 0.3925006 0.3914432 0.3987941 0.4120121 0.4278799 0.4439993 0.4588584 0.4598213 0.4689412 0.4788659 0.4912134 0.5049934 0.5331302 0.5384635 0.5544990 0.5657300 0.5729158 0.6036533 0.5996836 0.5944743 0.5893402 0.5849240 0.5904277 0.5860829 0.5926244 0.5893627 0.5867568 0.5852534 0.6032603 0.5223852 0.5223852 0.5549733 0.5549733 0.5549733 0.5779492 0.5779492 0.6443974 0.6443974 0.0000000E+00 0.0000000E+00 0.0000000E+00 0.0000000E+00 0.0000000E+00
0.0000000E+00 0.0000000E+00 0.0000000E+00 0.0000000E+00 0.0000000E+00 0.0000000E+00 0.0000000E+00 0.0000000E+00 0.4579476 0.4454497 0.4332658 0.4231086 0.4169265 0.4162242 0.4211912 0.4305705 0.4424394 0.4549950 0.4668527 0.4773106 0.4886618 0.4877106 0.5014827 0.5308452 0.5504948 0.6072587 0.6024560 0.6072272 0.6076177 0.6126136 0.6054838 0.5968099 0.5880854 0.5808501 0.5758052 0.5706731 0.5795382 0.5881748 0.5860568 0.5850633 0.5971372 0.5971372 0.6032603 0.6458113 0.5549733 0.5549733 0.6024235 0.6443974 0.6443974 0.0000000E+00 0.0000000E+00 0.0000000E+00 0.0000000E+00 0.0000000E+00 0.0000000E+00
0.0000000E+00 0.0000000E+00 0.0000000E+00 0.0000000E+00 0.0000000E+00 0.0000000E+00 0.0000000E+00 0.0000000E+00 0.0000000E+00 0.0000000E+00 0.0000000E+00 0.0000000E+00 0.0000000E+00 0.0000000E+00 0.4412856 0.4479284 0.4565819 0.4659514 0.4749685 0.4861507 0.4997340 0.5179743 0.5509671 0.6212939 0.6147135 0.6256074 0.6326616 0.6242228 0.6319976 0.6247014 0.6141406 0.6018642 0.5895553 0.5788772 0.5714052 0.5669371 0.5627788 0.5744117 0.5854149 0.5971372 0.5971372 0.5971372 0.5971372 0.6458113 0.7050185 0.7050185 0.7050185 0.6443974 0.6443974 0.0000000E+00 0.0000000E+00 0.0000000E+00 0.0000000E+00 0.0000000E+00 0.0000000E+00
0.0000000E+00 0.0000000E+00 0.0000000E+00 0.0000000E+00 0.0000000E+00 0.0000000E+00 0.0000000E+00 0.0000000E+00 0.0000000E+00 0.0000000E+00 0.0000000E+00 0.0000000E+00 0.0000000E+00 0.0000000E+00 0.4584251 0.4630452 0.4691363 0.4757655 0.4882472 0.5012121 0.5168988 0.6105293 0.6242394 0.6387081 0.6521715 0.6626055 0.6682605 0.6681237 0.6624022 0.6390729 0.6247281 0.6087101 0.5928802 0.5789793 0.5686083 0.5631675 0.5600312 0.5576836 0.5565917 0.5971372 0.6332925 0.6332925 0.6332925 0.6814885 0.7050185 0.7050185 0.7050185 0.7050185 0.0000000E+00 0.0000000E+00 0.0000000E+00 0.0000000E+00 0.0000000E+00 0.0000000E+00 0.0000000E+00
0.0000000E+00 0.0000000E+00 0.0000000E+00 0.0000000E+00 0.0000000E+00 0.0000000E+00 0.0000000E+00 0.0000000E+00 0.0000000E+00 0.0000000E+00 0.0000000E+00 0.0000000E+00 0.0000000E+00 0.0000000E+00 0.0000000E+00 0.4793042 0.4832985 0.4877353 0.4968837 0.5699932 0.6396937 0.6541764 0.6698598 0.6850117 0.6739610 0.6862607 0.7075726 0.7055112 0.6973605 0.6847639 0.6511899 0.6331368 0.6158246 0.6008031 0.5894572 0.5830577 0.5813048 0.5804626 0.5918385 0.5918385 0.6332925 0.6332925 0.6814885 0.6814885 0.6814885 0.7050185 0.7050185 0.0000000E+00 0.0000000E+00 0.0000000E+00 0.0000000E+00 0.0000000E+00 0.0000000E+00 0.0000000E+00 0.0000000E+00
0.0000000E+00 0.0000000E+00 0.0000000E+00 0.0000000E+00 0.0000000E+00 0.0000000E+00 0.0000000E+00 0.0000000E+00 0.0000000E+00 0.0000000E+00 0.0000000E+00 0.0000000E+00 0.0000000E+00 0.0000000E+00 0.0000000E+00 0.0000000E+00 0.5305869 0.5859605 0.5937880 0.6255941 0.6704160 0.6863598 0.7041738 0.7219734 0.7373773 0.7474639 0.7653133 0.7619106 0.7540535 0.7434453 0.7225594 0.7095006 0.6696920 0.6567872 0.5904905 0.5824471 0.5804406 0.5803692 0.5918385 0.5918385 0.5918385 0.6332925 0.6814885 0.6814885 0.6814885 0.6814885 0.0000000E+00 0.0000000E+00 0.0000000E+00 0.0000000E+00 0.0000000E+00 0.0000000E+00 0.0000000E+00 0.0000000E+00 0.0000000E+00
0.0000000E+00 0.0000000E+00 0.0000000E+00 0.0000000E+00 0.0000000E+00 0.0000000E+00 0.0000000E+00 0.0000000E+00 0.0000000E+00 0.0000000E+00 0.0000000E+00 0.0000000E+00 0.0000000E+00 0.0000000E+00 0.0000000E+00 0.5321770 0.5817159 0.6342904 0.6372982 0.6463886 0.6610120 0.6801147 0.7021899 0.7253143 0.7613367 0.7757496 0.7814077 0.7774344 0.7677409 0.7552212 0.7416656 0.7282124 0.7157363 0.6918721 0.6826611 0.6423368 0.6401818 0.6561893 0.5918385 0.5918385 0.5918385 0.5954804 0.6814885 0.0000000E+00 0.0000000E+00 0.0000000E+00 0.0000000E+00 0.0000000E+00 0.0000000E+00 0.0000000E+00 0.0000000E+00 0.0000000E+00 0.0000000E+00 0.0000000E+00 0.0000000E+00
0.0000000E+00 0.0000000E+00 0.0000000E+00 0.0000000E+00 0.0000000E+00 0.0000000E+00 0.0000000E+00 0.0000000E+00 0.0000000E+00 0.0000000E+00 0.0000000E+00 0.0000000E+00 0.0000000E+00 0.0000000E+00 0.0000000E+00 0.6094465 0.6219951 0.6168869 0.6188943 0.6281593 0.6442550 0.6661110 0.6921071 0.7336643 0.7585977 0.7804375 0.7935874 0.7893217 0.7767850 0.7624474 0.7475720 0.7329692 0.7193701 0.7074768 0.6980569 0.6774336 0.6965253 0.6965237 0.6561893 0.6561893 0.5918385 0.6265939 0.0000000E+00 0.0000000E+00 0.0000000E+00 0.0000000E+00 0.0000000E+00 0.0000000E+00 0.0000000E+00 0.0000000E+00 0.0000000E+00 0.0000000E+00 0.0000000E+00 0.0000000E+00 0.0000000E+00
0.0000000E+00 0.0000000E+00 0.0000000E+00 0.0000000E+00 0.0000000E+00 0.0000000E+00 0.0000000E+00 0.0000000E+00 0.0000000E+00 0.0000000E+00 0.0000000E+00 0.0000000E+00 0.0000000E+00 0.0000000E+00 0.0000000E+00 0.6153175 0.6028361 0.5947444 0.5946987 0.6032854 0.6202852 0.6444852 0.6868942 0.7167319 0.7466710 0.7743710 0.7960940 0.7919779 0.7789825 0.7640750 0.7488497 0.7339439 0.7200601 0.7079451 0.6983577 0.6920297 0.7114571 0.6965237 0.6965237 0.6965237 0.0000000E+00 0.0000000E+00 0.0000000E+00 0.0000000E+00 0.0000000E+00 0.0000000E+00 0.0000000E+00 0.0000000E+00 0.0000000E+00 0.0000000E+00 0.0000000E+00 0.0000000E+00 0.0000000E+00 0.0000000E+00 0.0000000E+00
0.0000000E+00 0.0000000E+00 0.0000000E+00 0.0000000E+00 0.0000000E+00 0.0000000E+00 0.0000000E+00 0.0000000E+00 0.0000000E+00 0.0000000E+00 0.0000000E+00 0.0000000E+00 0.0000000E+00 0.0000000E+00 0.6146984 0.5978717 0.5811362 0.5687194 0.5652898 0.5722473 0.5897336 0.6281439 0.6591560 0.6929612 0.7263144 0.7557833 0.7759962 0.7812686 0.7741467 0.7606302 0.7462389 0.7319396 0.7185493 0.7068640 0.6976653 0.7132647 0.7114506 0.7114506 0.7114506 0.6965237 0.0000000E+00 0.0000000E+00 0.0000000E+00 0.0000000E+00 0.0000000E+00 0.0000000E+00 0.0000000E+00 0.0000000E+00 0.0000000E+00 0.0000000E+00 0.0000000E+00 0.0000000E+00 0.0000000E+00 0.0000000E+00 0.0000000E+00
0.0000000E+00 0.0000000E+00 0.0000000E+00 0.0000000E+00 0.0000000E+00 0.0000000E+00 0.0000000E+00 0.0000000E+00 0.0000000E+00 0.0000000E+00 0.0000000E+00 0.0000000E+00 0.0000000E+00 0.0000000E+00 0.6012977 0.5801004 0.5584552 0.5402200 0.5316454 0.5474114 0.5639578 0.5923126 0.6276234 0.6652628 0.7013648 0.7323250 0.7543752 0.7647899 0.7635965 0.7531143 0.7403630 0.7273713 0.7150952 0.7044045 0.7171106 0.7126511 0.7114506 0.7114506 0.7114506 0.0000000E+00 0.0000000E+00 0.0000000E+00 0.0000000E+00 0.0000000E+00 0.0000000E+00 0.0000000E+00 0.0000000E+00 0.0000000E+00 0.0000000E+00 0.0000000E+00 0.0000000E+00 0.0000000E+00 0.0000000E+00 0.0000000E+00 0.0000000E+00
0.0000000E+00 0.0000000E+00 0.0000000E+00 0.0000000E+00 0.0000000E+00 0.0000000E+00 0.0000000E+00 0.0000000E+00 0.0000000E+00 0.0000000E+00 0.0000000E+00 0.0000000E+00 0.0000000E+00 0.6119215 0.5894943 0.5640828 0.5371442 0.5248142 0.5053115 0.5029655 0.5216358 0.5554593 0.5959945 0.6374775 0.6760902 0.7087924 0.7329711 0.7468607 0.7499792 0.7429655 0.7321508 0.7208918 0.7101901 0.7213047 0.7152984 0.7119443 0.7114506 0.0000000E+00 0.0000000E+00 0.0000000E+00 0.0000000E+00 0.0000000E+00 0.0000000E+00 0.0000000E+00 0.0000000E+00 0.0000000E+00 0.0000000E+00 0.0000000E+00 0.0000000E+00 0.0000000E+00 0.0000000E+00 0.0000000E+00 0.0000000E+00 0.0000000E+00 0.0000000E+00
0.0000000E+00 0.0000000E+00 0.0000000E+00 0.0000000E+00 0.0000000E+00 0.0000000E+00 0.0000000E+00 0.0000000E+00 0.0000000E+00 0.0000000E+00 0.0000000E+00 0.0000000E+00 0.0000000E+00 0.6059746 0.5810763 0.5709926 0.5351167 0.4981091 0.4664239 0.4557271 0.4806430 0.5231123 0.5691167 0.6136452 0.6539297 0.6877903 0.7134078 0.7295106 0.7355356 0.7315199 0.7226614 0.7133375 0.7243736 0.7179413 0.7134182 0.7114815 0.0000000E+00 0.0000000E+00 0.0000000E+00 0.0000000E+00 0.0000000E+00 0.0000000E+00 0.0000000E+00 0.0000000E+00 0.0000000E+00 0.0000000E+00 0.0000000E+00 0.0000000E+00 0.0000000E+00 0.0000000E+00 0.0000000E+00 0.0000000E+00 0.0000000E+00 0.0000000E+00 0.0000000E+00
0.0000000E+00 0.0000000E+00 0.0000000E+00 0.0000000E+00 0.0000000E+00 0.0000000E+00 0.0000000E+00 0.0000000E+00 0.0000000E+00 0.0000000E+00 0.0000000E+00 0.0000000E+00 0.0000000E+00 0.6287307 0.5982931 0.5635265 0.5252104 0.4840355 0.4411509 0.4073711 0.4541090 0.5040067 0.5522994 0.5973212 0.6374569 0.6711545 0.6970490 0.7141230 0.6849315 0.6803758 0.6712183 0.6755586 0.6674310 0.6609945 0.6571702 0.0000000E+00 0.0000000E+00 0.0000000E+00 0.0000000E+00 0.0000000E+00 0.0000000E+00 0.0000000E+00 0.0000000E+00 0.0000000E+00 0.0000000E+00 0.0000000E+00 0.0000000E+00 0.0000000E+00 0.0000000E+00 0.0000000E+00 0.0000000E+00 0.0000000E+00 0.0000000E+00 0.0000000E+00 0.0000000E+00
0.0000000E+00 0.0000000E+00 0.0000000E+00 0.0000000E+00 0.0000000E+00 0.0000000E+00 0.0000000E+00 0.0000000E+00 0.0000000E+00 0.0000000E+00 0.0000000E+00 0.0000000E+00 0.6468911 0.6217761 0.6111149 0.5754849 0.5354968 0.4945482 0.4563962 0.4389992 0.4669087 0.5120288 0.5584530 0.6027902 0.6180302 0.6481308 0.6508525 0.6639091 0.6690051 0.6661934 0.6735024 0.6671528 0.6616017 0.6577608 0.6564782 0.0000000E+00 0.0000000E+00 0.0000000E+00 0.0000000E+00 0.0000000E+00 0.0000000E+00 0.0000000E+00 0.0000000E+00 0.0000000E+00 0.0000000E+00 0.0000000E+00 0.0000000E+00 0.0000000E+00 0.0000000E+00 0.0000000E+00 0.0000000E+00 0.0000000E+00 0.0000000E+00 0.0000000E+00 0.0000000E+00
0.0000000E+00 0.0000000E+00 0.0000000E+00 0.0000000E+00 0.0000000E+00 0.0000000E+00 0.0000000E+00 0.0000000E+00 0.0000000E+00 0.0000000E+00 0.0000000E+00 0.0000000E+00 0.0000000E+00 0.6426435 0.6108683 0.5769389 0.5427290 0.5109434 0.4868397 0.4805523 0.5035922 0.5390463 0.5604960 0.5967808 0.6303467 0.6593792 0.6823794 0.6982442 0.7222414 0.7045836 0.7012144 0.6929336 0.6904159 0.6472056 0.0000000E+00 0.0000000E+00 0.0000000E+00 0.0000000E+00 0.0000000E+00 0.0000000E+00 0.0000000E+00 0.0000000E+00 0.0000000E+00 0.0000000E+00 0.0000000E+00 0.0000000E+00 0.0000000E+00 0.0000000E+00 0.0000000E+00 0.0000000E+00 0.0000000E+00 0.0000000E+00 0.0000000E+00 0.0000000E+00 0.0000000E+00
