data/rasters/precip/precipitation_20000102.ASC
NCOLS                  300
NROWS                  325
XLLCORNER       0.0000000E+00
YLLCORNER        300000.0
CELLSIZE         1000.000
NODATA_VALUE    0.0000000E+00
[rows 168 to 191 of 325, columns 55 to 109 of 300]
0.0000000E+00 0.0000000E+00 0.0000000E+00 0.0000000E+00 0.0000000E+00 0.0000000E+00 0.0000000E+00 0.0000000E+00 0.0000000E+00 0.0000000E+00 0.0000000E+00 0.0000000E+00 0.0000000E+00 0.0000000E+00 0.0000000E+00 0.0000000E+00 0.0000000E+00 0.1953646 0.1966652 0.1610177 0.1478038 0.1347085 0.1253228 0.0000000E+00 0.0000000E+00 0.0000000E+00 0.0000000E+00 0.0000000E+00 0.0000000E+00 0.1235292 0.1518086 0.1759783 0.1978504 0.2117067 0.2297205 0.2454332 0.2595268 0.2627916 0.2734854 0.2816701 0.2882386 0.2817636 0.3003771 0.3051404 0.2988604 0.2987477 0.3061605 0.3153250 0.3231162 0.3326572 0.3481250 0.3604470 0.3581342 0.3405963 0.3165745
0.0000000E+00 0.0000000E+00 0.0000000E+00 0.0000000E+00 0.0000000E+00 0.0000000E+00 0.0000000E+00 0.0000000E+00 0.0000000E+00 0.0000000E+00 0.0000000E+00 0.0000000E+00 0.0000000E+00 0.0000000E+00 0.0000000E+00 0.0000000E+00 0.2142312 0.2062303 0.1971117 0.1864610 0.1542131 0.1509019 0.1415156 0.1251633 0.1104746 0.0000000E+00 0.0000000E+00 0.1105827 0.1297727 0.1527285 0.1762355 0.2032910 0.2239095 0.2407010 0.2510982 0.2654339 0.2716029 0.2813067 0.2824914 0.2886797 0.2813118 0.2885004 0.2919894 0.3106222 0.3032139 0.3084908 0.3151836 0.3182352 0.3296511 0.3347135 0.3582045 0.3798608 0.3802733 0.3484774 0.3198843
0.0000000E+00 0.0000000E+00 0.0000000E+00 0.0000000E+00 0.0000000E+00 0.0000000E+00 0.0000000E+00 0.0000000E+00 0.0000000E+00 0.0000000E+00 0.0000000E+00 0.0000000E+00 0.0000000E+00 0.0000000E+00 0.0000000E+00 0.2149547 0.2093173 0.2035789 0.1973401 0.1902083 0.1926682 0.1632393 0.1600483 0.1502260 0.1445235 0.1373524 0.1411176 0.1506810 0.1679665 0.1885702 0.2098448 0.2299084 0.2532068 0.2673303 0.2805284 0.2787807 0.2898150 0.2996822 0.2951762 0.2993041 0.2895489 0.2918784 0.2940643 0.3119286 0.3030348 0.3050206 0.3107006 0.3223598 0.3317601 0.3395976 0.3524905 0.3697907 0.3680891 0.3388875 0.3108269
0.0000000E+00 0.0000000E+00 0.0000000E+00 0.0000000E+00 0.0000000E+00 0.0000000E+00 0.0000000E+00 0.0000000E+00 0.0000000E+00 0.0000000E+00 0.0000000E+00 0.0000000E+00 0.0000000E+00 0.0000000E+00 0.2291256 0.2064814 0.2026979 0.1995278 0.1965509 0.2050807 0.2006983 0.1957280 0.1805755 0.1783766 0.1768605 0.1743560 0.1819793 0.1949633 0.2122646 0.2293156 0.2486756 0.2662527 0.2811432 0.2977373 0.3010019 0.3015607 0.3101615 0.3154318 0.3184762 0.3089939 0.2962455 0.2968219 0.2974020 0.2983167 0.3034047 0.3058846 0.3095590 0.3146686 0.3213607 0.3294986 0.3345037 0.3381127 0.3329441 0.3150203 0.2934811
0.0000000E+00 0.0000000E+00 0.0000000E+00 0.0000000E+00 0.0000000E+00 0.0000000E+00 0.0000000E+00 0.0000000E+00 0.0000000E+00 0.0000000E+00 0.0000000E+00 0.0000000E+00 0.0000000E+00 0.2218971 0.2155741 0.2113520 0.2090732 0.1933896 0.1939986 0.2066194 0.2074320 0.2124276 0.2172978 0.2014579 0.2078239 0.2102671 0.2225876 0.2388254 0.2578472 0.2776109 0.2958549 0.3078473 0.3126013 0.3200392 0.3240079 0.3335228 0.3315519 0.3324318 0.3337874 0.3333719 0.3062638 0.3048291 0.3034916 0.3024941 0.3055797 0.3058279 0.3068952 0.3088018 0.3113858 0.3141151 0.3157233 0.3105801 0.3004353 0.2871176 0.2711640
0.0000000E+00 0.0000000E+00 0.0000000E+00 0.0000000E+00 0.0000000E+00 0.0000000E+00 0.0000000E+00 0.0000000E+00 0.0000000E+00 0.0000000E+00 0.0000000E+00 0.0000000E+00 0.0000000E+00 0.2049429 0.1986850 0.1956686 0.1957504 0.1983965 0.2128061 0.2059347 0.2164781 0.2230886 0.2345253 0.2430201 0.2301760 0.2446970 0.2627668 0.2840365 0.3069457 0.3287806 0.3465871 0.3525144 0.3553081 0.3572112 0.3558005 0.3573097 0.3550457 0.3518786 0.3490019 0.3328830 0.3293732 0.3137362 0.3101757 0.3069421 0.3076721 0.3053451 0.3034495 0.3018139 0.3000767 0.2976120 0.2934962 0.2867186 0.2760384 0.2682106 0.2510696
0.0000000E+00 0.0000000E+00 0.0000000E+00 0.0000000E+00 0.0000000E+00 0.0000000E+00 0.0000000E+00 0.0000000E+00 0.0000000E+00 0.0000000E+00 0.0000000E+00 0.0000000E+00 0.1918105 0.1813258 0.1749089 0.1760711 0.1787228 0.1941353 0.2034881 0.2182080 0.2187507 0.2313232 0.2490956 0.2640556 0.2718917 0.2904104 0.3021512 0.3305380 0.3602062 0.3868310 0.3996218 0.4073916 0.4066387 0.3977732 0.3897640 0.3858161 0.3791897 0.3655864 0.3594937 0.3461989 0.3400657 0.3237098 0.3176572 0.3119254 0.3100505 0.3049640 0.2999874 0.2948031 0.2889329 0.2817638 0.2726907 0.2614839 0.2529677 0.2395250 0.2296261
0.0000000E+00 0.0000000E+00 0.0000000E+00 0.0000000E+00 0.0000000E+00 0.0000000E+00 0.0000000E+00 0.0000000E+00 0.0000000E+00 0.0000000E+00 0.0000000E+00 0.1876885 0.1709154 0.1579881 0.1506336 0.1498171 0.1578029 0.1763887 0.1944693 0.2116548 0.2299038 0.2487881 0.2565898 0.2820090 0.2957251 0.3230646 0.3528752 0.3772838 0.4176575 0.4486551 0.4695772 0.4703113 0.4586580 0.4433893 0.4284088 0.4146979 0.4038730 0.3943844 0.3782844 0.3555892 0.3465925 0.3449083 0.3287398 0.3202990 0.3155081 0.3075466 0.2994458 0.2886690 0.2790518 0.2676834 0.2540352 0.2426139 0.2249836 0.2099700 0.2007035
0.0000000E+00 0.0000000E+00 0.0000000E+00 0.0000000E+00 0.0000000E+00 0.2925052 0.2780572 0.2752740 0.2680378 0.2163806 0.1892080 0.1693607 0.1480857 0.1314691 0.1223328 0.1224110 0.1369349 0.1558077 0.1797422 0.2033680 0.2278225 0.2526088 0.2779440 0.2968893 0.3158880 0.3492675 0.3884880 0.4328982 0.4862215 0.5268689 0.5539662 0.5390013 0.5102245 0.4832308 0.4638294 0.4422923 0.4281610 0.4173863 0.3998517 0.3761329 0.3643356 0.3524802 0.3289299 0.3175977 0.3010678 0.3086940 0.2978185 0.2862038 0.2731843 0.2580024 0.2448595 0.2225835 0.1977062 0.1768732 0.1690754
0.0000000E+00 0.0000000E+00 0.0000000E+00 0.3444098 0.3328375 0.3185541 0.3011610 0.3034314 0.2765200 0.2492406 0.1910160 0.1575735 0.1307332 0.0000000E+00 0.0000000E+00 0.0000000E+00 0.1131212 0.1388197 0.1646723 0.1949572 0.2253740 0.2554788 0.2856261 0.3199663 0.3320073 0.3697914 0.4142314 0.4678789 0.5267625 0.6096810 0.6547353 0.5978805 0.5505512 0.5169880 0.4913135 0.4713365 0.4520968 0.4388860 0.4262542 0.3959425 0.3810941 0.3659809 0.3512411 0.3253962 0.3118799 0.3021757 0.2931251 0.2793992 0.2643124 0.2531494 0.2315087 0.2054975 0.1745154 0.1414105 0.1360098
0.0000000E+00 0.0000000E+00 0.0000000E+00 0.3471396 0.3354532 0.3207756 0.3271777 0.3025732 0.2732798 0.2422959 0.2034648 0.1429876 0.1085638 0.0000000E+00 0.0000000E+00 0.0000000E+00 0.0000000E+00 0.1182263 0.1551009 0.1953639 0.2321418 0.2587685 0.2924983 0.3298926 0.3552922 0.3838651 0.4297902 0.4761366 0.5429960 0.6183232 0.6556820 0.6163701 0.5738611 0.5416954 0.5078554 0.4900668 0.4744761 0.4598198 0.4469808 0.4175942 0.3992033 0.3804255 0.3624318 0.3340886 0.3179756 0.3059534 0.2909760 0.2756498 0.2669179 0.2500389 0.2272020 0.2045855 0.1702884 0.1303003 0.1228720
0.0000000E+00 0.0000000E+00 0.3556289 0.3470871 0.3360107 0.3218063 0.3315774 0.3062906 0.2756165 0.2421260 0.1996491 0.1385515 0.0000000E+00 0.0000000E+00 0.0000000E+00 0.0000000E+00 0.0000000E+00 0.0000000E+00 0.1489766 0.1911621 0.2344363 0.2726274 0.3091898 0.3351503 0.3642615 0.3980168 0.4311979 0.4728906 0.5277033 0.5788909 0.6035018 0.5928425 0.5681795 0.5450921 0.5246493 0.5088609 0.4967679 0.4841902 0.4677364 0.4405175 0.4173417 0.3950741 0.3739742 0.3545683 0.3250385 0.3110760 0.2944757 0.2963280 0.2775197 0.2569748 0.2340888 0.2085178 0.1823902 0.1611943 0.1554090
0.0000000E+00 0.0000000E+00 0.3613609 0.3537211 0.3435787 0.3545807 0.3353169 0.3110512 0.2810408 0.2507827 0.2069544 0.1577195 0.0000000E+00 0.0000000E+00 0.0000000E+00 0.0000000E+00 0.0000000E+00 0.0000000E+00 0.1536992 0.1977094 0.2421577 0.2747521 0.3066235 0.3416099 0.3707969 0.3989947 0.4194797 0.4617354 0.5064742 0.5419053 0.5617552 0.5630810 0.5516253 0.5390329 0.5255783 0.5147766 0.5067535 0.5006058 0.4925435 0.4690290 0.4401530 0.4157847 0.3935498 0.3729998 0.3434835 0.3414057 0.3103868 0.3009766 0.2820634 0.2622838 0.2439927 0.2221609 0.2013372 0.1916517 0.1854244
0.0000000E+00 0.0000000E+00 0.3686836 0.3624333 0.3538605 0.3663261 0.3489019 0.3265016 0.2982795 0.2664280 0.2248284 0.1797120 0.1297948 0.0000000E+00 0.0000000E+00 0.0000000E+00 0.0000000E+00 0.1258912 0.1682753 0.2092647 0.2446594 0.2831678 0.3172684 0.3502822 0.3767255 0.4005035 0.4345028 0.4509552 0.4837788 0.5108902 0.5282131 0.5345142 0.5344488 0.5295959 0.5215529 0.5155419 0.5110658 0.5075117 0.5015118 0.4793679 0.4513099 0.4268554 0.4040801 0.3826913 0.3514982 0.3473502 0.3262519 0.3074352 0.2886910 0.2729832 0.2541052 0.2359844 0.2290329 0.2165220 0.2178402
0.0000000E+00 0.0000000E+00 0.3319092 0.3295008 0.3520423 0.3459490 0.3345302 0.3188838 0.3236333 0.2956654 0.2582853 0.2163056 0.1746578 0.1342625 0.1145594 0.1108363 0.1304887 0.1620520 0.1954597 0.2306282 0.2644016 0.2964378 0.3303091 0.3601015 0.3782237 0.4023612 0.4310913 0.4590025 0.4667919 0.4886679 0.5041721 0.5127314 0.5177222 0.5169887 0.5148801 0.5127040 0.5110209 0.5082411 0.5020403 0.4813425 0.4581635 0.4363591 0.4145302 0.3931060 0.3613260 0.3563738 0.3451107 0.3138991 0.2999870 0.2818842 0.2664929 0.2508586 0.2467979 0.2457602 0.2398956
0.0000000E+00 0.3420033 0.3426237 0.3425110 0.3677168 0.3650670 0.3577611 0.3468797 0.3313677 0.3142751 0.2868404 0.2515512 0.2287826 0.2020008 0.1853189 0.1830466 0.1883875 0.2085608 0.2333308 0.2612455 0.2890181 0.3160115 0.3455874 0.3713052 0.3951411 0.4048749 0.4290157 0.4521013 0.4653078 0.4832067 0.4869306 0.4964696 0.5043359 0.5071498 0.5085254 0.5092402 0.5093116 0.5078472 0.5035045 0.4858806 0.4646017 0.4461765 0.4260148 0.4049506 0.3835360 0.3754157 0.3546350 0.3260786 0.3071076 0.2912858 0.2766413 0.2848365 0.2721688 0.2629511 0.2574737
0.0000000E+00 0.4155324 0.3545552 0.3847523 0.3874658 0.3870152 0.3849310 0.3803388 0.3720386 0.3573704 0.3383440 0.3141038 0.2876575 0.2689646 0.2599331 0.2528018 0.2582066 0.2613271 0.2787609 0.2961996 0.3169316 0.3379833 0.3590537 0.3824352 0.3924810 0.4039042 0.4289234 0.4481704 0.4657292 0.4731652 0.4855556 0.4852882 0.4947270 0.4997946 0.5036641 0.5067554 0.5089378 0.5094863 0.5073038 0.4914971 0.4736310 0.4583735 0.4400592 0.4192356 0.4046791 0.3873935 0.3683908 0.3492043 0.3175159 0.2995956 0.3069737 0.2956003 0.2841593 0.2759190 0.2743139
0.4067922 0.4467102 0.4488713 0.4001956 0.4065959 0.4109111 0.4149561 0.4181006 0.4131857 0.4145745 0.4047160 0.3871318 0.3645566 0.3474869 0.3273828 0.3162571 0.3239049 0.3287038 0.3354087 0.3358650 0.3494877 0.3611515 0.3758498 0.3922470 0.4015751 0.4091955 0.4309781 0.4472099 0.4622031 0.4676932 0.4790350 0.4881701 0.4888614 0.4953489 0.5011042 0.5063621 0.5109020 0.5140743 0.5149497 0.5125493 0.4949776 0.4749261 0.4581286 0.4369546 0.4354019 0.4073215 0.3828785 0.3595184 0.3357721 0.3166882 0.3162631 0.3023157 0.2915335 0.2885070 0.2838689
0.4150725 0.4562458 0.4608094 0.4880249 0.4412748 0.4494717 0.4386486 0.4514596 0.4648937 0.4794990 0.4816053 0.4699618 0.4480402 0.4272797 0.4060397 0.3891988 0.3771517 0.3681338 0.3848377 0.3858023 0.3935793 0.3865392 0.3973358 0.3988253 0.4114939 0.4158935 0.4301307 0.4490550 0.4621725 0.4738687 0.4767137 0.4853730 0.4943597 0.4937551 0.5010279 0.5084500 0.5156799 0.5220398 0.5266205 0.5282807 0.5148296 0.4981017 0.4837618 0.4616506 0.4587918 0.4225921 0.4057887 0.3795787 0.3557410 0.3381110 0.3204484 0.3062928 0.2973556 0.2902355 0.2892620
0.4235785 0.4308477 0.4954875 0.5021048 0.5088629 0.4639432 0.4802213 0.5002663 0.5163751 0.5485676 0.5692345 0.5606440 0.5342743 0.5072768 0.4832301 0.4608460 0.4394547 0.4221388 0.4082297 0.4246747 0.4194805 0.4238976 0.4310230 0.4121940 0.4255034 0.4369068 0.4393101 0.4518236 0.4654228 0.4761109 0.4783500 0.4861447 0.4942966 0.4997810 0.5021430 0.5119368 0.5222655 0.5323396 0.5428849 0.5495296 0.5422750 0.5305915 0.5153403 0.4960837 0.4878549 0.4477915 0.4152593 0.3850926 0.3781675 0.3548436 0.3210806 0.3062492 0.2972236 0.2905519 0.2874646
0.0000000E+00 0.4413721 0.5063437 0.5153376 0.5098897 0.5233939 0.5057548 0.5320402 0.5660506 0.6104161 0.6641847 0.6445978 0.6052307 0.5754138 0.5535635 0.5289078 0.4958055 0.4673135 0.4473125 0.4318596 0.4243204 0.4484308 0.4471357 0.4405254 0.4485066 0.4623026 0.4615567 0.4586830 0.4703083 0.4847195 0.4906101 0.4910498 0.4969248 0.5024669 0.5071051 0.5197660 0.5336595 0.5478150 0.5617008 0.5743393 0.5752913 0.5792480 0.5630738 0.5393046 0.5112333 0.4657165 0.4254288 0.4064041 0.3758100 0.3497225 0.3284769 0.3032098 0.2923238 0.2861933 0.2842079
0.0000000E+00 0.4485246 0.4868617 0.5114674 0.5244769 0.5397539 0.5567124 0.5539122 0.5894106 0.6331956 0.6754335 0.6702498 0.6409687 0.6173593 0.6035308 0.5872675 0.5372770 0.5009076 0.4754122 0.4575469 0.4436102 0.4387184 0.4659875 0.4520562 0.4585087 0.4713348 0.4702083 0.4815372 0.4896914 0.5029867 0.5093950 0.5072204 0.5068677 0.5071164 0.5182838 0.5325857 0.5508034 0.5691020 0.5877712 0.6065102 0.6236844 0.6267104 0.6174889 0.5855420 0.5347554 0.4788200 0.4498921 0.4074362 0.3725708 0.3430606 0.3203765 0.2916698 0.2805192 0.2794988 0.2791447
0.0000000E+00 0.0000000E+00 0.4852104 0.5170078 0.5352965 0.5508345 0.5689343 0.5904342 0.5947565 0.6246133 0.6509812 0.6545113 0.6441925 0.6267810 0.6120945 0.5892961 0.5527295 0.5188012 0.4928054 0.4734239 0.4615242 0.4517455 0.4499195 0.4657395 0.4714596 0.4801303 0.4863237 0.4888351 0.5020100 0.5138729 0.5245845 0.5221890 0.5162777 0.5030941 0.5216867 0.5456463 0.5634609 0.5841423 0.6062696 0.6300015 0.6542690 0.6731319 0.6828070 0.6174029 0.5618899 0.5006039 0.4495495 0.4068126 0.3674315 0.3315611 0.3054763 0.2887957 0.2667494 0.2627998 0.2649727
0.0000000E+00 0.0000000E+00 0.0000000E+00 0.5291693 0.5431463 0.5611089 0.5765731 0.5936886 0.6073710 0.6097414 0.6254057 0.6312650 0.6287178 0.6170793 0.5995322 0.5781509 0.5509526 0.5236897 0.4997892 0.4823073 0.4704077 0.4601242 0.4468483 0.4485316 0.4729339 0.4819322 0.4990974 0.5002973 0.5167048 0.5325773 0.5446673 0.5506011 0.5427570 0.5327899 0.5429276 0.5614882 0.5772716 0.5976185 0.6210685 0.6471412 0.6729145 0.6910731 0.6795962 0.6304749 0.5668848 0.5018954 0.4466391 0.3973233 0.3556679 0.3206968 0.2895961 0.2665611 0.2524872 0.2452904 0.2528965
