data/rasters/precip/precipitation_20000108.ASC
NCOLS                  300
NROWS                  325
XLLCORNER       0.0000000E+00
YLLCORNER        300000.0
CELLSIZE         1000.000
NODATA_VALUE    0.0000000E+00
[rows 192 to 215 of 325, columns 55 to 109 of 300]
0.4971128 0.5303712 0.5873771 0.6156002 0.6539108 0.6754984 0.7140232 0.7292181 0.7345451 0.7498084 0.7637125 0.7707286 0.7808976 0.7825710 0.7769604 0.7624818 0.7434914 0.7262910 0.7088612 0.6959786 0.6887315 0.6876087 0.6744428 0.6959549 0.7145084 0.7394120 0.7786627 0.8185513 0.8494207 0.9015269 0.9528487 0.9852996 0.9989980 0.9927613 0.9890087 0.9920482 0.9995172 1.008657 1.021317 1.033569 1.038871 1.023900 0.9671303 0.8638183 0.7404622 0.6160045 0.5017529 0.3980092 0.0000000E+00 0.0000000E+00 0.0000000E+00 0.0000000E+00 0.0000000E+00 0.0000000E+00 0.0000000E+00
0.5109344 0.5511692 0.6106952 0.6429627 0.6743042 0.7048169 0.7242665 0.7465992 0.7615067 0.7748473 0.7861248 0.7946474 0.7996044 0.7935963 0.7844198 0.7692969 0.7484064 0.7317454 0.7141469 0.7004493 0.6918649 0.6982639 0.6839793 0.6938614 0.7113316 0.7359176 0.7760053 0.8187894 0.8598068 0.9198226 0.9853844 1.031283 1.035528 1.018775 1.003094 0.9925318 0.9893193 0.9896480 0.9943258 0.9976596 0.9945234 0.9652785 0.9037300 0.8107419 0.7010676 0.5858681 0.4749335 0.3712420 0.0000000E+00 0.0000000E+00 0.0000000E+00 0.0000000E+00 0.0000000E+00 0.0000000E+00 0.0000000E+00
0.5271524 0.5939714 0.6371312 0.6730833 0.7048079 0.7335354 0.7515185 0.7590995 0.7836689 0.7942642 0.8023421 0.8070547 0.8083006 0.8030060 0.7920660 0.7685727 0.7485762 0.7294683 0.7112897 0.6966520 0.6953624 0.6913081 0.6749446 0.6829463 0.6986475 0.7342460 0.7725971 0.8146854 0.8681046 0.9193604 1.004345 1.076659 1.055003 1.017185 0.9869731 0.9721581 0.9617146 0.9618437 0.9568696 0.9510739 0.9372041 0.9032593 0.8421043 0.7588988 0.6617208 0.5569668 0.4528886 0.0000000E+00 0.0000000E+00 0.0000000E+00 0.0000000E+00 0.0000000E+00 0.0000000E+00 0.0000000E+00 0.0000000E+00
0.5430451 0.6166688 0.6673010 0.7060647 0.7363757 0.7563719 0.7689794 0.7816900 0.7924711 0.8091877 0.8135718 0.8140813 0.8105953 0.8013836 0.7877930 0.7711733 0.7551014 0.7366313 0.7014688 0.7039897 0.6935177 0.6878120 0.6692506 0.6749786 0.6877709 0.7083765 0.7433575 0.7825531 0.8327737 0.8958238 0.9667471 1.038368 1.012758 0.9768008 0.9527746 0.9289807 0.9229040 0.9145843 0.9046386 0.8933500 0.8746584 0.8403344 0.7860594 0.7126154 0.6282434 0.5345694 0.4393870 0.0000000E+00 0.0000000E+00 0.0000000E+00 0.0000000E+00 0.0000000E+00 0.0000000E+00 0.0000000E+00 0.0000000E+00
0.5610187 0.6339903 0.7034658 0.7428097 0.7682396 0.7832235 0.7870886 0.8002505 0.8071222 0.8120751 0.8200664 0.8162801 0.8070091 0.7944407 0.7791346 0.7601417 0.7507223 0.7334154 0.7207270 0.7039759 0.6922943 0.6846766 0.6613602 0.6464584 0.6555617 0.6718702 0.7016386 0.7343923 0.7758698 0.8370667 0.8781543 0.9153566 0.9170204 0.9043408 0.8864461 0.8722874 0.8662636 0.8584737 0.8533045 0.8412880 0.8239065 0.7892866 0.7430042 0.6801781 0.6063100 0.5277760 0.4429213 0.0000000E+00 0.0000000E+00 0.0000000E+00 0.0000000E+00 0.0000000E+00 0.0000000E+00 0.0000000E+00 0.0000000E+00
0.5798439 0.6696666 0.7475624 0.7811402 0.7965938 0.7991690 0.8050290 0.8097716 0.8170167 0.8181776 0.8224119 0.8147339 0.8027197 0.7866871 0.7733141 0.7538156 0.7349449 0.7180640 0.6984207 0.6827743 0.6662184 0.6554114 0.6289549 0.6276240 0.6323204 0.6428191 0.6661578 0.6893363 0.7192934 0.7525454 0.7850777 0.7997285 0.8127620 0.8107782 0.8092462 0.8032678 0.7986583 0.7945246 0.7887211 0.7866048 0.7716977 0.7430187 0.7054166 0.6523334 0.5964335 0.5279506 0.4543787 0.3795077 0.0000000E+00 0.0000000E+00 0.0000000E+00 0.0000000E+00 0.0000000E+00 0.0000000E+00 0.0000000E+00
0.5910871 0.6943701 0.7998818 0.8069172 0.8121246 0.8127702 0.8156717 0.8177226 0.8220978 0.8200583 0.8144575 0.8103538 0.8015160 0.7830845 0.7612248 0.7400489 0.7160276 0.6961949 0.6735044 0.6527737 0.6328850 0.6204085 0.5906795 0.5851593 0.5847601 0.5899990 0.6064817 0.6216519 0.6411379 0.6712469 0.6919966 0.7087219 0.7080327 0.7137774 0.7221332 0.7239564 0.7261394 0.7278065 0.7272958 0.7318133 0.7199523 0.6991609 0.6671951 0.6379735 0.5873737 0.5300915 0.4687702 0.4002443 0.0000000E+00 0.0000000E+00 0.0000000E+00 0.0000000E+00 0.0000000E+00 0.0000000E+00 0.0000000E+00
0.5958166 0.6883332 0.7645804 0.7959663 0.8067650 0.8147207 0.8182856 0.8198635 0.8190024 0.8186308 0.8175246 0.8110676 0.7943497 0.7714865 0.7476472 0.7221994 0.6984401 0.6711935 0.6449727 0.6206606 0.5990294 0.5787974 0.5643499 0.5378881 0.5327138 0.5325239 0.5424432 0.5586511 0.5694599 0.5834082 0.5970303 0.6097660 0.6192903 0.6188427 0.6281625 0.6431991 0.6522959 0.6609380 0.6752372 0.6822150 0.6757097 0.6636128 0.6516495 0.6198518 0.5755883 0.5296174 0.4731486 0.4309254 0.3813258 0.0000000E+00 0.0000000E+00 0.0000000E+00 0.0000000E+00 0.0000000E+00 0.0000000E+00
0.5928706 0.6688946 0.7333723 0.7721453 0.7898149 0.8022711 0.8084775 0.8172796 0.8165127 0.8199025 0.8088962 0.7953504 0.7850398 0.7589037 0.7315741 0.7069557 0.6747903 0.6436367 0.6135359 0.5853092 0.5596903 0.5354810 0.5168658 0.4862441 0.4775879 0.4808531 0.4845879 0.4861984 0.4907488 0.4984609 0.5068891 0.5165192 0.5258305 0.5379255 0.5421008 0.5633313 0.5797168 0.6037571 0.6228435 0.6331737 0.6353326 0.6386780 0.6302738 0.6081470 0.5799401 0.5402713 0.4942397 0.4538139 0.4214117 0.3868715 0.3594125 0.0000000E+00 0.0000000E+00 0.0000000E+00 0.3761566
0.5900643 0.6533576 0.7108597 0.7507659 0.7713926 0.7881262 0.8003166 0.8139925 0.8207556 0.8153754 0.8030000 0.7833604 0.7737603 0.7440959 0.7129703 0.6843004 0.6488936 0.6127135 0.5784677 0.5460836 0.5163035 0.4897894 0.4654566 0.4403410 0.4264981 0.4188630 0.4181237 0.4151887 0.4149399 0.4170037 0.4220875 0.4289303 0.4375854 0.4512334 0.4687477 0.4807748 0.5169167 0.5408372 0.5681368 0.5871854 0.5985104 0.6109316 0.6108079 0.6001660 0.5822246 0.5561668 0.5225369 0.4921449 0.4619037 0.4359637 0.4155697 0.4034459 0.4009838 0.4238033 0.4389991
0.5861018 0.6398382 0.6919645 0.7304236 0.7558130 0.7769737 0.8005247 0.8068532 0.8099853 0.8052045 0.7977936 0.7756183 0.7456847 0.7291836 0.6971278 0.6615880 0.6221222 0.5827426 0.5434075 0.5067747 0.4727443 0.4420843 0.4208361 0.3860100 0.3689581 0.0000000E+00 0.0000000E+00 0.0000000E+00 0.0000000E+00 0.0000000E+00 0.0000000E+00 0.0000000E+00 0.0000000E+00 0.3690504 0.3895944 0.4236274 0.4493768 0.4814845 0.5165927 0.5445077 0.5705252 0.5863100 0.5978042 0.5972982 0.5893331 0.5699108 0.5506234 0.5235032 0.5012143 0.4814642 0.4683430 0.4598390 0.4626443 0.4700671 0.4960125
0.5824660 0.6289642 0.6709363 0.7128549 0.7386811 0.7693231 0.7890633 0.8018370 0.8079308 0.8052151 0.7885013 0.7690247 0.7348371 0.7100310 0.6739399 0.6380224 0.5946239 0.5511984 0.5085786 0.4667767 0.4284347 0.3998249 0.3690583 0.0000000E+00 0.0000000E+00 0.0000000E+00 0.0000000E+00 0.0000000E+00 0.0000000E+00 0.0000000E+00 0.0000000E+00 0.0000000E+00 0.0000000E+00 0.0000000E+00 0.0000000E+00 0.0000000E+00 0.3897457 0.4334290 0.4687304 0.5106151 0.5402539 0.5675022 0.5845160 0.5924783 0.5896403 0.5840040 0.5731243 0.5603499 0.5394619 0.5256922 0.5192657 0.5140167 0.5168589 0.5241122 0.5495465
0.5801558 0.6211417 0.6573347 0.6932194 0.7292907 0.7544976 0.7753751 0.7927103 0.8028468 0.8037127 0.7902251 0.7607415 0.7239723 0.6985808 0.6557963 0.6107964 0.5690572 0.5218471 0.4751217 0.4297786 0.3916748 0.0000000E+00 0.0000000E+00 0.0000000E+00 0.0000000E+00 0.0000000E+00 0.0000000E+00 0.0000000E+00 0.0000000E+00 0.0000000E+00 0.0000000E+00 0.0000000E+00 0.0000000E+00 0.0000000E+00 0.0000000E+00 0.0000000E+00 0.0000000E+00 0.3822609 0.4332538 0.4859393 0.5171689 0.5496250 0.5724041 0.5891938 0.5948219 0.5979102 0.5958311 0.5904341 0.5826202 0.5709399 0.5649197 0.5624508 0.5645226 0.5742336 0.5994729
0.5763606 0.6126304 0.6484255 0.6801353 0.7131605 0.7386573 0.7610247 0.7810224 0.7955183 0.8025965 0.7924351 0.7565029 0.7098731 0.6693482 0.6349751 0.5871232 0.5392566 0.4886613 0.4382088 0.3969013 0.0000000E+00 0.0000000E+00 0.0000000E+00 0.0000000E+00 0.0000000E+00 0.0000000E+00 0.0000000E+00 0.0000000E+00 0.0000000E+00 0.0000000E+00 0.0000000E+00 0.0000000E+00 0.0000000E+00 0.0000000E+00 0.0000000E+00 0.0000000E+00 0.0000000E+00 0.0000000E+00 0.4036210 0.4568804 0.5035955 0.5429405 0.5664449 0.5897093 0.6008895 0.6134990 0.6186446 0.6194788 0.6204166 0.6178930 0.6072001 0.6071749 0.6105605 0.6179052 0.6493428
0.5685496 0.6018451 0.6315219 0.6613749 0.6913831 0.7162871 0.7436414 0.7635208 0.7820218 0.7943822 0.7935295 0.7438483 0.6965509 0.6457638 0.6143280 0.5643304 0.5121345 0.4610291 0.4130462 0.3591273 0.0000000E+00 0.0000000E+00 0.0000000E+00 0.0000000E+00 0.0000000E+00 0.0000000E+00 0.0000000E+00 0.0000000E+00 0.0000000E+00 0.0000000E+00 0.0000000E+00 0.0000000E+00 0.0000000E+00 0.0000000E+00 0.0000000E+00 0.0000000E+00 0.0000000E+00 0.0000000E+00 0.3748479 0.4369528 0.4909643 0.5356922 0.5728617 0.5992074 0.6160354 0.6319697 0.6418566 0.6506698 0.6533141 0.6546510 0.6562428 0.6486264 0.6357381 0.6425355 0.6719442
0.5696701 0.5965209 0.6221744 0.6449958 0.6743917 0.6980841 0.7198324 0.7385251 0.7532446 0.7615989 0.7529360 0.7165136 0.6737718 0.6247134 0.5853377 0.5436656 0.4900784 0.4410887 0.3861039 0.0000000E+00 0.0000000E+00 0.0000000E+00 0.0000000E+00 0.0000000E+00 0.0000000E+00 0.0000000E+00 0.0000000E+00 0.0000000E+00 0.0000000E+00 0.0000000E+00 0.0000000E+00 0.0000000E+00 0.0000000E+00 0.0000000E+00 0.0000000E+00 0.0000000E+00 0.0000000E+00 0.0000000E+00 0.3590308 0.4252767 0.4855416 0.5366448 0.5799093 0.6120772 0.6399028 0.6617410 0.6807442 0.6935120 0.6847256 0.6892952 0.6774665 0.6812688 0.6745427 0.6808864 0.7118950
0.5648155 0.5876883 0.6101247 0.6311221 0.6549984 0.6780929 0.6977093 0.7120938 0.7219912 0.7236592 0.7096177 0.6793273 0.6484010 0.6032729 0.5632886 0.5169573 0.4779623 0.4219948 0.3653679 0.0000000E+00 0.0000000E+00 0.0000000E+00 0.0000000E+00 0.0000000E+00 0.0000000E+00 0.0000000E+00 0.0000000E+00 0.0000000E+00 0.0000000E+00 0.0000000E+00 0.0000000E+00 0.0000000E+00 0.0000000E+00 0.0000000E+00 0.0000000E+00 0.0000000E+00 0.0000000E+00 0.0000000E+00 0.0000000E+00 0.4258616 0.4860702 0.5448508 0.5924022 0.6245607 0.6610538 0.6887713 0.7087365 0.7240139 0.7230872 0.7311305 0.7416102 0.7492179 0.7455766 0.7547588 0.7905122
0.5566174 0.5708666 0.5894870 0.6112978 0.6350717 0.6615825 0.6797501 0.6926790 0.6908123 0.6878062 0.6748093 0.6533403 0.6182110 0.5766588 0.5466405 0.5082325 0.4644700 0.4091163 0.0000000E+00 0.0000000E+00 0.0000000E+00 0.0000000E+00 0.0000000E+00 0.0000000E+00 0.0000000E+00 0.0000000E+00 0.0000000E+00 0.0000000E+00 0.0000000E+00 0.0000000E+00 0.0000000E+00 0.0000000E+00 0.0000000E+00 0.0000000E+00 0.0000000E+00 0.0000000E+00 0.0000000E+00 0.0000000E+00 0.3647214 0.4359252 0.5001457 0.5573879 0.6111659 0.6449786 0.6859428 0.7139404 0.7361801 0.7406560 0.7570655 0.7675994 0.7769639 0.7860768 0.7956297 0.7928020 0.8037950
0.5473353 0.5486446 0.5646788 0.5888582 0.6138632 0.6349125 0.6568962 0.6677205 0.6716302 0.6659628 0.6524962 0.6363735 0.6060181 0.5692611 0.5275429 0.4988781 0.4593023 0.4138491 0.0000000E+00 0.0000000E+00 0.0000000E+00 0.0000000E+00 0.0000000E+00 0.0000000E+00 0.0000000E+00 0.0000000E+00 0.0000000E+00 0.0000000E+00 0.0000000E+00 0.0000000E+00 0.0000000E+00 0.0000000E+00 0.0000000E+00 0.0000000E+00 0.0000000E+00 0.0000000E+00 0.0000000E+00 0.0000000E+00 0.3891559 0.4591525 0.5201893 0.5796719 0.6222679 0.6684490 0.7088849 0.7321360 0.7547501 0.7727060 0.7882971 0.8005155 0.8113984 0.8217823 0.8323001 0.8297575 0.8410190
0.5350025 0.5140792 0.5405697 0.5726069 0.5955415 0.6155850 0.6363645 0.6454479 0.6479440 0.6416711 0.6362956 0.6145147 0.5888228 0.5559194 0.5242624 0.4928979 0.4470440 0.3991971 0.3602472 0.0000000E+00 0.0000000E+00 0.0000000E+00 0.0000000E+00 0.0000000E+00 0.0000000E+00 0.0000000E+00 0.0000000E+00 0.0000000E+00 0.0000000E+00 0.0000000E+00 0.0000000E+00 0.0000000E+00 0.0000000E+00 0.0000000E+00 0.0000000E+00 0.0000000E+00 0.0000000E+00 0.0000000E+00 0.4255306 0.4928189 0.5527444 0.6103973 0.6520477 0.6970274 0.7201074 0.7608171 0.7841917 0.8031442 0.8199639 0.8333718 0.8454022 0.8568192 0.8682047 0.8799435 0.8778177
0.5376201 0.5217189 0.5380410 0.5692497 0.5909031 0.6053989 0.6183305 0.6324154 0.6342018 0.6295732 0.6170498 0.6043764 0.5807279 0.5528963 0.5249467 0.4975319 0.4562048 0.4126334 0.3653626 0.0000000E+00 0.0000000E+00 0.0000000E+00 0.0000000E+00 0.0000000E+00 0.0000000E+00 0.0000000E+00 0.0000000E+00 0.0000000E+00 0.0000000E+00 0.0000000E+00 0.0000000E+00 0.0000000E+00 0.0000000E+00 0.0000000E+00 0.0000000E+00 0.0000000E+00 0.0000000E+00 0.4080254 0.4697674 0.5336733 0.5905054 0.6444024 0.6887754 0.7188649 0.7514265 0.7779266 0.8157339 0.8349965 0.8511721 0.8665585 0.8793703 0.8915793 0.9037230 0.9161620 0.9438139
0.5511185 0.5437586 0.5514563 0.5686257 0.5828018 0.5978547 0.6087764 0.6091613 0.6170769 0.6124512 0.6031541 0.5908958 0.5700637 0.5500582 0.5219311 0.4977115 0.4662521 0.4270858 0.3861276 0.0000000E+00 0.0000000E+00 0.0000000E+00 0.0000000E+00 0.0000000E+00 0.0000000E+00 0.0000000E+00 0.0000000E+00 0.0000000E+00 0.0000000E+00 0.0000000E+00 0.0000000E+00 0.0000000E+00 0.0000000E+00 0.0000000E+00 0.0000000E+00 0.3602594 0.4105822 0.4657444 0.5223155 0.5791277 0.6345091 0.6854761 0.7176880 0.7565319 0.7866977 0.8119110 0.8438595 0.8621262 0.8846403 0.9003437 0.9135833 0.9263414 0.9391178 0.9535720 0.9931919
0.5573394 0.5548796 0.5598214 0.5706910 0.5764937 0.5876440 0.5970320 0.6017183 0.5962893 0.5987080 0.5891675 0.5782478 0.5599628 0.5432099 0.5221216 0.5039329 0.4759566 0.4438096 0.4089905 0.3799429 0.0000000E+00 0.0000000E+00 0.0000000E+00 0.0000000E+00 0.0000000E+00 0.0000000E+00 0.0000000E+00 0.0000000E+00 0.0000000E+00 0.0000000E+00 0.0000000E+00 0.0000000E+00 0.0000000E+00 0.0000000E+00 0.3903316 0.4352356 0.4819047 0.5290461 0.5810463 0.6310812 0.6835557 0.7269393 0.7620022 0.7956340 0.8256835 0.8489257 0.8680666 0.8970922 0.9121407 0.9273835 0.9482010 0.9612654 0.9758429 0.9896689 1.018800
0.5549759 0.5555400 0.5599820 0.5677541 0.5724917 0.5811384 0.5853862 0.5890158 0.5888779 0.5791133 0.5767006 0.5701875 0.5567581 0.5390743 0.5206360 0.5080735 0.4876088 0.4636344 0.4367563 0.4082686 0.3871577 0.3622243 0.0000000E+00 0.0000000E+00 0.0000000E+00 0.0000000E+00 0.0000000E+00 0.0000000E+00 0.0000000E+00 0.0000000E+00 0.3607079 0.3811195 0.4044491 0.4327199 0.4683871 0.5120215 0.5548254 0.6008188 0.6473840 0.6898366 0.7325521 0.7780883 0.8108770 0.8410377 0.8687392 0.8886577 0.9058225 0.9204421 0.9477914 0.9608287 0.9752375 0.9892584 1.011313 1.012823 1.055570
