data/rasters/precip/precipitation_20000107.ASC
NCOLS                  300
NROWS                  325
XLLCORNER       0.0000000E+00
YLLCORNER        300000.0
CELLSIZE         1000.000
NODATA_VALUE    0.0000000E+00
[rows 144 to 167 of 325, columns 159 to 211 of 300]
0.4322335 0.4189305 0.4057477 0.3915559 0.3793225 0.3674000 0.3576142 0.3470277 0.3378220 0.3294922 0.3220875 0.3165199 0.3107489 0.3065513 0.3013833 0.2941835 0.2841240 0.2706137 0.2541365 0.2354592 0.2147066 0.1941423 0.1753098 0.1605425 0.1508281 0.1442289 0.1389997 0.1350453 0.1290614 0.1224596 0.1146526 0.1059576 9.5989354E-02 8.5206278E-02 7.3848039E-02 0.0000000E+00 0.0000000E+00 0.0000000E+00 0.0000000E+00 0.0000000E+00 0.0000000E+00 0.0000000E+00 0.0000000E+00 0.0000000E+00 0.0000000E+00 0.0000000E+00 0.0000000E+00 0.0000000E+00 0.0000000E+00 0.0000000E+00 0.0000000E+00 0.0000000E+00 0.0000000E+00
0.4209438 0.4115721 0.3996606 0.3873592 0.3751313 0.3650256 0.3528928 0.3417811 0.3318934 0.3222436 0.3139398 0.3065985 0.2990147 0.2931238 0.2859189 0.2770579 0.2658473 0.2525826 0.2356123 0.2162415 0.1948369 0.1725853 0.1516290 0.1366773 0.1304023 0.1279985 0.1258365 0.1241764 0.1201596 0.1150955 0.1096907 0.1037964 9.7175702E-02 9.0233199E-02 8.2839578E-02 7.4301034E-02 0.0000000E+00 0.0000000E+00 0.0000000E+00 0.0000000E+00 0.0000000E+00 0.0000000E+00 0.0000000E+00 0.0000000E+00 0.0000000E+00 0.0000000E+00 0.0000000E+00 0.0000000E+00 0.0000000E+00 0.0000000E+00 0.0000000E+00 0.0000000E+00 0.0000000E+00
0.4149680 0.4036855 0.3927837 0.3807380 0.3684678 0.3581799 0.3471011 0.3351596 0.3242817 0.3134966 0.3039415 0.2938224 0.2864082 0.2791912 0.2708361 0.2618975 0.2502219 0.2361849 0.2195658 0.2000925 0.1786645 0.1549011 0.1299714 0.1121520 0.1129404 0.1149555 0.1151674 0.1149779 0.1121666 0.1083388 0.1044031 0.1001680 9.6194893E-02 9.3231007E-02 9.0629615E-02 8.6323403E-02 7.6491028E-02 0.0000000E+00 0.0000000E+00 0.0000000E+00 0.0000000E+00 0.0000000E+00 0.0000000E+00 0.0000000E+00 0.0000000E+00 0.0000000E+00 0.0000000E+00 0.0000000E+00 0.0000000E+00 0.0000000E+00 0.0000000E+00 0.0000000E+00 0.0000000E+00
0.4094911 0.3980944 0.3865520 0.3765934 0.3639019 0.3527345 0.3392094 0.3262935 0.3140794 0.3024348 0.2917893 0.2810951 0.2727050 0.2648358 0.2568957 0.2470948 0.2356401 0.2221193 0.2062833 0.1881167 0.1679050 0.1450289 0.1208859 0.1035390 0.1052073 0.1075811 0.1079681 0.1078378 0.1051288 0.1015870 9.7676389E-02 9.4565861E-02 9.2042215E-02 9.1360793E-02 9.3222842E-02 9.7670592E-02 8.4194265E-02 0.0000000E+00 0.0000000E+00 0.0000000E+00 0.0000000E+00 0.0000000E+00 0.0000000E+00 0.0000000E+00 0.0000000E+00 0.0000000E+00 0.0000000E+00 0.0000000E+00 0.0000000E+00 0.0000000E+00 0.0000000E+00 0.0000000E+00 0.0000000E+00
0.4039850 0.3943258 0.3832560 0.3710928 0.3609354 0.3470285 0.3322723 0.3178713 0.3036246 0.2908988 0.2777914 0.2676170 0.2592044 0.2514967 0.2430009 0.2337137 0.2230838 0.2107050 0.1963367 0.1804638 0.1622692 0.1430064 0.1245129 0.1118087 0.1072562 0.1058812 0.1042462 0.1027557 9.9081203E-02 9.4633512E-02 8.9917637E-02 8.5956223E-02 8.3755471E-02 8.3054401E-02 8.4691487E-02 8.5979745E-02 7.8526892E-02 0.0000000E+00 0.0000000E+00 0.0000000E+00 0.0000000E+00 0.0000000E+00 0.0000000E+00 0.0000000E+00 0.0000000E+00 0.0000000E+00 0.0000000E+00 0.0000000E+00 0.0000000E+00 0.0000000E+00 0.0000000E+00 0.0000000E+00 0.0000000E+00
0.4013855 0.3923194 0.3808298 0.3682656 0.3555422 0.3413782 0.3250726 0.3087486 0.2927332 0.2781130 0.2639496 0.2535483 0.2446404 0.2373615 0.2296884 0.2214869 0.2122009 0.2014463 0.1897350 0.1757640 0.1604889 0.1447956 0.1303219 0.1191585 0.1119687 0.1073341 0.1029362 9.9320158E-02 9.3711905E-02 8.7561883E-02 8.1401974E-02 7.5923048E-02 0.0000000E+00 0.0000000E+00 0.0000000E+00 0.0000000E+00 0.0000000E+00 0.0000000E+00 0.0000000E+00 0.0000000E+00 0.0000000E+00 0.0000000E+00 0.0000000E+00 0.0000000E+00 0.0000000E+00 0.0000000E+00 0.0000000E+00 0.0000000E+00 0.0000000E+00 0.0000000E+00 0.0000000E+00 0.0000000E+00 0.0000000E+00
0.4017388 0.3925358 0.3803532 0.3663373 0.3520837 0.3350281 0.3179951 0.2995635 0.2812019 0.2633047 0.2489447 0.2377997 0.2295330 0.2231975 0.2170097 0.2103548 0.2029362 0.1947584 0.1846831 0.1732544 0.1608139 0.1480656 0.1360349 0.1256928 0.1172876 0.1103658 0.1035019 9.7384542E-02 8.9437343E-02 8.0985859E-02 0.0000000E+00 0.0000000E+00 0.0000000E+00 0.0000000E+00 0.0000000E+00 0.0000000E+00 0.0000000E+00 0.0000000E+00 0.0000000E+00 0.0000000E+00 0.0000000E+00 0.0000000E+00 0.0000000E+00 0.0000000E+00 0.0000000E+00 0.0000000E+00 0.0000000E+00 0.0000000E+00 0.0000000E+00 0.0000000E+00 0.0000000E+00 0.0000000E+00 0.0000000E+00
0.4060653 0.3954406 0.3817336 0.3660673 0.3496870 0.3308136 0.3104683 0.2905287 0.2687505 0.2487233 0.2319671 0.2208767 0.2142084 0.2096284 0.2052170 0.2004235 0.1948642 0.1889277 0.1811920 0.1722482 0.1623415 0.1519307 0.1416689 0.1318974 0.1227785 0.1140198 0.1052068 9.6746765E-02 8.6315438E-02 7.5262971E-02 0.0000000E+00 0.0000000E+00 0.0000000E+00 0.0000000E+00 0.0000000E+00 0.0000000E+00 0.0000000E+00 0.0000000E+00 0.0000000E+00 0.0000000E+00 0.0000000E+00 0.0000000E+00 0.0000000E+00 0.0000000E+00 0.0000000E+00 0.0000000E+00 0.0000000E+00 0.0000000E+00 0.0000000E+00 0.0000000E+00 0.0000000E+00 0.0000000E+00 0.0000000E+00
0.4147405 0.4011480 0.3850057 0.3673780 0.3485154 0.3273782 0.3048713 0.2817319 0.2580369 0.2345285 0.2131811 0.2039155 0.2000069 0.1972926 0.1946694 0.1919659 0.1891517 0.1849301 0.1788901 0.1723074 0.1647335 0.1562926 0.1473445 0.1381553 0.1287304 0.1187632 0.1082729 9.7677864E-02 8.4906973E-02 0.0000000E+00 0.0000000E+00 0.0000000E+00 0.0000000E+00 0.0000000E+00 0.0000000E+00 0.0000000E+00 0.0000000E+00 0.0000000E+00 0.0000000E+00 0.0000000E+00 0.0000000E+00 0.0000000E+00 0.0000000E+00 0.0000000E+00 0.0000000E+00 0.0000000E+00 0.0000000E+00 0.0000000E+00 0.0000000E+00 0.0000000E+00 0.0000000E+00 0.0000000E+00 0.0000000E+00
0.4274346 0.4097818 0.3906143 0.3706887 0.3489258 0.3252527 0.3000377 0.2743869 0.2492038 0.2239821 0.2014965 0.1915934 0.1878325 0.1859751 0.1848938 0.1840718 0.1833593 0.1813890 0.1784031 0.1740756 0.1685214 0.1618391 0.1541450 0.1449542 0.1354344 0.1247467 0.1130508 0.1007667 8.5971512E-02 0.0000000E+00 0.0000000E+00 0.0000000E+00 0.0000000E+00 0.0000000E+00 0.0000000E+00 0.0000000E+00 0.0000000E+00 0.0000000E+00 0.0000000E+00 0.0000000E+00 0.0000000E+00 0.0000000E+00 0.0000000E+00 0.0000000E+00 0.0000000E+00 0.0000000E+00 0.0000000E+00 0.0000000E+00 0.0000000E+00 0.0000000E+00 0.0000000E+00 0.0000000E+00 0.0000000E+00
0.4429613 0.4224985 0.4001824 0.3764685 0.3512464 0.3245817 0.2969400 0.2688266 0.2419119 0.2163895 0.1957499 0.1831415 0.1772876 0.1755984 0.1758892 0.1774193 0.1786181 0.1789152 0.1780045 0.1758352 0.1722815 0.1674816 0.1611062 0.1532840 0.1439208 0.1329589 0.1197433 0.1066131 9.0453215E-02 0.0000000E+00 0.0000000E+00 0.0000000E+00 0.0000000E+00 0.0000000E+00 0.0000000E+00 0.0000000E+00 0.0000000E+00 0.0000000E+00 0.0000000E+00 0.0000000E+00 0.0000000E+00 0.0000000E+00 0.0000000E+00 0.0000000E+00 0.0000000E+00 0.0000000E+00 0.0000000E+00 0.0000000E+00 0.0000000E+00 0.0000000E+00 0.0000000E+00 0.0000000E+00 0.0000000E+00
0.4602011 0.4363786 0.4102425 0.3829405 0.3556154 0.3255242 0.2949080 0.2641318 0.2343875 0.2079639 0.1863474 0.1722174 0.1659327 0.1651664 0.1673518 0.1712030 0.1745969 0.1771542 0.1784722 0.1783020 0.1768414 0.1736232 0.1687271 0.1620237 0.1533582 0.1426007 0.1297070 0.1160502 9.9082127E-02 8.0901124E-02 0.0000000E+00 0.0000000E+00 0.0000000E+00 0.0000000E+00 0.0000000E+00 0.0000000E+00 0.0000000E+00 0.0000000E+00 0.0000000E+00 0.0000000E+00 0.0000000E+00 0.0000000E+00 0.0000000E+00 0.0000000E+00 0.0000000E+00 0.0000000E+00 0.0000000E+00 0.0000000E+00 0.0000000E+00 0.0000000E+00 0.0000000E+00 0.0000000E+00 0.0000000E+00
0.4783682 0.4509864 0.4217095 0.3919899 0.3597834 0.3270546 0.2941795 0.2604264 0.2275669 0.1979453 0.1734151 0.1578242 0.1524207 0.1541930 0.1596528 0.1658488 0.1716553 0.1765548 0.1798500 0.1816746 0.1818388 0.1803912 0.1771399 0.1718716 0.1643608 0.1544197 0.1420812 0.1277917 0.1124030 9.4624586E-02 7.6503403E-02 0.0000000E+00 0.0000000E+00 0.0000000E+00 0.0000000E+00 0.0000000E+00 0.0000000E+00 0.0000000E+00 0.0000000E+00 0.0000000E+00 0.0000000E+00 0.0000000E+00 0.0000000E+00 0.0000000E+00 0.0000000E+00 0.0000000E+00 0.0000000E+00 0.0000000E+00 0.0000000E+00 0.0000000E+00 0.0000000E+00 0.0000000E+00 0.0000000E+00
0.4966688 0.4658247 0.4345134 0.4007881 0.3660408 0.3306983 0.2946146 0.2586743 0.2221444 0.1873308 0.1577584 0.1394357 0.1367378 0.1435886 0.1530129 0.1622394 0.1702456 0.1768198 0.1818882 0.1853548 0.1873393 0.1876058 0.1861380 0.1825622 0.1767104 0.1682135 0.1568952 0.1435120 0.1293245 0.1135662 9.7791232E-02 8.2770742E-02 0.0000000E+00 0.0000000E+00 0.0000000E+00 0.0000000E+00 0.0000000E+00 0.0000000E+00 0.0000000E+00 0.0000000E+00 0.0000000E+00 0.0000000E+00 0.0000000E+00 0.0000000E+00 0.0000000E+00 0.0000000E+00 0.0000000E+00 0.0000000E+00 0.0000000E+00 0.0000000E+00 0.0000000E+00 0.0000000E+00 0.0000000E+00
0.5162962 0.4816801 0.4457797 0.4096185 0.3728401 0.3360006 0.2982784 0.2597169 0.2204712 0.1810590 0.1429682 0.1169086 0.1226878 0.1363231 0.1497755 0.1610675 0.1705602 0.1783474 0.1845976 0.1894642 0.1928790 0.1949006 0.1951405 0.1934845 0.1897505 0.1833887 0.1737065 0.1612807 0.1487483 0.1354052 0.1228017 0.1117368 0.1031919 9.7959757E-02 9.4826065E-02 9.0341017E-02 8.3843790E-02 7.6402619E-02 0.0000000E+00 0.0000000E+00 0.0000000E+00 0.0000000E+00 0.0000000E+00 0.0000000E+00 0.0000000E+00 0.0000000E+00 0.0000000E+00 0.0000000E+00 0.0000000E+00 0.0000000E+00 0.0000000E+00 0.0000000E+00 0.0000000E+00
0.5320606 0.4939817 0.4553509 0.4175160 0.3797604 0.3425066 0.3046258 0.2657951 0.2258131 0.1847188 0.1436457 0.1114015 0.1226866 0.1380837 0.1517595 0.1632578 0.1729173 0.1809509 0.1876310 0.1932475 0.1980073 0.2014089 0.2034511 0.2037246 0.2021734 0.1986918 0.1911580 0.1791909 0.1674836 0.1575209 0.1483116 0.1412924 0.1373710 0.1367944 0.1365582 0.1276150 0.1100013 9.2843831E-02 7.8724392E-02 0.0000000E+00 0.0000000E+00 0.0000000E+00 0.0000000E+00 0.0000000E+00 0.0000000E+00 0.0000000E+00 0.0000000E+00 0.0000000E+00 0.0000000E+00 0.0000000E+00 0.0000000E+00 0.0000000E+00 0.0000000E+00
0.5458614 0.5039508 0.4628650 0.4238579 0.3861865 0.3498507 0.3135474 0.2765724 0.2385318 0.2004719 0.1659577 0.1440648 0.1416880 0.1495803 0.1594088 0.1691314 0.1775950 0.1848606 0.1910953 0.1966906 0.2021493 0.2068985 0.2101279 0.2117460 0.2116230 0.2094682 0.2035125 0.1938880 0.1843363 0.1768792 0.1705644 0.1668091 0.1667496 0.1713291 0.1803578 0.1688891 0.1336920 0.1061429 8.5666880E-02 0.0000000E+00 0.0000000E+00 0.0000000E+00 0.0000000E+00 0.0000000E+00 0.0000000E+00 0.0000000E+00 0.0000000E+00 0.0000000E+00 0.0000000E+00 0.0000000E+00 0.0000000E+00 0.0000000E+00 0.0000000E+00
0.5555081 0.5089153 0.4659646 0.4266438 0.3903641 0.3562748 0.3233714 0.2903492 0.2561507 0.2220558 0.1924738 0.1727298 0.1647828 0.1658203 0.1707665 0.1770214 0.1836991 0.1893947 0.1942787 0.1989451 0.2049310 0.2106689 0.2147739 0.2169301 0.2171983 0.2153488 0.2106389 0.2037816 0.1965762 0.1912154 0.1867027 0.1844186 0.1851888 0.1892329 0.1941716 0.1788827 0.1430094 0.1120720 8.8132717E-02 0.0000000E+00 0.0000000E+00 0.0000000E+00 0.0000000E+00 0.0000000E+00 0.0000000E+00 0.0000000E+00 0.0000000E+00 0.0000000E+00 0.0000000E+00 0.0000000E+00 0.0000000E+00 0.0000000E+00 0.0000000E+00
0.5562514 0.5064389 0.4621523 0.4238312 0.3899752 0.3594812 0.3314338 0.3044075 0.2751605 0.2433333 0.2157696 0.1962474 0.1854101 0.1819484 0.1827645 0.1858622 0.1898099 0.1943569 0.1975949 0.1998729 0.2067012 0.2128591 0.2170725 0.2193619 0.2197017 0.2178676 0.2143652 0.2091699 0.2036198 0.1983068 0.1955437 0.1928387 0.1914068 0.1899094 0.1840583 0.1665087 0.1387376 0.1096024 8.5479423E-02 0.0000000E+00 0.0000000E+00 0.0000000E+00 0.0000000E+00 0.0000000E+00 0.0000000E+00 0.0000000E+00 0.0000000E+00 0.0000000E+00 0.0000000E+00 0.0000000E+00 0.0000000E+00 0.0000000E+00 0.0000000E+00
0.5432813 0.4921362 0.4495748 0.4137893 0.3833174 0.3569990 0.3339793 0.3136747 0.2917411 0.2590472 0.2327546 0.2134983 0.2012480 0.1953810 0.1931810 0.1937013 0.1959840 0.1983909 0.2009035 0.2044342 0.2090307 0.2138489 0.2174041 0.2193228 0.2195082 0.2179772 0.2149086 0.2105434 0.2057790 0.2008037 0.1976587 0.1934459 0.1888670 0.1823296 0.1707174 0.1523714 0.1283902 0.1030637 7.9589844E-02 0.0000000E+00 0.0000000E+00 0.0000000E+00 0.0000000E+00 0.0000000E+00 0.0000000E+00 0.0000000E+00 0.0000000E+00 0.0000000E+00 0.0000000E+00 0.0000000E+00 0.0000000E+00 0.0000000E+00 0.0000000E+00
0.5132617 0.4657547 0.4270206 0.3955437 0.3695980 0.3474735 0.3282365 0.3102572 0.2896028 0.2645590 0.2417822 0.2239402 0.2115322 0.2045945 0.2008292 0.1994455 0.2003940 0.2016326 0.2034118 0.2058152 0.2101370 0.2134338 0.2159980 0.2172693 0.2170991 0.2154705 0.2124952 0.2088662 0.2038428 0.1985734 0.1940619 0.1886172 0.1806023 0.1712222 0.1575934 0.1392519 0.1174356 9.4473869E-02 0.0000000E+00 0.0000000E+00 0.0000000E+00 0.0000000E+00 0.0000000E+00 0.0000000E+00 0.0000000E+00 0.0000000E+00 0.0000000E+00 0.0000000E+00 0.0000000E+00 0.0000000E+00 0.0000000E+00 0.0000000E+00 0.0000000E+00
0.4691199 0.4281930 0.3954932 0.3699315 0.3493589 0.3318909 0.3157111 0.2996156 0.2816804 0.2620022 0.2432917 0.2277962 0.2161902 0.2093194 0.2048736 0.2034153 0.2026199 0.2029496 0.2039635 0.2055513 0.2075507 0.2114056 0.2129085 0.2134385 0.2127620 0.2108271 0.2076733 0.2034883 0.1991768 0.1934427 0.1868130 0.1790431 0.1706708 0.1595648 0.1451074 0.1273214 0.1071622 8.6069047E-02 0.0000000E+00 0.0000000E+00 0.0000000E+00 0.0000000E+00 0.0000000E+00 0.0000000E+00 0.0000000E+00 0.0000000E+00 0.0000000E+00 0.0000000E+00 0.0000000E+00 0.0000000E+00 0.0000000E+00 0.0000000E+00 0.0000000E+00
0.4163744 0.3823397 0.3573056 0.3390215 0.3246562 0.3121152 0.2995861 0.2860479 0.2708547 0.2544601 0.2388077 0.2256693 0.2157370 0.2098078 0.2062885 0.2038239 0.2024035 0.2020431 0.2023471 0.2031544 0.2042560 0.2053268 0.2080778 0.2081057 0.2068514 0.2044286 0.1998354 0.1952393 0.1904117 0.1833936 0.1770921 0.1687956 0.1593993 0.1475076 0.1331887 0.1163437 9.8265618E-02 7.9066262E-02 0.0000000E+00 0.0000000E+00 0.0000000E+00 0.0000000E+00 0.0000000E+00 0.0000000E+00 0.0000000E+00 0.0000000E+00 0.0000000E+00 0.0000000E+00 0.0000000E+00 0.0000000E+00 0.0000000E+00 0.0000000E+00 0.0000000E+00
0.3596545 0.3318113 0.3154053 0.3055888 0.2982586 0.2909637 0.2823241 0.2714417 0.2582482 0.2436989 0.2295797 0.2187839 0.2112843 0.2068395 0.2040727 0.2016008 0.1999818 0.1989206 0.1986263 0.1987500 0.1991504 0.1986023 0.1985910 0.1999594 0.1984207 0.1955235 0.1914479 0.1860397 0.1806238 0.1733818 0.1661723 0.1575047 0.1477489 0.1363415 0.1227883 0.1073544 9.0583861E-02 7.3318720E-02 0.0000000E+00 0.0000000E+00 0.0000000E+00 0.0000000E+00 0.0000000E+00 0.0000000E+00 0.0000000E+00 0.0000000E+00 0.0000000E+00 0.0000000E+00 0.0000000E+00 0.0000000E+00 0.0000000E+00 0.0000000E+00 0.0000000E+00
