data/rasters/precip/precipitation_20000103.ASC
NCOLS                  300
NROWS                  325
XLLCORNER       0.0000000E+00
YLLCORNER        300000.0
CELLSIZE         1000.000
NODATA_VALUE    0.0000000E+00
[rows 125 to 149 of 325, columns 171 to 227 of 300]
7.045828 7.314348 7.617743 7.851405 8.037274 8.151474 8.202214 8.189352 8.135182 8.054603 7.936669 7.850990 7.766927 7.709540 7.695655 7.703166 7.738648 7.787260 7.839036 7.886204 7.925994 7.950645 7.961274 7.957085 7.937871 7.938169 7.882777 7.830824 7.766636 7.666556 7.567405 7.452147 7.354019 7.211440 7.081203 6.941076 6.827088 6.727450 6.640738 6.564755 6.497553 6.426114 6.371614 6.330233 6.282213 6.226102 6.183854 6.139855 6.092713 6.042066 5.990353 5.929835 5.870726 5.800495 5.729692 5.659638 5.588727
7.096211 7.383350 7.721615 8.013648 8.219590 8.323634 8.337102 8.279195 8.179985 8.056242 7.921159 7.787286 7.651624 7.578122 7.560650 7.583391 7.637687 7.705745 7.774023 7.834136 7.880535 7.914135 7.929001 7.928740 7.947668 7.921819 7.889301 7.833273 7.776593 7.693628 7.608001 7.501614 7.401325 7.243867 7.101104 6.972735 6.843100 6.727395 6.624018 6.531712 6.449188 6.395572 6.330319 6.239838 6.187075 6.133847 6.089142 6.044026 5.997105 5.945803 5.902774 5.844191 5.791086 5.726056 5.659976 5.593833 5.528383
7.098591 7.440825 7.825406 8.170385 8.428610 8.524806 8.483530 8.373839 8.230212 8.063744 7.887156 7.711293 7.557386 7.449401 7.436825 7.487125 7.552709 7.646252 7.733250 7.805554 7.859307 7.896963 7.913327 7.946413 7.939237 7.915779 7.883939 7.839143 7.795095 7.738185 7.666906 7.584043 7.429372 7.281297 7.135768 6.992730 6.849241 6.719248 6.619375 6.512189 6.414832 6.326995 6.241399 6.174937 6.118860 6.048610 5.999016 5.954005 5.908143 5.866587 5.817932 5.764484 5.707217 5.656133 5.594389 5.532059 5.467824
7.051458 7.438818 7.890712 8.319615 8.687345 8.721769 8.600997 8.451437 8.276402 8.082079 7.871373 7.651748 7.443115 7.298268 7.288765 7.387234 7.517723 7.643589 7.751056 7.836405 7.896920 7.933973 7.988430 7.986407 7.969992 7.942360 7.908970 7.854201 7.800289 7.767359 7.709418 7.623724 7.487574 7.335308 7.161963 7.005413 6.859433 6.715769 6.585930 6.466728 6.348953 6.249012 6.159317 6.085753 6.027099 5.984441 5.946700 5.904458 5.825121 5.789124 5.740692 5.689696 5.637694 5.591328 5.533669 5.475152 5.414215
6.959851 7.363535 7.843639 8.309284 8.740690 8.763588 8.637554 8.487682 8.318169 8.116100 7.889112 7.639317 7.372891 7.130807 7.170677 7.345830 7.516253 7.664032 7.782096 7.877556 7.935611 7.994408 8.002696 7.990133 7.962943 7.926113 7.886926 7.851902 7.781021 7.789721 7.772853 7.706982 7.545006 7.348717 7.156500 6.983182 6.823675 6.672369 6.544222 6.406568 6.288820 6.178707 6.076351 5.990638 5.936515 5.898835 5.863895 5.828779 5.785898 5.757731 5.717117 5.622324 5.572815 5.532005 5.478265 5.421603 5.365875
6.813961 7.224383 7.669023 8.132649 8.471521 8.611259 8.590145 8.496797 8.353550 8.178458 7.961029 7.715171 7.448268 7.199126 7.243696 7.434484 7.602748 7.750293 7.866707 7.950395 7.998332 8.043714 8.034930 8.004426 7.958541 7.903934 7.818906 7.768734 7.758660 7.754276 7.772756 7.773968 7.539352 7.318069 7.117132 6.939513 6.777899 6.625627 6.472171 6.350699 6.228614 6.113321 6.003344 5.899850 5.857827 5.823332 5.789348 5.754970 5.714913 5.685458 5.646706 5.605763 5.562573 5.517241 5.475511 5.400917 5.348323
6.617881 7.030849 7.470304 7.916492 8.251468 8.454642 8.527539 8.500454 8.406814 8.261605 8.089362 7.880335 7.674078 7.528722 7.527139 7.635891 7.774117 7.890779 7.991703 8.059192 8.116777 8.116085 8.051533 7.995896 7.924233 7.844604 7.767567 7.724395 7.676138 7.644567 7.638567 7.588272 7.422489 7.226315 7.038470 6.869038 6.707955 6.550354 6.409795 6.280379 6.150870 6.043919 5.942025 5.855644 5.791770 5.747625 5.708808 5.672233 5.638818 5.604881 5.568543 5.531093 5.492200 5.450144 5.414007 5.375032 5.326504
6.386365 6.809543 7.260745 7.723253 8.085959 8.344405 8.486646 8.527415 8.484846 8.387308 8.247885 8.099591 7.951052 7.849437 7.834120 7.889214 7.980620 8.076550 8.146305 8.209983 8.219885 8.190070 8.126992 8.037737 7.930046 7.812981 7.717564 7.614128 7.534189 7.473591 7.430163 7.359162 7.236623 7.087945 6.927315 6.776103 6.610320 6.456540 6.329339 6.202074 6.085055 5.977353 5.889565 5.807833 5.736258 5.687596 5.645854 5.610683 5.575439 5.551102 5.508307 5.473382 5.435682 5.398631 5.365989 5.325022 5.282910
6.128084 6.578262 7.064104 7.568432 7.980958 8.296341 8.499226 8.595033 8.599847 8.542551 8.443426 8.325554 8.226811 8.153038 8.134658 8.163435 8.228051 8.301515 8.362867 8.397882 8.380583 8.316902 8.217691 8.090525 7.941655 7.807267 7.629457 7.478023 7.359276 7.272499 7.211041 7.141409 7.045693 6.925489 6.796082 6.640824 6.502719 6.369157 6.251084 6.129241 6.017002 5.914054 5.827097 5.756544 5.681039 5.629366 5.588637 5.550625 5.516111 5.494484 5.452853 5.420800 5.386265 5.352827 5.318216 5.285944 5.249459
5.849895 6.347165 6.896327 7.469259 7.948272 8.323976 8.577414 8.714333 8.755618 8.724465 8.654897 8.567399 8.484900 8.434735 8.414291 8.429214 8.473821 8.533153 8.596792 8.615615 8.562261 8.459194 8.320532 8.155681 7.987626 7.763585 7.537407 7.324957 7.161216 7.058896 6.997669 6.940797 6.866841 6.754339 6.639502 6.524733 6.400130 6.277461 6.157957 6.055087 5.948277 5.850484 5.766354 5.674495 5.623016 5.571314 5.531058 5.493628 5.460661 5.435131 5.412793 5.371461 5.342937 5.313537 5.282768 5.253667 5.227619
5.553242 6.126326 6.769736 7.435963 8.000736 8.438195 8.729389 8.886169 8.942672 8.935637 8.874152 8.802676 8.732871 8.680017 8.664705 8.667387 8.697446 8.748362 8.813557 8.843129 8.750592 8.598323 8.444239 8.250722 8.017695 7.754808 7.461345 7.166510 6.943805 6.845335 6.809514 6.761883 6.696399 6.614312 6.508801 6.411503 6.299606 6.184679 6.074141 5.980146 5.877804 5.782458 5.702392 5.610715 5.550460 5.516687 5.474239 5.438676 5.408311 5.386112 5.368613 5.329719 5.305930 5.281481 5.255499 5.234568 5.200048
5.246026 5.931783 6.724592 7.489010 8.155924 8.651399 8.956378 9.108858 9.157903 9.141835 9.089567 9.023014 8.956508 8.902111 8.871382 8.868057 8.880104 8.922290 8.968457 9.003736 8.880138 8.717930 8.541739 8.331017 8.090342 7.794936 7.441648 7.043469 6.707202 6.672225 6.663520 6.635530 6.582469 6.492260 6.399237 6.310036 6.205094 6.098296 5.990672 5.901350 5.803065 5.718823 5.635839 5.544818 5.491541 5.442597 5.417589 5.385118 5.358493 5.340796 5.325622 5.306029 5.275334 5.266132 5.243863 5.225914 5.202935
4.959381 5.800973 6.734978 7.644275 8.436800 8.977250 9.251335 9.359781 9.379065 9.348404 9.290153 9.220534 9.150850 9.089518 9.046961 9.025681 9.013254 9.028989 9.032189 9.005054 8.912249 8.776168 8.618645 8.432578 8.201812 7.903576 7.529007 7.097052 6.727815 6.650215 6.617940 6.571112 6.506681 6.418414 6.310797 6.212275 6.120220 6.012763 5.907735 5.809719 5.729886 5.645473 5.569131 5.482995 5.426798 5.380777 5.360812 5.332567 5.310828 5.298853 5.289896 5.276823 5.261161 5.247963 5.234253 5.229300 5.215005
4.832314 5.802653 6.838356 7.883287 8.854163 9.409890 9.563044 9.594809 9.576427 9.528550 9.462492 9.388164 9.312236 9.240691 9.178136 9.135773 9.121639 9.087271 9.050001 8.994144 8.898016 8.787753 8.662679 8.523987 8.348033 8.090723 7.725098 7.312896 6.971828 6.770268 6.651278 6.557045 6.457804 6.364231 6.262318 6.139927 6.046419 5.938062 5.831935 5.729162 5.652486 5.574248 5.508767 5.416292 5.360724 5.318117 5.285759 5.280804 5.265098 5.285243 5.271108 5.263872 5.241646 5.236926 5.232131 5.225477 5.232509
5.071777 5.980117 6.999865 8.080504 9.210737 9.732392 9.755601 9.748475 9.716968 9.665268 9.597954 9.525409 9.443892 9.360350 9.279685 9.210968 9.167058 9.107697 9.023563 8.947165 8.858704 8.766488 8.675332 8.592295 8.502983 8.330657 7.957154 7.524307 7.161678 6.899142 6.712601 6.570993 6.443285 6.327474 6.213572 6.100358 5.982912 5.872172 5.763423 5.659145 5.596026 5.508044 5.397022 5.342888 5.295628 5.254621 5.227252 5.223255 5.233637 5.243521 5.242218 5.243730 5.246554 5.232300 5.237542 5.239018 5.256072
5.500786 6.268026 7.174127 8.127414 9.009320 9.550231 9.735682 9.790486 9.789603 9.755731 9.698158 9.622784 9.528621 9.442631 9.344131 9.253225 9.167830 9.077785 8.980962 8.880549 8.784428 8.694533 8.621983 8.574800 8.563581 8.592162 8.100853 7.640928 7.269279 6.981861 6.764091 6.586496 6.440399 6.308672 6.183733 6.056057 5.935843 5.813779 5.701299 5.609744 5.507918 5.438580 5.343609 5.276063 5.222496 5.206517 5.181615 5.170648 5.190650 5.209147 5.217431 5.228749 5.241319 5.235233 5.248470 5.257981 5.285391
5.940577 6.586122 7.341591 8.123794 8.824965 9.326998 9.615865 9.750690 9.798035 9.796049 9.757457 9.689659 9.599456 9.487597 9.358929 9.279233 9.156140 9.036834 8.907820 8.785319 8.669254 8.565657 8.484586 8.430014 8.391463 8.291698 7.986625 7.614409 7.283176 7.005672 6.785521 6.592601 6.433651 6.290534 6.156239 6.029135 5.902544 5.823432 5.681255 5.567838 5.461443 5.355826 5.272429 5.203826 5.151620 5.116272 5.095237 5.121923 5.127305 5.174053 5.197214 5.219181 5.242132 5.243647 5.266127 5.283805 5.317255
6.353008 6.889098 7.511934 8.149482 8.726230 9.179779 9.488479 9.682335 9.778772 9.811773 9.791109 9.733526 9.642550 9.500949 9.361175 9.271546 9.121697 8.962730 8.813091 8.660454 8.514692 8.383893 8.273850 8.184587 8.096233 7.964139 7.747285 7.482883 7.219057 6.984267 6.773993 6.584011 6.423266 6.275584 6.136174 6.030628 5.898082 5.767407 5.655878 5.511956 5.399483 5.290361 5.202223 5.131130 5.079502 5.048138 5.035911 5.044044 5.089381 5.150080 5.181228 5.215849 5.249713 5.259301 5.291150 5.311753 5.360135
6.725943 7.178774 7.692287 8.211566 8.693645 9.096354 9.400303 9.609846 9.747078 9.809731 9.815544 9.764819 9.655923 9.516485 9.355971 9.235631 9.064025 8.882222 8.700580 8.514930 8.332164 8.163171 8.014273 7.887407 7.774063 7.647152 7.491884 7.308118 7.111652 6.922633 6.735502 6.564718 6.410708 6.287591 6.147007 6.012208 5.874791 5.738231 5.618594 5.464482 5.344059 5.225008 5.133753 5.058136 5.006158 4.979251 4.980672 4.997145 5.022722 5.069266 5.177783 5.223924 5.264181 5.282246 5.316674 5.379164 5.409533
7.061586 7.448008 7.873162 8.305582 8.712256 9.059733 9.344913 9.551900 9.703022 9.799881 9.824903 9.785655 9.680941 9.523670 9.338113 9.201535 8.996818 8.790322 8.576529 8.359015 8.137580 7.923797 7.729499 7.571329 7.450516 7.348958 7.241242 7.118772 6.984944 6.855756 6.700425 6.569629 6.433380 6.280520 6.145025 6.004991 5.863874 5.721858 5.579884 5.454151 5.271983 5.170736 5.068413 4.985190 4.934753 4.913822 4.922321 4.953265 5.000870 5.053619 5.114606 5.236908 5.285681 5.339924 5.359577 5.431431 5.468596
7.369584 7.702490 8.053807 8.411959 8.753739 9.045170 9.301285 9.511115 9.671919 9.783318 9.842051 9.815146 9.693011 9.514071 9.306341 9.150540 8.931496 8.701306 8.461894 8.213310 7.953026 7.689830 7.442790 7.249511 7.135812 7.077236 7.026805 6.964168 6.881238 6.783783 6.659370 6.551424 6.428513 6.297338 6.151692 6.011597 5.867918 5.721136 5.572226 5.409617 5.266009 5.126989 5.009000 4.915673 4.857874 4.844140 4.868323 4.917735 4.982907 5.049782 5.124311 5.192519 5.321524 5.385040 5.417378 5.500866 5.542902
7.670461 7.950303 8.231199 8.510822 8.795330 9.054302 9.282252 9.470268 9.627917 9.755685 9.850452 9.856880 9.689180 9.480953 9.257021 9.089571 8.859526 8.616857 8.358512 8.088696 7.795310 7.485865 7.174629 6.924019 6.837877 6.848633 6.858664 6.850083 6.805970 6.738096 6.635825 6.530992 6.415487 6.314470 6.187625 6.049219 5.889904 5.739371 5.584373 5.402743 5.257529 5.100646 4.963709 4.846555 4.778929 4.776693 4.824392 4.897091 4.979637 5.055318 5.139182 5.228822 5.307788 5.441073 5.480221 5.571940 5.619191
7.941825 8.172855 8.388780 8.626749 8.859406 9.077236 9.273073 9.431953 9.570580 9.686833 9.778819 9.787657 9.616958 9.409147 9.186355 9.020268 8.790401 8.544440 8.283530 8.007136 7.699556 7.362527 6.997463 6.615586 6.624592 6.718249 6.774569 6.788868 6.770883 6.723914 6.638445 6.547292 6.441798 6.324595 6.201578 6.091001 5.945642 5.792685 5.596138 5.434245 5.268361 5.129328 4.941630 4.789972 4.697640 4.719966 4.803867 4.899481 4.995573 5.092242 5.184036 5.276578 5.366669 5.448097 5.554856 5.651177 5.708686
8.179307 8.360714 8.542315 8.729080 8.913810 9.089227 9.249090 9.381918 9.497589 9.576956 9.621868 9.594562 9.478093 9.300114 9.096294 8.944961 8.725323 8.492710 8.248788 7.977446 7.683965 7.362027 7.025105 6.734780 6.675979 6.730489 6.780259 6.797133 6.786811 6.736315 6.672753 6.590153 6.491647 6.379697 6.260405 6.126476 6.010219 5.831199 5.672036 5.505995 5.338782 5.171455 4.970547 4.785950 4.613967 4.712221 4.830705 4.945090 5.050306 5.153051 5.249633 5.346012 5.435385 5.527133 5.638404 5.738902 5.814024
8.411902 8.545893 8.679301 8.818975 8.959587 9.094930 9.208467 9.315069 9.398134 9.453338 9.467725 9.426720 9.319555 9.178289 9.001220 8.872480 8.676863 8.466820 8.240831 7.996837 7.737290 7.460495 7.191597 6.981038 6.881140 6.865860 6.871885 6.873318 6.851263 6.797670 6.740690 6.661780 6.567190 6.461943 6.341259 6.210948 6.069561 5.896669 5.765367 5.606830 5.435407 5.272121 5.071958 4.910703 4.802577 4.838319 4.935280 5.040374 5.141222 5.241493 5.338207 5.432460 5.524514 5.614667 5.704268 5.850915 5.929869
