data/rasters/precip/precipitation_20000102.ASC
NCOLS                  300
NROWS                  325
XLLCORNER       0.0000000E+00
YLLCORNER        300000.0
CELLSIZE         1000.000
NODATA_VALUE    0.0000000E+00
[rows 120 to 143 of 325, columns 220 to 274 of 300]
0.0000000E+00 0.0000000E+00 0.0000000E+00 0.0000000E+00 0.0000000E+00 0.0000000E+00 0.0000000E+00 0.0000000E+00 0.1093381 0.1215227 0.1345259 0.1435844 0.1510291 0.1618604 0.1648261 0.1674443 0.1692284 0.1643265 0.1660055 0.1593400 0.1529316 0.1407779 0.1356095 0.1239953 0.1202905 0.1171866 0.1145714 0.0000000E+00 0.0000000E+00 0.0000000E+00 0.0000000E+00 0.1104408 0.1091159 0.0000000E+00 0.0000000E+00 0.0000000E+00 0.0000000E+00 0.0000000E+00 0.0000000E+00 0.0000000E+00 0.0000000E+00 0.0000000E+00 0.0000000E+00 0.0000000E+00 0.0000000E+00 0.0000000E+00 0.0000000E+00 0.0000000E+00 0.0000000E+00 0.0000000E+00 0.0000000E+00 0.0000000E+00 0.0000000E+00 0.0000000E+00 0.0000000E+00
0.0000000E+00 0.0000000E+00 0.0000000E+00 0.0000000E+00 0.0000000E+00 0.0000000E+00 0.0000000E+00 0.0000000E+00 0.1131951 0.1237005 0.1344330 0.1352312 0.1447032 0.1526753 0.1536810 0.1559805 0.1611551 0.1638135 0.1598804 0.1552746 0.1505767 0.1398077 0.1356249 0.1247302 0.1215068 0.1187248 0.1163071 0.1141765 0.1156747 0.1094321 0.1125596 0.1163904 0.1148693 0.1134180 0.0000000E+00 0.1127895 0.1115977 0.1105069 0.1095242 0.1086546 0.0000000E+00 0.0000000E+00 0.0000000E+00 0.0000000E+00 0.0000000E+00 0.0000000E+00 0.0000000E+00 0.0000000E+00 0.0000000E+00 0.0000000E+00 0.0000000E+00 0.0000000E+00 0.0000000E+00 0.0000000E+00 0.0000000E+00
0.0000000E+00 0.0000000E+00 0.0000000E+00 0.0000000E+00 0.0000000E+00 0.0000000E+00 0.0000000E+00 0.1166143 0.1262511 0.1357236 0.1421551 0.1411583 0.1486094 0.1548016 0.1605001 0.1578941 0.1529958 0.1567872 0.1544694 0.1514981 0.1422634 0.1388219 0.1355900 0.1254673 0.1227564 0.1203348 0.1216078 0.1195924 0.1176942 0.1216212 0.1198319 0.1180717 0.1163289 0.1146293 0.0000000E+00 0.1134540 0.1120072 0.1106753 0.1094685 0.0000000E+00 0.0000000E+00 0.0000000E+00 0.0000000E+00 0.0000000E+00 0.0000000E+00 0.0000000E+00 0.0000000E+00 0.0000000E+00 0.0000000E+00 0.0000000E+00 0.0000000E+00 0.0000000E+00 0.0000000E+00 0.0000000E+00 0.0000000E+00
0.0000000E+00 0.0000000E+00 0.0000000E+00 0.0000000E+00 0.0000000E+00 0.0000000E+00 0.1141822 0.1224557 0.1304575 0.1380957 0.1397827 0.1461495 0.1457994 0.1502248 0.1534943 0.1555938 0.1602782 0.1605714 0.1601273 0.1591181 0.1404077 0.1380514 0.1357177 0.1334868 0.1276346 0.1256167 0.1236968 0.1218277 0.1256994 0.1238069 0.1218597 0.1263444 0.1242955 0.1158353 0.1138744 0.1139771 0.1122245 0.1106088 0.1091428 0.0000000E+00 0.0000000E+00 0.0000000E+00 0.0000000E+00 0.0000000E+00 0.0000000E+00 0.0000000E+00 0.0000000E+00 0.0000000E+00 0.0000000E+00 0.0000000E+00 0.0000000E+00 0.0000000E+00 0.0000000E+00 0.0000000E+00 0.0000000E+00
0.0000000E+00 0.0000000E+00 0.0000000E+00 0.0000000E+00 0.0000000E+00 0.1105436 0.1170037 0.1283862 0.1347252 0.1351649 0.1402996 0.1453271 0.1457099 0.1452887 0.1472885 0.1488217 0.1599121 0.1546385 0.1554620 0.1498762 0.1493509 0.1484886 0.1474052 0.1375635 0.1293981 0.1277957 0.1318019 0.1301267 0.1283070 0.1263166 0.1305838 0.1282542 0.1258259 0.1233673 0.1315171 0.1219350 0.1122244 0.1102764 0.1085131 0.0000000E+00 0.0000000E+00 0.0000000E+00 0.0000000E+00 0.0000000E+00 0.0000000E+00 0.0000000E+00 0.0000000E+00 0.0000000E+00 0.0000000E+00 0.0000000E+00 0.0000000E+00 0.0000000E+00 0.0000000E+00 0.0000000E+00 0.0000000E+00
0.0000000E+00 0.0000000E+00 0.1102225 0.1102868 0.1144570 0.1192165 0.1242079 0.1343956 0.1391404 0.1378302 0.1418515 0.1442997 0.1428053 0.1435090 0.1438901 0.1450083 0.1521331 0.1551149 0.1511745 0.1473909 0.1480808 0.1503780 0.1502623 0.1498490 0.1434059 0.1359684 0.1347161 0.1332181 0.1314173 0.1292830 0.1331397 0.1303886 0.1274586 0.1244639 0.1317997 0.1288807 0.1192482 0.1168290 0.1202993 0.1182614 0.1164531 0.1094471 0.0000000E+00 0.0000000E+00 0.0000000E+00 0.0000000E+00 0.0000000E+00 0.0000000E+00 0.0000000E+00 0.0000000E+00 0.0000000E+00 0.0000000E+00 0.0000000E+00 0.0000000E+00 0.0000000E+00
0.1206069 0.1218897 0.1228359 0.1213128 0.1242333 0.1277109 0.1314190 0.1350562 0.1389139 0.1415702 0.1433076 0.1438574 0.1403707 0.1386008 0.1365683 0.1424245 0.1432974 0.1484003 0.1479830 0.1515160 0.1493680 0.1506681 0.1513945 0.1577540 0.1520721 0.1517136 0.1382819 0.1369881 0.1351973 0.1328585 0.1361389 0.1328124 0.1343756 0.1408493 0.1370632 0.1334497 0.1239634 0.1209901 0.1183145 0.1159205 0.1137879 0.1119054 0.1102787 0.0000000E+00 0.0000000E+00 0.0000000E+00 0.0000000E+00 0.0000000E+00 0.0000000E+00 0.0000000E+00 0.0000000E+00 0.0000000E+00 0.0000000E+00 0.0000000E+00 0.0000000E+00
0.1354120 0.1392523 0.1343601 0.1356012 0.1335383 0.1359937 0.1386447 0.1414607 0.1438846 0.1452572 0.1455389 0.1443390 0.1388290 0.1340156 0.1297406 0.1291070 0.1346894 0.1419507 0.1449217 0.1517077 0.1556215 0.1569663 0.1587889 0.1600211 0.1551270 0.1552960 0.1549610 0.1539814 0.1398394 0.1421350 0.1447742 0.1406078 0.1360386 0.1411163 0.1364727 0.1321122 0.1223080 0.1188322 0.1157389 0.1129814 0.1105120 0.0000000E+00 0.1169708 0.0000000E+00 0.0000000E+00 0.0000000E+00 0.0000000E+00 0.0000000E+00 0.0000000E+00 0.0000000E+00 0.0000000E+00 0.0000000E+00 0.0000000E+00 0.0000000E+00 0.0000000E+00
0.1520154 0.1506892 0.1504168 0.1454050 0.1423904 0.1440919 0.1459326 0.1478809 0.1493573 0.1496843 0.1488034 0.1462438 0.1391382 0.1334502 0.1212405 0.1106811 0.1246157 0.1398151 0.1449634 0.1566617 0.1621344 0.1661344 0.1691087 0.1629306 0.1588419 0.1595929 0.1638599 0.1631984 0.1614257 0.1472734 0.1487604 0.1434844 0.1469176 0.1409759 0.1352886 0.1300721 0.1199617 0.1159799 0.1124884 0.1093900 0.0000000E+00 0.1139127 0.0000000E+00 0.0000000E+00 0.0000000E+00 0.0000000E+00 0.0000000E+00 0.0000000E+00 0.0000000E+00 0.0000000E+00 0.0000000E+00 0.0000000E+00 0.0000000E+00 0.0000000E+00 0.0000000E+00
0.1688945 0.1674214 0.1601197 0.1602923 0.1508264 0.1520530 0.1536333 0.1502481 0.1554034 0.1549399 0.1532540 0.1499331 0.1422254 0.1360470 0.1238478 0.1153621 0.1287659 0.1452782 0.1529148 0.1583300 0.1640529 0.1683887 0.1717653 0.1744498 0.1801292 0.1684621 0.1692470 0.1690290 0.1673369 0.1695071 0.1534603 0.1466141 0.1476234 0.1401737 0.1332475 0.1270915 0.1217659 0.1122962 0.1084802 0.0000000E+00 0.1111781 0.0000000E+00 0.0000000E+00 0.0000000E+00 0.0000000E+00 0.0000000E+00 0.0000000E+00 0.0000000E+00 0.0000000E+00 0.0000000E+00 0.0000000E+00 0.0000000E+00 0.0000000E+00 0.0000000E+00 0.0000000E+00
0.1779753 0.1763918 0.1756216 0.1755133 0.1758558 0.1712369 0.1654883 0.1611848 0.1611184 0.1648775 0.1624847 0.1586469 0.1537831 0.1464153 0.1415345 0.1372966 0.1428399 0.1488736 0.1575084 0.1618325 0.1671922 0.1715053 0.1750599 0.1813849 0.1839671 0.1814141 0.1828126 0.1757641 0.1743840 0.1752550 0.1682213 0.1573410 0.1476349 0.1383162 0.1299825 0.1228641 0.1169461 0.0000000E+00 0.1123141 0.1085477 0.0000000E+00 0.0000000E+00 0.0000000E+00 0.0000000E+00 0.0000000E+00 0.0000000E+00 0.0000000E+00 0.0000000E+00 0.0000000E+00 0.0000000E+00 0.0000000E+00 0.0000000E+00 0.0000000E+00 0.0000000E+00 0.0000000E+00
0.1845109 0.1830475 0.1823286 0.1821988 0.1818209 0.1781960 0.1790227 0.1738515 0.1683088 0.1714008 0.1687709 0.1685205 0.1611812 0.1559336 0.1555263 0.1539913 0.1565841 0.1578039 0.1637819 0.1694061 0.1712319 0.1782702 0.1819136 0.1851126 0.1879433 0.1861714 0.1882384 0.1893193 0.1933360 0.1883547 0.1788795 0.1670462 0.1463550 0.1348462 0.1250284 0.1170277 0.1107030 0.1096277 0.0000000E+00 0.0000000E+00 0.0000000E+00 0.0000000E+00 0.0000000E+00 0.0000000E+00 0.0000000E+00 0.0000000E+00 0.0000000E+00 0.0000000E+00 0.0000000E+00 0.0000000E+00 0.0000000E+00 0.0000000E+00 0.0000000E+00 0.0000000E+00 0.0000000E+00
0.1826337 0.1886233 0.1881814 0.1876509 0.1880399 0.1848004 0.1852754 0.1810559 0.1802151 0.1828885 0.1785231 0.1753681 0.1686998 0.1701688 0.1675682 0.1664564 0.1679075 0.1662698 0.1703963 0.1747257 0.1813670 0.1823446 0.1857529 0.1888493 0.1876857 0.1904514 0.1929986 0.1949951 0.1989776 0.1985909 0.1865112 0.1715286 0.1568679 0.1360633 0.1249405 0.1262390 0.1196762 0.1116149 0.0000000E+00 0.0000000E+00 0.0000000E+00 0.0000000E+00 0.0000000E+00 0.0000000E+00 0.0000000E+00 0.0000000E+00 0.0000000E+00 0.0000000E+00 0.0000000E+00 0.0000000E+00 0.0000000E+00 0.0000000E+00 0.0000000E+00 0.0000000E+00 0.0000000E+00
0.1865731 0.1934011 0.1933758 0.1931737 0.1937838 0.1942567 0.1879303 0.1881943 0.1871547 0.1923911 0.1900358 0.1870304 0.1753666 0.1778245 0.1768945 0.1761250 0.1770060 0.1736480 0.1766533 0.1824870 0.1860021 0.1865345 0.1895670 0.1923134 0.1911099 0.1935686 0.1959010 0.1980282 0.2054792 0.2009515 0.1835905 0.1646395 0.1548283 0.1404883 0.1219265 0.1128390 0.0000000E+00 0.0000000E+00 0.0000000E+00 0.0000000E+00 0.0000000E+00 0.0000000E+00 0.0000000E+00 0.0000000E+00 0.0000000E+00 0.0000000E+00 0.0000000E+00 0.0000000E+00 0.0000000E+00 0.0000000E+00 0.0000000E+00 0.0000000E+00 0.0000000E+00 0.0000000E+00 0.0000000E+00
0.1896891 0.1895394 0.1968313 0.1976577 0.1985449 0.1990734 0.1941623 0.1962450 0.1954718 0.1976392 0.1956450 0.1930379 0.1944014 0.1928412 0.1912761 0.1830048 0.1835756 0.1799226 0.1847288 0.1875527 0.1904884 0.1932841 0.1931541 0.1952779 0.1935863 0.1950141 0.1960049 0.2042127 0.2002598 0.1936861 0.1772753 0.1588490 0.1408537 0.1246270 0.1113673 0.0000000E+00 0.0000000E+00 0.0000000E+00 0.0000000E+00 0.0000000E+00 0.0000000E+00 0.0000000E+00 0.0000000E+00 0.0000000E+00 0.0000000E+00 0.0000000E+00 0.0000000E+00 0.0000000E+00 0.0000000E+00 0.0000000E+00 0.0000000E+00 0.0000000E+00 0.0000000E+00 0.0000000E+00 0.0000000E+00
0.1914685 0.1919172 0.1999175 0.2011296 0.2023161 0.2029712 0.2003759 0.1999246 0.1999557 0.2021841 0.2004861 0.1981828 0.2002250 0.1986553 0.1973961 0.1974581 0.1978777 0.1943354 0.1972365 0.1994315 0.2016609 0.2036670 0.2031231 0.2041262 0.2013735 0.2006871 0.2103788 0.2047111 0.1957817 0.1825718 0.1651584 0.1454354 0.1254546 0.0000000E+00 0.0000000E+00 0.0000000E+00 0.0000000E+00 0.0000000E+00 0.0000000E+00 0.0000000E+00 0.0000000E+00 0.0000000E+00 0.0000000E+00 0.0000000E+00 0.0000000E+00 0.0000000E+00 0.0000000E+00 0.0000000E+00 0.0000000E+00 0.0000000E+00 0.0000000E+00 0.0000000E+00 0.0000000E+00 0.0000000E+00 0.0000000E+00
0.1925821 0.1932318 0.1950367 0.2036874 0.2097767 0.2098078 0.2035703 0.2038745 0.2032953 0.2061273 0.2045303 0.2091805 0.2053992 0.2038498 0.2027692 0.2023226 0.2054702 0.1990153 0.2004907 0.2022005 0.2047120 0.2059550 0.2066534 0.2048030 0.2010393 0.2030606 0.2054826 0.1978491 0.1868598 0.1720006 0.1534896 0.1324308 0.1103310 0.0000000E+00 0.0000000E+00 0.0000000E+00 0.0000000E+00 0.0000000E+00 0.0000000E+00 0.0000000E+00 0.0000000E+00 0.0000000E+00 0.0000000E+00 0.0000000E+00 0.0000000E+00 0.0000000E+00 0.0000000E+00 0.0000000E+00 0.0000000E+00 0.0000000E+00 0.0000000E+00 0.0000000E+00 0.0000000E+00 0.0000000E+00 0.0000000E+00
0.1933004 0.1942511 0.1962860 0.2112332 0.2123367 0.2130004 0.2053562 0.2059024 0.2053278 0.2093681 0.2078352 0.2133414 0.2095577 0.2081848 0.2071984 0.2091956 0.2091872 0.2024716 0.2039148 0.2051232 0.2060871 0.2065231 0.2068970 0.2044455 0.2038173 0.2065003 0.2002136 0.1911162 0.1787838 0.1629359 0.1436896 0.1216290 0.0000000E+00 0.0000000E+00 0.0000000E+00 0.0000000E+00 0.0000000E+00 0.0000000E+00 0.0000000E+00 0.0000000E+00 0.0000000E+00 0.0000000E+00 0.0000000E+00 0.0000000E+00 0.0000000E+00 0.0000000E+00 0.0000000E+00 0.0000000E+00 0.0000000E+00 0.0000000E+00 0.0000000E+00 0.0000000E+00 0.0000000E+00 0.0000000E+00 0.0000000E+00
0.1998173 0.2008446 0.2027533 0.2129760 0.2143657 0.2154581 0.2102688 0.2068025 0.2064669 0.2119462 0.2182135 0.2240294 0.2230049 0.2219471 0.2210172 0.2223794 0.2127143 0.2054467 0.2062088 0.2071650 0.2072712 0.2063941 0.2069816 0.2052014 0.2067408 0.2022972 0.1951321 0.1851477 0.1721567 0.1560016 0.1367007 0.1145053 0.0000000E+00 0.0000000E+00 0.0000000E+00 0.0000000E+00 0.0000000E+00 0.0000000E+00 0.0000000E+00 0.0000000E+00 0.0000000E+00 0.0000000E+00 0.0000000E+00 0.0000000E+00 0.0000000E+00 0.0000000E+00 0.0000000E+00 0.0000000E+00 0.0000000E+00 0.0000000E+00 0.0000000E+00 0.0000000E+00 0.0000000E+00 0.0000000E+00 0.0000000E+00
0.1998877 0.2017315 0.2037106 0.2057724 0.2160750 0.2262060 0.2198265 0.2160556 0.2160877 0.2316605 0.2312204 0.2280494 0.2270047 0.2258933 0.2270539 0.2260607 0.2251198 0.2163255 0.2157615 0.2135639 0.2150178 0.2088672 0.2014382 0.2040965 0.2023767 0.1973504 0.1895556 0.1791689 0.1661658 0.1504674 0.1320621 0.1110812 0.0000000E+00 0.0000000E+00 0.0000000E+00 0.0000000E+00 0.0000000E+00 0.0000000E+00 0.0000000E+00 0.0000000E+00 0.0000000E+00 0.0000000E+00 0.0000000E+00 0.0000000E+00 0.0000000E+00 0.0000000E+00 0.0000000E+00 0.0000000E+00 0.0000000E+00 0.0000000E+00 0.0000000E+00 0.0000000E+00 0.0000000E+00 0.0000000E+00 0.0000000E+00
0.2008456 0.2027489 0.2149710 0.2168109 0.2276467 0.2289221 0.2220917 0.2180477 0.2263439 0.2358746 0.2354227 0.2320352 0.2309323 0.2320398 0.2307376 0.2294199 0.2257585 0.2169291 0.2214645 0.2191262 0.2154177 0.2101073 0.2048928 0.2058647 0.2029714 0.1939618 0.1857506 0.1753242 0.1627439 0.1480077 0.1311446 0.1123179 0.0000000E+00 0.0000000E+00 0.0000000E+00 0.0000000E+00 0.0000000E+00 0.0000000E+00 0.0000000E+00 0.0000000E+00 0.0000000E+00 0.0000000E+00 0.0000000E+00 0.0000000E+00 0.0000000E+00 0.0000000E+00 0.0000000E+00 0.0000000E+00 0.0000000E+00 0.0000000E+00 0.0000000E+00 0.0000000E+00 0.0000000E+00 0.1095340 0.0000000E+00
0.2102465 0.2145593 0.2165277 0.2185336 0.2300421 0.2316843 0.2246098 0.2291243 0.2297377 0.2402276 0.2371339 0.2362746 0.2350554 0.2360444 0.2318175 0.2383068 0.2362028 0.2337930 0.2229732 0.2202569 0.2166160 0.2120597 0.2114242 0.2071823 0.2024234 0.1951180 0.1886569 0.1723046 0.1604810 0.1471242 0.1323172 0.1135298 0.0000000E+00 0.0000000E+00 0.0000000E+00 0.0000000E+00 0.0000000E+00 0.0000000E+00 0.0000000E+00 0.0000000E+00 0.0000000E+00 0.0000000E+00 0.0000000E+00 0.0000000E+00 0.0000000E+00 0.0000000E+00 0.0000000E+00 0.0000000E+00 0.0000000E+00 0.0000000E+00 0.0000000E+00 0.1107300 0.1087152 0.0000000E+00 0.0000000E+00
0.2126205 0.2238230 0.2183576 0.2205862 0.2326938 0.2347681 0.2369609 0.2328321 0.2338122 0.2451026 0.2419838 0.2509375 0.2483359 0.2464780 0.2442828 0.2418290 0.2391378 0.2361541 0.2242824 0.2211315 0.2245741 0.2192170 0.2127067 0.2076461 0.2012345 0.1927634 0.1838626 0.1757882 0.1645441 0.1434183 0.1312168 0.1184892 0.0000000E+00 0.0000000E+00 0.0000000E+00 0.0000000E+00 0.0000000E+00 0.0000000E+00 0.0000000E+00 0.0000000E+00 0.0000000E+00 0.0000000E+00 0.0000000E+00 0.0000000E+00 0.0000000E+00 0.0000000E+00 0.0000000E+00 0.0000000E+00 0.0000000E+00 0.0000000E+00 0.1123207 0.1165741 0.1130639 0.0000000E+00 0.0000000E+00
0.2434768 0.2192301 0.2216121 0.2307318 0.2444468 0.2590860 0.2441758 0.2462496 0.2477233 0.2609260 0.2543525 0.2533521 0.2539185 0.2515518 0.2487267 0.2455745 0.2421670 0.2385007 0.2254665 0.2307356 0.2257259 0.2201512 0.2129451 0.2070624 0.1995499 0.1901343 0.1807989 0.1676995 0.1594502 0.1491960 0.1332939 0.1234400 0.1137936 0.0000000E+00 0.0000000E+00 0.0000000E+00 0.0000000E+00 0.0000000E+00 0.0000000E+00 0.0000000E+00 0.0000000E+00 0.0000000E+00 0.0000000E+00 0.0000000E+00 0.0000000E+00 0.0000000E+00 0.0000000E+00 0.1098365 0.1123686 0.1152958 0.1185336 0.1219476 0.0000000E+00 0.0000000E+00 0.0000000E+00
