data/rasters/precip/precipitation_20000101.ASC
NCOLS                  300
NROWS                  325
XLLCORNER       0.0000000E+00
YLLCORNER        300000.0
CELLSIZE         1000.000
NODATA_VALUE    0.0000000E+00
[rows 240 to 263 of 325, columns 0 to 54 of 300]
0.0000000E+00 0.0000000E+00 0.0000000E+00 0.0000000E+00 0.0000000E+00 0.0000000E+00 0.0000000E+00 0.0000000E+00 0.0000000E+00 0.0000000E+00 0.0000000E+00 0.0000000E+00 0.0000000E+00 0.0000000E+00 0.0000000E+00 0.0000000E+00 0.0000000E+00 0.5341332 0.5326135 0.5240332 0.5429285 0.5220618 0.4988664 0.4165350 0.4047478 0.4166965 0.4134049 0.4079920 0.4196065 0.4356253 0.4534898 0.4536110 0.4673785 0.4781180 0.4863015 0.4971758 0.5170645 0.5164078 0.5101258 0.4979566 0.4702196 0.4384536 0.4061640 0.3671763 0.3249866 0.2871601 0.2706951 0.2874509 0.3299682 0.3817186 0.4356796 0.4992101 0.5633609 0.6248278 0.6528223
0.0000000E+00 0.0000000E+00 0.0000000E+00 0.0000000E+00 0.0000000E+00 0.0000000E+00 0.0000000E+00 0.0000000E+00 0.0000000E+00 0.0000000E+00 0.0000000E+00 0.0000000E+00 0.0000000E+00 0.0000000E+00 0.5894284 0.5577312 0.5334757 0.5335013 0.5291833 0.5169111 0.4979197 0.5049861 0.4284480 0.4076621 0.3847658 0.3725415 0.3814487 0.3847483 0.3981981 0.4085425 0.4291798 0.4309454 0.4456808 0.4583787 0.4698292 0.4979689 0.5321367 0.5052629 0.4977101 0.4723248 0.4510202 0.4155629 0.3806750 0.3390290 0.2922635 0.2430790 0.2199173 0.2511155 0.2900327 0.3422567 0.3960094 0.4528404 0.5140004 0.5517123 0.5717236
0.0000000E+00 0.0000000E+00 0.0000000E+00 0.0000000E+00 0.0000000E+00 0.0000000E+00 0.0000000E+00 0.0000000E+00 0.0000000E+00 0.0000000E+00 0.0000000E+00 0.0000000E+00 0.0000000E+00 0.5568582 0.5549994 0.5529458 0.5317076 0.5313672 0.5245497 0.5096605 0.4907931 0.4945922 0.4254585 0.4017945 0.3738534 0.3540869 0.3534245 0.3558023 0.3736984 0.3991098 0.4253990 0.4292184 0.4463429 0.4460883 0.4571854 0.4688305 0.4966626 0.5226535 0.4963587 0.4784923 0.4380128 0.4011207 0.3666856 0.3267324 0.2832089 0.2409394 0.2238064 0.2513142 0.2861785 0.3233851 0.3704757 0.4193845 0.4596432 0.4872128 0.4906229
0.0000000E+00 0.0000000E+00 0.0000000E+00 0.0000000E+00 0.0000000E+00 0.0000000E+00 0.0000000E+00 0.0000000E+00 0.0000000E+00 0.0000000E+00 0.0000000E+00 0.5504676 0.5483118 0.5531048 0.5498608 0.5465337 0.5284374 0.5275159 0.5194169 0.5056240 0.4897999 0.4312950 0.4312123 0.4066668 0.3785710 0.3463593 0.3302207 0.3317490 0.3595387 0.3925121 0.4224532 0.4278830 0.4450777 0.4601614 0.4736546 0.4863382 0.5169157 0.4966959 0.5113072 0.4897527 0.4612395 0.4171310 0.3815161 0.3342105 0.2985171 0.2700886 0.2591896 0.2734458 0.2970612 0.3231300 0.3534319 0.3992920 0.4252769 0.4400150 0.4328979
0.0000000E+00 0.0000000E+00 0.0000000E+00 0.0000000E+00 0.0000000E+00 0.0000000E+00 0.0000000E+00 0.0000000E+00 0.0000000E+00 0.0000000E+00 0.0000000E+00 0.5492267 0.5462101 0.5176885 0.5243525 0.5385526 0.5233632 0.5222257 0.5150922 0.5060087 0.4947136 0.4466728 0.4304070 0.4237634 0.3955208 0.3591695 0.3209147 0.3217215 0.3668638 0.4045905 0.4347890 0.4415080 0.4596973 0.4753983 0.4889613 0.5002904 0.5109003 0.5085217 0.5223188 0.4998474 0.4707398 0.4254769 0.3921933 0.3603346 0.3317914 0.3116725 0.3092992 0.3148588 0.3328132 0.3612474 0.3733763 0.3991490 0.4181412 0.4272870 0.4095186
0.0000000E+00 0.0000000E+00 0.0000000E+00 0.0000000E+00 0.0000000E+00 0.0000000E+00 0.0000000E+00 0.0000000E+00 0.0000000E+00 0.0000000E+00 0.5506868 0.5481210 0.5442926 0.5172197 0.5216814 0.5296285 0.5163354 0.5156913 0.5132321 0.5103030 0.4758973 0.4673712 0.4565325 0.4536528 0.4320038 0.4048848 0.3768605 0.3788822 0.4100815 0.4401108 0.4534618 0.4726988 0.4894648 0.5037516 0.5153869 0.5241802 0.5319535 0.5300262 0.5167533 0.5202875 0.4911258 0.4452885 0.4134655 0.3848228 0.3629880 0.3490676 0.3504083 0.3522483 0.3695720 0.3870063 0.3912472 0.4126652 0.4145785 0.4025072 0.3767070
0.0000000E+00 0.0000000E+00 0.0000000E+00 0.0000000E+00 0.0000000E+00 0.0000000E+00 0.0000000E+00 0.0000000E+00 0.0000000E+00 0.0000000E+00 0.5800804 0.5474324 0.5177543 0.5167550 0.5195739 0.5134417 0.5110019 0.5087835 0.5141600 0.5180233 0.4930945 0.4907824 0.4874167 0.4827159 0.4838620 0.4735245 0.4656337 0.4683318 0.4796007 0.4957131 0.5014604 0.5154406 0.5287468 0.5404877 0.5497748 0.5408429 0.5598698 0.5577430 0.5459858 0.5243683 0.4962191 0.4740421 0.4431540 0.4162082 0.3961335 0.3887292 0.3821332 0.3831016 0.3879139 0.3998505 0.4291757 0.4200650 0.4198942 0.4027258 0.3705530
0.0000000E+00 0.0000000E+00 0.0000000E+00 0.0000000E+00 0.0000000E+00 0.0000000E+00 0.0000000E+00 0.0000000E+00 0.0000000E+00 0.0000000E+00 0.5799929 0.5734473 0.5177465 0.5167028 0.5140823 0.5129276 0.5085958 0.5086040 0.5192603 0.5284322 0.5090293 0.5133311 0.5182056 0.5242164 0.5324728 0.5486209 0.5590692 0.5628791 0.5588974 0.5603673 0.5558760 0.5634483 0.5728102 0.5820019 0.5892192 0.5789976 0.5930700 0.5875189 0.5752752 0.5529560 0.5244423 0.4799582 0.4738447 0.4447242 0.4238999 0.4023274 0.3893006 0.3836818 0.3968846 0.4036302 0.4175502 0.4091678 0.4122249 0.4000686 0.3702433
0.0000000E+00 0.0000000E+00 0.0000000E+00 0.0000000E+00 0.0000000E+00 0.0000000E+00 0.0000000E+00 0.0000000E+00 0.0000000E+00 0.0000000E+00 0.5807567 0.5746633 0.5342230 0.5171111 0.5152034 0.5166657 0.5130854 0.5163598 0.5273940 0.5120528 0.5209474 0.5312639 0.5435366 0.5588648 0.5791664 0.6072062 0.6463777 0.6542745 0.6316195 0.6203853 0.6068935 0.6095396 0.6160846 0.6238376 0.6182773 0.6188341 0.6246758 0.6134564 0.5959121 0.5719723 0.5427483 0.5126389 0.4640906 0.4552408 0.4192695 0.3908544 0.3724472 0.3679530 0.3683113 0.3719264 0.3852209 0.3811831 0.3899143 0.3855284 0.3661983
0.0000000E+00 0.0000000E+00 0.0000000E+00 0.0000000E+00 0.0000000E+00 0.0000000E+00 0.0000000E+00 0.0000000E+00 0.0000000E+00 0.0000000E+00 0.5822085 0.5769520 0.5353577 0.5326354 0.5291531 0.5152348 0.5194834 0.5094959 0.5342177 0.5144441 0.5287924 0.5452424 0.5637996 0.5851668 0.6107780 0.6423690 0.6785505 0.6925993 0.6761844 0.6632690 0.6455057 0.6466789 0.6526709 0.6609179 0.6555118 0.6526677 0.6405271 0.6341059 0.6082457 0.5780216 0.5475596 0.5107208 0.4530019 0.4122179 0.3700005 0.3620375 0.3385093 0.3238336 0.3198801 0.3286106 0.3419103 0.3486423 0.3554250 0.3621391 0.3577757
0.0000000E+00 0.0000000E+00 0.0000000E+00 0.0000000E+00 0.0000000E+00 0.0000000E+00 0.0000000E+00 0.0000000E+00 0.0000000E+00 0.0000000E+00 0.5840629 0.5377173 0.5365709 0.5348192 0.5326635 0.5306105 0.5360744 0.5097185 0.5195759 0.5163475 0.5361011 0.5574958 0.5801380 0.6039973 0.6290894 0.6542507 0.6735782 0.6756853 0.6650170 0.6843995 0.6835590 0.6696681 0.6772367 0.6755948 0.6799246 0.6773446 0.6659626 0.6483840 0.6110399 0.5714719 0.5324650 0.4843976 0.4255127 0.3779619 0.3300937 0.2911294 0.2793568 0.2622339 0.2569923 0.2641074 0.2853351 0.2945501 0.3134516 0.3347336 0.3464425
0.0000000E+00 0.0000000E+00 0.0000000E+00 0.0000000E+00 0.0000000E+00 0.0000000E+00 0.0000000E+00 0.0000000E+00 0.0000000E+00 0.5882416 0.5859988 0.5381607 0.5375531 0.5365809 0.5353885 0.5342844 0.5342190 0.5453005 0.5336546 0.4940410 0.5418534 0.5669296 0.5918934 0.6158617 0.6377285 0.6553721 0.6642660 0.6625648 0.6564031 0.6508957 0.6898479 0.6759456 0.6849065 0.6813061 0.6855024 0.6898471 0.6877519 0.6526024 0.5998088 0.5509379 0.4983671 0.4484068 0.3799894 0.3237472 0.2733509 0.2313922 0.2007257 0.1810175 0.1854651 0.1933326 0.2167548 0.2548752 0.2703108 0.3059532 0.3335911
0.0000000E+00 0.0000000E+00 0.0000000E+00 0.0000000E+00 0.0000000E+00 0.0000000E+00 0.0000000E+00 0.0000000E+00 0.0000000E+00 0.5891569 0.5877263 0.5383958 0.5381630 0.5377266 0.5371623 0.5370387 0.5398870 0.5547262 0.5398012 0.5000698 0.5257282 0.5805469 0.5995439 0.6225801 0.6407848 0.6523411 0.6537670 0.6478016 0.6411942 0.6364536 0.6665560 0.6456531 0.6612616 0.6650993 0.6686724 0.6753897 0.6821671 0.6288281 0.5696500 0.5142124 0.4552962 0.3916600 0.3303583 0.2669767 0.2161459 0.1730334 0.0000000E+00 0.0000000E+00 0.0000000E+00 0.0000000E+00 0.1456183 0.1983003 0.2442114 0.2785216 0.3208622
0.0000000E+00 0.0000000E+00 0.0000000E+00 0.0000000E+00 0.0000000E+00 0.0000000E+00 0.0000000E+00 0.0000000E+00 0.0000000E+00 0.5896751 0.5890137 0.5384450 0.5384172 0.5382919 0.5381269 0.5403901 0.5460630 0.5543004 0.5741135 0.5045370 0.5299786 0.5581086 0.6108145 0.6325029 0.6471887 0.6531058 0.6486740 0.6305866 0.6208414 0.6140832 0.6122565 0.6230807 0.6125345 0.6378379 0.6366513 0.6326448 0.6174029 0.5742142 0.5196397 0.4608226 0.3950976 0.3318378 0.2743022 0.2172704 0.1692736 0.0000000E+00 0.0000000E+00 0.0000000E+00 0.0000000E+00 0.0000000E+00 0.0000000E+00 0.1446869 0.1955376 0.2465449 0.2818719
0.0000000E+00 0.0000000E+00 0.0000000E+00 0.0000000E+00 0.0000000E+00 0.0000000E+00 0.0000000E+00 0.0000000E+00 0.0000000E+00 0.5897289 0.5896763 0.5383976 0.5384355 0.5384454 0.5393007 0.5440252 0.5522032 0.5629516 0.5851465 0.5132293 0.5385222 0.5660213 0.5915937 0.6112453 0.6437773 0.6439691 0.6341006 0.6179829 0.6041257 0.5940232 0.5893022 0.5610588 0.5836595 0.5852410 0.5800325 0.5731587 0.5577055 0.5153164 0.4618331 0.3990653 0.3314471 0.2740512 0.2265589 0.1795223 0.0000000E+00 0.0000000E+00 0.0000000E+00 0.0000000E+00 0.0000000E+00 0.0000000E+00 0.0000000E+00 0.0000000E+00 0.1794551 0.2243978 0.2835885
0.0000000E+00 0.0000000E+00 0.0000000E+00 0.0000000E+00 0.0000000E+00 0.0000000E+00 0.0000000E+00 0.0000000E+00 0.0000000E+00 0.5897289 0.5897289 0.5383592 0.5383760 0.5384043 0.5407862 0.5475050 0.5577977 0.5707987 0.5855282 0.5430483 0.5523630 0.5802161 0.6050345 0.6203215 0.6225123 0.6340739 0.6180793 0.5965515 0.5779747 0.5648808 0.5581923 0.5566421 0.5462372 0.5463428 0.5417218 0.5294780 0.5013256 0.4581768 0.4039477 0.3421097 0.2691757 0.2236387 0.1929283 0.1599911 0.0000000E+00 0.0000000E+00 0.0000000E+00 0.0000000E+00 0.0000000E+00 0.0000000E+00 0.0000000E+00 0.0000000E+00 0.1695055 0.2191703 0.2783755
0.0000000E+00 0.0000000E+00 0.0000000E+00 0.0000000E+00 0.0000000E+00 0.0000000E+00 0.0000000E+00 0.0000000E+00 0.0000000E+00 0.0000000E+00 0.5897289 0.5383590 0.5383590 0.5385138 0.5422425 0.5504390 0.5623599 0.5771921 0.5940542 0.5431994 0.5718722 0.6012331 0.6262554 0.6366684 0.6289361 0.6089414 0.5823254 0.5801711 0.5566708 0.5402607 0.5312828 0.5277050 0.4804590 0.5209226 0.5133384 0.4945546 0.4634215 0.4185188 0.3665410 0.3023429 0.2218570 0.1952270 0.1787007 0.1536208 0.0000000E+00 0.0000000E+00 0.0000000E+00 0.0000000E+00 0.0000000E+00 0.0000000E+00 0.0000000E+00 0.0000000E+00 0.1691180 0.2173665 0.2614413
0.0000000E+00 0.0000000E+00 0.0000000E+00 0.0000000E+00 0.0000000E+00 0.0000000E+00 0.0000000E+00 0.0000000E+00 0.0000000E+00 0.0000000E+00 0.5897289 0.5383590 0.5383590 0.5387653 0.5433331 0.5524535 0.5654156 0.5814639 0.5998175 0.5556588 0.5900260 0.6245381 0.6545526 0.6612997 0.6386389 0.6073164 0.5741134 0.5410032 0.5100961 0.5219776 0.5108745 0.4950228 0.4617265 0.4621620 0.4865468 0.4662631 0.4360860 0.3969684 0.3514376 0.2992697 0.2485208 0.2147062 0.1936008 0.1705846 0.1447154 0.0000000E+00 0.0000000E+00 0.0000000E+00 0.0000000E+00 0.0000000E+00 0.0000000E+00 0.0000000E+00 0.1925285 0.2156406 0.2567641
0.0000000E+00 0.0000000E+00 0.0000000E+00 0.0000000E+00 0.0000000E+00 0.0000000E+00 0.0000000E+00 0.0000000E+00 0.0000000E+00 0.0000000E+00 0.6395497 0.5594530 0.5383590 0.5388683 0.5437046 0.5531240 0.5664257 0.5828744 0.6017274 0.5599311 0.5963100 0.6281410 0.6752312 0.6833948 0.6428760 0.6041709 0.5675652 0.5334064 0.5101840 0.4858820 0.4715008 0.4435733 0.4763519 0.4414710 0.4336382 0.4474993 0.4203995 0.3872849 0.3511740 0.3162707 0.2795097 0.2531558 0.2286178 0.2057695 0.1829560 0.1540870 0.0000000E+00 0.0000000E+00 0.0000000E+00 0.0000000E+00 0.0000000E+00 0.1708942 0.2114639 0.2388223 0.2810987
0.0000000E+00 0.0000000E+00 0.0000000E+00 0.0000000E+00 0.0000000E+00 0.0000000E+00 0.0000000E+00 0.0000000E+00 0.0000000E+00 0.0000000E+00 0.6395497 0.5594530 0.5594530 0.5739788 0.5777413 0.5852647 0.5958946 0.6089256 0.5994005 0.5547348 0.5886895 0.6227025 0.6470614 0.6560181 0.6319852 0.5996321 0.5665494 0.5351717 0.5067861 0.4823523 0.4640509 0.4324684 0.4262394 0.3930945 0.3874379 0.3765119 0.3854690 0.3878639 0.3605247 0.3367751 0.3142737 0.3009828 0.2788925 0.2584725 0.2334146 0.2131953 0.1790156 0.1681679 0.1609340 0.1694594 0.1881049 0.2165620 0.2500949 0.2740715 0.3016342
0.0000000E+00 0.0000000E+00 0.0000000E+00 0.0000000E+00 0.0000000E+00 0.0000000E+00 0.0000000E+00 0.0000000E+00 0.0000000E+00 0.0000000E+00 0.0000000E+00 0.5594530 0.5594530 0.5595682 0.5767769 0.5834787 0.5932018 0.6052083 0.6187046 0.5495050 0.5769197 0.6018030 0.6186668 0.6099480 0.6046408 0.5804466 0.5527976 0.5251563 0.4995141 0.4772179 0.4593248 0.4250983 0.4184603 0.4141485 0.3777477 0.3681096 0.3551313 0.3398954 0.3549799 0.3398434 0.3294616 0.3166639 0.3176095 0.3016687 0.2809442 0.2644394 0.2428294 0.2239384 0.2228578 0.2275121 0.2423771 0.2657277 0.2919230 0.3059392 0.3271221
0.0000000E+00 0.0000000E+00 0.0000000E+00 0.0000000E+00 0.0000000E+00 0.0000000E+00 0.0000000E+00 0.0000000E+00 0.0000000E+00 0.0000000E+00 0.0000000E+00 0.0000000E+00 0.5594530 0.5594530 0.5614045 0.5671851 0.5892403 0.5997154 0.6114917 0.5318286 0.5538111 0.5723945 0.5838875 0.5850099 0.5597306 0.5403787 0.5338155 0.5108201 0.4889269 0.4697230 0.4544517 0.0000000E+00 0.4168515 0.4128430 0.3756561 0.3675008 0.3574093 0.3463537 0.3358346 0.3277380 0.3574378 0.3552261 0.3480315 0.3511460 0.3384860 0.3151675 0.3047499 0.2983474 0.2829524 0.2874935 0.2991109 0.3175049 0.3459710 0.3402658 0.3246493
0.0000000E+00 0.0000000E+00 0.0000000E+00 0.0000000E+00 0.0000000E+00 0.0000000E+00 0.0000000E+00 0.0000000E+00 0.0000000E+00 0.0000000E+00 0.0000000E+00 0.0000000E+00 0.0000000E+00 0.5594530 0.5601215 0.5641307 0.5711412 0.5803549 0.6029662 0.6129630 0.5290410 0.5428666 0.5510477 0.5518288 0.5261677 0.5119995 0.4937935 0.4943327 0.4765885 0.4610310 0.4489875 0.0000000E+00 0.0000000E+00 0.0000000E+00 0.0000000E+00 0.3741162 0.3667553 0.3591197 0.3522857 0.3472987 0.3449912 0.3840751 0.3848770 0.3563228 0.3770315 0.3689310 0.3615690 0.3564833 0.3368761 0.3391704 0.3476714 0.3712981 0.3835720 0.3670494 0.3408287
0.0000000E+00 0.0000000E+00 0.0000000E+00 0.0000000E+00 0.0000000E+00 0.0000000E+00 0.0000000E+00 0.0000000E+00 0.0000000E+00 0.0000000E+00 0.0000000E+00 0.0000000E+00 0.0000000E+00 0.0000000E+00 0.5594622 0.5614045 0.5662373 0.5731764 0.5813547 0.5898312 0.4800824 0.5152711 0.5211778 0.5217360 0.5168405 0.4848927 0.4712979 0.4563689 0.4419201 0.4524401 0.0000000E+00 0.0000000E+00 0.0000000E+00 0.0000000E+00 0.0000000E+00 0.0000000E+00 0.0000000E+00 0.3713768 0.3668454 0.3635142 0.3418284 0.3422915 0.3277439 0.3835708 0.3825295 0.4106949 0.4063076 0.4021026 0.3993213 0.3804769 0.3970869 0.4055145 0.4112715 0.3557034 0.3496390
