data/rasters/precip/precipitation_20000102.ASC
NCOLS                  300
NROWS                  325
XLLCORNER       0.0000000E+00
YLLCORNER        300000.0
CELLSIZE         1000.000
NODATA_VALUE    0.0000000E+00
[rows 72 to 95 of 325, columns 165 to 219 of 300]
0.1825567 0.2010782 0.2245904 0.2529064 0.2635244 0.2386238 0.2034938 0.1732359 0.1517633 0.1350244 0.1230612 0.1115643 0.0000000E+00 0.0000000E+00 0.0000000E+00 0.0000000E+00 0.0000000E+00 0.0000000E+00 0.0000000E+00 0.0000000E+00 0.0000000E+00 0.0000000E+00 0.0000000E+00 0.0000000E+00 0.0000000E+00 0.0000000E+00 0.1179682 0.1252780 0.1310829 0.1378451 0.1411366 0.1434767 0.1498058 0.1542488 0.1519720 0.1541496 0.1633978 0.1704887 0.1752724 0.1746057 0.1789095 0.1813154 0.1850443 0.1885699 0.1912791 0.1945241 0.1967943 0.1999012 0.2029004 0.2162640 0.2160870 0.2151390 0.2077321 0.2064520 0.2046059
0.1814511 0.1970443 0.2142896 0.2289700 0.2303955 0.2204933 0.1999654 0.1784655 0.1616793 0.1459073 0.1324655 0.1239584 0.1126684 0.0000000E+00 0.0000000E+00 0.0000000E+00 0.0000000E+00 0.0000000E+00 0.0000000E+00 0.0000000E+00 0.0000000E+00 0.0000000E+00 0.0000000E+00 0.0000000E+00 0.0000000E+00 0.0000000E+00 0.1121122 0.1184963 0.1267416 0.1309136 0.1368060 0.1487050 0.1534470 0.1546589 0.1525682 0.1611080 0.1646687 0.1720211 0.1769554 0.1773925 0.1807628 0.1848924 0.1869983 0.1905321 0.1951559 0.1964161 0.1995131 0.2016419 0.2013421 0.2196886 0.2105139 0.2113043 0.2104274 0.2111182 0.2127338
0.1771743 0.1891657 0.1952300 0.2038792 0.2083908 0.2031414 0.1923736 0.1788578 0.1637645 0.1500258 0.1389983 0.1313528 0.1203368 0.1130258 0.0000000E+00 0.0000000E+00 0.0000000E+00 0.0000000E+00 0.0000000E+00 0.0000000E+00 0.0000000E+00 0.0000000E+00 0.0000000E+00 0.0000000E+00 0.0000000E+00 0.0000000E+00 0.1147516 0.1203852 0.1250052 0.1286538 0.1414631 0.1431176 0.1475324 0.1529740 0.1509210 0.1595165 0.1637514 0.1717984 0.1774233 0.1829431 0.1832699 0.1877037 0.1887993 0.1924020 0.1957645 0.2002287 0.1999674 0.2007608 0.1921740 0.2098850 0.2123285 0.2134492 0.2153014 0.2170699 0.2176877
0.1690287 0.1780391 0.1861443 0.1914625 0.1921023 0.1953126 0.1877024 0.1783281 0.1639810 0.1608745 0.1498601 0.1392670 0.1289511 0.1225093 0.1107958 0.0000000E+00 0.0000000E+00 0.0000000E+00 0.0000000E+00 0.0000000E+00 0.0000000E+00 0.0000000E+00 0.0000000E+00 0.0000000E+00 0.0000000E+00 0.1123667 0.1180167 0.1227674 0.1266292 0.1341383 0.1359128 0.1455994 0.1450807 0.1448664 0.1428071 0.1505554 0.1607005 0.1700391 0.1769237 0.1833459 0.1843765 0.1891726 0.1915467 0.1942526 0.1945885 0.1976998 0.2017972 0.1934059 0.1938363 0.2115818 0.2141380 0.2154886 0.2178779 0.2203288 0.2297157
0.1693120 0.1761640 0.1782653 0.1820397 0.1827760 0.1858937 0.1819421 0.1756682 0.1731514 0.1641129 0.1549217 0.1456943 0.1408046 0.1313193 0.1219387 0.1155389 0.0000000E+00 0.0000000E+00 0.0000000E+00 0.0000000E+00 0.0000000E+00 0.0000000E+00 0.0000000E+00 0.0000000E+00 0.1092908 0.1171843 0.1217085 0.1255218 0.1333456 0.1352552 0.1359984 0.1410869 0.1389101 0.1388436 0.1396657 0.1438886 0.1513111 0.1672131 0.1759116 0.1835089 0.1854104 0.1906280 0.1903772 0.1941375 0.1975198 0.1899138 0.1925135 0.1952564 0.1980313 0.2142029 0.2158824 0.2184661 0.2199866 0.2227404 0.2333135
0.1711987 0.1768787 0.1817579 0.1785398 0.1797566 0.1779472 0.1775817 0.1789406 0.1730354 0.1663195 0.1603528 0.1525965 0.1491219 0.1406427 0.1321907 0.1289078 0.1207240 0.1144883 0.0000000E+00 0.0000000E+00 0.0000000E+00 0.0000000E+00 0.0000000E+00 0.1088542 0.1124216 0.1221677 0.1256333 0.1335736 0.1356724 0.1367116 0.1364114 0.1380733 0.1349079 0.1287304 0.1276331 0.1342462 0.1460619 0.1598148 0.1677318 0.1817786 0.1887253 0.1894349 0.1939963 0.1962029 0.1898379 0.1920171 0.1942572 0.1972504 0.1997938 0.2177898 0.2185019 0.2202296 0.2218175 0.2331937 0.2361703
0.1652936 0.1704206 0.1749541 0.1746018 0.1698354 0.1732695 0.1777585 0.1787007 0.1751645 0.1706338 0.1652112 0.1652555 0.1581432 0.1505370 0.1452933 0.1397956 0.1327633 0.1268467 0.1219512 0.1147689 0.1135862 0.1123254 0.1135800 0.1155744 0.1179922 0.1241939 0.1315558 0.1336925 0.1352546 0.1357873 0.1394632 0.1361291 0.1312988 0.1227608 0.1085529 0.1236898 0.1415628 0.1577625 0.1684598 0.1768947 0.1902914 0.1913951 0.1960690 0.1888164 0.1918794 0.1945758 0.1970192 0.1998197 0.2127521 0.2195056 0.2220803 0.2228707 0.2243337 0.2355327 0.2386948
0.1594636 0.1646359 0.1657824 0.1695269 0.1723164 0.1758942 0.1766467 0.1787004 0.1784572 0.1760958 0.1779384 0.1730790 0.1670530 0.1639210 0.1564168 0.1512261 0.1442487 0.1382391 0.1330046 0.1296686 0.1228612 0.1221329 0.1224037 0.1217511 0.1282251 0.1338313 0.1355969 0.1370881 0.1381399 0.1382859 0.1418516 0.1384056 0.1323372 0.1244363 0.1153744 0.1264990 0.1422702 0.1602248 0.1710196 0.1794777 0.1859843 0.1936459 0.1890402 0.1926522 0.1947304 0.1973033 0.1995471 0.2016017 0.2145512 0.2224718 0.2250669 0.2278104 0.2375725 0.2389430 0.2411390
0.1535223 0.1562094 0.1612733 0.1656949 0.1747964 0.1798826 0.1725319 0.1743288 0.1789872 0.1840059 0.1825136 0.1792919 0.1772863 0.1706777 0.1617696 0.1586399 0.1512878 0.1448373 0.1388464 0.1389430 0.1362519 0.1294776 0.1289024 0.1341423 0.1332798 0.1343559 0.1395043 0.1405235 0.1412664 0.1413061 0.1453369 0.1427180 0.1432096 0.1345346 0.1340650 0.1396981 0.1497286 0.1655356 0.1749253 0.1826822 0.1888796 0.1813413 0.1855084 0.1953687 0.1976432 0.2000757 0.2021098 0.2039031 0.2162776 0.2240506 0.2266825 0.2295227 0.2427233 0.2427395 0.2584089
0.1449494 0.1516261 0.1575569 0.1638370 0.1686495 0.1751217 0.1793884 0.1776671 0.1812393 0.1924201 0.1933713 0.1949198 0.1906203 0.1824401 0.1778143 0.1690402 0.1607133 0.1543186 0.1474915 0.1427678 0.1393348 0.1423780 0.1411427 0.1393512 0.1395060 0.1400504 0.1431955 0.1439043 0.1445072 0.1446373 0.1494528 0.1479746 0.1514292 0.1451673 0.1456980 0.1514900 0.1581174 0.1626271 0.1726451 0.1790374 0.1785388 0.1834974 0.1833328 0.1869504 0.1944003 0.1958325 0.1969750 0.1977831 0.2066350 0.2146633 0.2169161 0.2319937 0.2460735 0.2642742 0.2646690
0.1372218 0.1447831 0.1511715 0.1616586 0.1674246 0.1751436 0.1811136 0.1816683 0.1934046 0.2010603 0.2064741 0.2101571 0.2052048 0.1974286 0.1908818 0.1803058 0.1704445 0.1618942 0.1596325 0.1541412 0.1507898 0.1479402 0.1461454 0.1452034 0.1449120 0.1436793 0.1480228 0.1471381 0.1477213 0.1539031 0.1536862 0.1599348 0.1536142 0.1536510 0.1480032 0.1513059 0.1586123 0.1679094 0.1736687 0.1764099 0.1817565 0.1867433 0.1872782 0.1912784 0.1977280 0.1989847 0.1996913 0.2069923 0.2081666 0.2158926 0.2181337 0.2414549 0.2451744 0.2509880 0.2670514
0.1337830 0.1421109 0.1533183 0.1600136 0.1665274 0.1753154 0.1880614 0.1964260 0.2003451 0.2102686 0.2235015 0.2276344 0.2245384 0.2143016 0.2042099 0.1958802 0.1842253 0.1743883 0.1658173 0.1595813 0.1549032 0.1515770 0.1493875 0.1481182 0.1475599 0.1475193 0.1478241 0.1504750 0.1494880 0.1565160 0.1648483 0.1647755 0.1505909 0.1518091 0.1538136 0.1567870 0.1606583 0.1682095 0.1773296 0.1763623 0.1844232 0.1893379 0.1904588 0.1949597 0.1977367 0.2015128 0.2015819 0.2080992 0.2170912 0.2258589 0.2286507 0.2439012 0.2479412 0.2525084 0.2576210
0.1358446 0.1442784 0.1561834 0.1634377 0.1706636 0.1859352 0.1890777 0.1992521 0.2112395 0.2281910 0.2415036 0.2531117 0.2509717 0.2356196 0.2204902 0.2043397 0.1907263 0.1796332 0.1702258 0.1633957 0.1582963 0.1546777 0.1522943 0.1509038 0.1502763 0.1502057 0.1505171 0.1552366 0.1561671 0.1779456 0.1673660 0.1534978 0.1546424 0.1561612 0.1582268 0.1609450 0.1643134 0.1682455 0.1737399 0.1784474 0.1833946 0.1909371 0.1920951 0.1968938 0.2000559 0.2023450 0.2136432 0.2151519 0.2171425 0.2243602 0.2298300 0.2441445 0.2370968 0.2422207 0.2483343
0.1370468 0.1483063 0.1553694 0.1622903 0.1756035 0.1851305 0.1944518 0.2054725 0.2188413 0.2326344 0.2535252 0.2774457 0.2748150 0.2478755 0.2276816 0.2091161 0.1942161 0.1823525 0.1724628 0.1652994 0.1600104 0.1563337 0.1540011 0.1527341 0.1522652 0.1457568 0.1461564 0.1468311 0.1518091 0.1568800 0.1631380 0.1570375 0.1658129 0.1673216 0.1692321 0.1716198 0.1744957 0.1778121 0.1786335 0.1852550 0.1892776 0.1962166 0.1955517 0.1985152 0.2004572 0.2015370 0.2075953 0.2146476 0.2164940 0.2096314 0.2185359 0.2322953 0.2366650 0.2421236 0.2488213
0.1384971 0.1486684 0.1603914 0.1670090 0.1740687 0.1819498 0.1924999 0.2022078 0.2186902 0.2349039 0.2516040 0.2752108 0.2734573 0.2470480 0.2265028 0.2086998 0.1939118 0.1815384 0.1721713 0.1649855 0.1541230 0.1505581 0.1484353 0.1474278 0.1472199 0.1475536 0.1422367 0.1492801 0.1543742 0.1617877 0.1537065 0.1550271 0.1615824 0.1631870 0.1650493 0.1672300 0.1697663 0.1711384 0.1744061 0.1834111 0.1895401 0.1928340 0.1943914 0.1968980 0.1985370 0.2051191 0.2062473 0.2066901 0.2065589 0.2077921 0.2168466 0.2307315 0.2350829 0.2406104 0.2383580
0.1381545 0.1545632 0.1617906 0.1675920 0.1739538 0.1811316 0.1895580 0.1993587 0.2138260 0.2269555 0.2359481 0.2474444 0.2458585 0.2324077 0.2179486 0.2023882 0.1890669 0.1731198 0.1641159 0.1571404 0.1521724 0.1491270 0.1477086 0.1474678 0.1479736 0.1432574 0.1502306 0.1515312 0.1524347 0.1645911 0.1591079 0.1580204 0.1594504 0.1661990 0.1678581 0.1697121 0.1637917 0.1661922 0.1688949 0.1774963 0.1864144 0.1891169 0.1923924 0.1942740 0.1954836 0.2033093 0.1964213 0.1963873 0.2050690 0.2050419 0.2142073 0.2281279 0.2322103 0.2276182 0.2347973
0.1503746 0.1566454 0.1609828 0.1658151 0.1699398 0.1760517 0.1844649 0.1925003 0.2045180 0.2138914 0.2224334 0.2238081 0.2222875 0.2139925 0.2032399 0.1882112 0.1770136 0.1664104 0.1580548 0.1521513 0.1476155 0.1454640 0.1453097 0.1463778 0.1429655 0.1500243 0.1519238 0.1537732 0.1550853 0.1606320 0.1622264 0.1637051 0.1625826 0.1639459 0.1706582 0.1721397 0.1654720 0.1672225 0.1691539 0.1771369 0.1792029 0.1812117 0.1826094 0.1911840 0.1922973 0.1925773 0.1925867 0.1925735 0.1928223 0.2028369 0.2106830 0.2245061 0.2177223 0.2225933 0.2288240
0.1507504 0.1466658 0.1584818 0.1623308 0.1666716 0.1715646 0.1770609 0.1877258 0.1939821 0.2000192 0.2047993 0.2027895 0.2011648 0.1908534 0.1804858 0.1754824 0.1665060 0.1573074 0.1482306 0.1416224 0.1373457 0.1371352 0.1389236 0.1419369 0.1449609 0.1478329 0.1504815 0.1528909 0.1467697 0.1598349 0.1656509 0.1672146 0.1660412 0.1672108 0.1682883 0.1746940 0.1673259 0.1683652 0.1694685 0.1706324 0.1778596 0.1789062 0.1718448 0.1772876 0.1849456 0.1848542 0.1884673 0.1883776 0.1885512 0.1987361 0.2001695 0.2199842 0.2122267 0.2160880 0.2209020
0.1492388 0.1454844 0.1568604 0.1597937 0.1630799 0.1667138 0.1706614 0.1794365 0.1833642 0.1867535 0.1889393 0.1840799 0.1750872 0.1712519 0.1656434 0.1619054 0.1549070 0.1474664 0.1396882 0.1318828 0.1259659 0.1274927 0.1329971 0.1385363 0.1442291 0.1485326 0.1522920 0.1549954 0.1503751 0.1600286 0.1619294 0.1675006 0.1724625 0.1709178 0.1716317 0.1647357 0.1648834 0.1651306 0.1639686 0.1641631 0.1707413 0.1708601 0.1585015 0.1643753 0.1676914 0.1670432 0.1801907 0.1798537 0.1839889 0.1941877 0.1869844 0.1978860 0.1986057 0.2014692 0.2118085
0.1486200 0.1440930 0.1459424 0.1570828 0.1593533 0.1617732 0.1642628 0.1712887 0.1732389 0.1686772 0.1658429 0.1653144 0.1590928 0.1558420 0.1514792 0.1490803 0.1425548 0.1369089 0.1292777 0.1196487 0.1098190 0.1172186 0.1274536 0.1358228 0.1425894 0.1483149 0.1532769 0.1498217 0.1529705 0.1632315 0.1653938 0.1669417 0.1679745 0.1659400 0.1661297 0.1627060 0.1662043 0.1655659 0.1647902 0.1639446 0.1630737 0.1561158 0.1614669 0.1604776 0.1634125 0.1624190 0.1568300 0.1619911 0.1615351 0.1614769 0.1681371 0.1833625 0.1930638 0.2030571 0.2027425
0.1477871 0.1426160 0.1438590 0.1543306 0.1556538 0.1569482 0.1618222 0.1558382 0.1577225 0.1540370 0.1533334 0.1516575 0.1449901 0.1418102 0.1380299 0.1363781 0.1309913 0.1288441 0.1220155 0.1137929 0.0000000E+00 0.1130839 0.1246574 0.1335209 0.1417101 0.1489385 0.1501337 0.1537613 0.1579248 0.1576311 0.1670911 0.1685884 0.1693827 0.1737403 0.1709284 0.1641966 0.1628227 0.1678618 0.1660168 0.1640749 0.1567557 0.1532575 0.1586908 0.1528525 0.1548676 0.1534348 0.1521791 0.1511549 0.1565238 0.1561500 0.1561737 0.1782495 0.1836758 0.1920222 0.1921331
0.1468594 0.1411563 0.1418535 0.1425636 0.1521051 0.1452363 0.1491064 0.1488099 0.1455229 0.1441943 0.1421455 0.1393736 0.1359837 0.1287413 0.1291636 0.1244723 0.1227101 0.1184904 0.1141519 0.1102278 0.0000000E+00 0.1134509 0.1224515 0.1321237 0.1415258 0.1449456 0.1513905 0.1553413 0.1606568 0.1644739 0.1737455 0.1752423 0.1758392 0.1796134 0.1709914 0.1693532 0.1670082 0.1640945 0.1675892 0.1592499 0.1624744 0.1477619 0.1520424 0.1496389 0.1475140 0.1493579 0.1478087 0.1465333 0.1455415 0.1509455 0.1508270 0.1718869 0.1714497 0.1758328 0.1749081
0.1552033 0.1487899 0.1488249 0.1487297 0.1500613 0.1493724 0.1516815 0.1452094 0.1429527 0.1409442 0.1372156 0.1328812 0.1281520 0.1202985 0.1160376 0.1116776 0.1104845 0.0000000E+00 0.0000000E+00 0.0000000E+00 0.0000000E+00 0.1103662 0.1188780 0.1285587 0.1358609 0.1442511 0.1515351 0.1605011 0.1676409 0.1723838 0.1811657 0.1825097 0.1828479 0.1824298 0.1762576 0.1753025 0.1718737 0.1675871 0.1614641 0.1622049 0.1577878 0.1461935 0.1425970 0.1465957 0.1439978 0.1454753 0.1436387 0.1421097 0.1391721 0.1404244 0.1453559 0.1656720 0.1644855 0.1678863 0.1658439
0.1666267 0.1475437 0.1471019 0.1392262 0.1470188 0.1454811 0.1420009 0.1392831 0.1358120 0.1315605 0.1273953 0.1217713 0.1158737 0.0000000E+00 0.0000000E+00 0.0000000E+00 0.0000000E+00 0.0000000E+00 0.0000000E+00 0.0000000E+00 0.0000000E+00 0.0000000E+00 0.1097543 0.1195534 0.1301934 0.1427799 0.1550731 0.1660042 0.1756396 0.1812131 0.1888653 0.1897461 0.1897736 0.1892234 0.1835643 0.1784488 0.1772527 0.1721149 0.1628762 0.1591920 0.1464691 0.1445090 0.1401752 0.1365166 0.1405318 0.1416629 0.1379168 0.1361660 0.1437627 0.1356174 0.1328219 0.1596505 0.1578350 0.1556136 0.1573915
