data/rasters/precip/precipitation_20000104.ASC
NCOLS                  300
NROWS                  325
XLLCORNER       0.0000000E+00
YLLCORNER        300000.0
CELLSIZE         1000.000
NODATA_VALUE    0.0000000E+00
[rows 150 to 174 of 325, columns 57 to 113 of 300]
0.0000000E+00 0.0000000E+00 0.0000000E+00 0.0000000E+00 0.0000000E+00 0.0000000E+00 0.0000000E+00 0.0000000E+00 0.0000000E+00 0.0000000E+00 0.0000000E+00 0.0000000E+00 0.0000000E+00 0.0000000E+00 0.0000000E+00 0.0000000E+00 0.0000000E+00 0.0000000E+00 0.0000000E+00 0.0000000E+00 0.0000000E+00 0.0000000E+00 0.0000000E+00 0.0000000E+00 0.0000000E+00 0.0000000E+00 0.0000000E+00 0.0000000E+00 0.0000000E+00 3.906579 4.060324 4.258572 4.501730 4.803465 5.153143 5.561031 6.026835 6.559054 7.150363 7.770560 8.174985 7.829185 7.238300 6.670654 6.164800 5.732951 5.384756 5.134886 4.997513 4.987953 5.093754 5.297640 5.580362 5.927012 6.319943 6.680946 6.715652
0.0000000E+00 0.0000000E+00 0.0000000E+00 0.0000000E+00 0.0000000E+00 0.0000000E+00 0.0000000E+00 0.0000000E+00 0.0000000E+00 0.0000000E+00 0.0000000E+00 0.0000000E+00 0.0000000E+00 0.0000000E+00 0.0000000E+00 0.0000000E+00 0.0000000E+00 0.0000000E+00 0.0000000E+00 0.0000000E+00 0.0000000E+00 0.0000000E+00 0.0000000E+00 0.0000000E+00 0.0000000E+00 0.0000000E+00 0.0000000E+00 0.0000000E+00 3.827249 3.940523 4.093360 4.311907 4.561610 4.872038 5.229875 5.640340 6.099277 6.594594 7.104471 7.554024 7.772491 7.629398 7.246239 6.800550 6.370637 5.994192 5.691170 5.473716 5.355453 5.339035 5.422149 5.587296 5.820389 6.100505 6.391708 6.616355 6.681927
0.0000000E+00 0.0000000E+00 0.0000000E+00 0.0000000E+00 0.0000000E+00 0.0000000E+00 0.0000000E+00 0.0000000E+00 0.0000000E+00 0.0000000E+00 0.0000000E+00 0.0000000E+00 0.0000000E+00 0.0000000E+00 0.0000000E+00 0.0000000E+00 0.0000000E+00 0.0000000E+00 0.0000000E+00 0.0000000E+00 0.0000000E+00 0.0000000E+00 0.0000000E+00 0.0000000E+00 0.0000000E+00 0.0000000E+00 0.0000000E+00 0.0000000E+00 3.866376 3.965661 4.108042 4.302281 4.553033 4.864774 5.222254 5.623010 6.054543 6.498281 6.917399 7.251710 7.411165 7.353225 7.119757 6.799288 6.463943 6.155297 5.902363 5.721372 5.621923 5.604063 5.663511 5.794823 5.974373 6.189537 6.395442 6.540391 6.602356
0.0000000E+00 0.0000000E+00 0.0000000E+00 0.0000000E+00 0.0000000E+00 0.0000000E+00 0.0000000E+00 0.0000000E+00 0.0000000E+00 0.0000000E+00 0.0000000E+00 0.0000000E+00 0.0000000E+00 0.0000000E+00 0.0000000E+00 0.0000000E+00 0.0000000E+00 0.0000000E+00 0.0000000E+00 0.0000000E+00 0.0000000E+00 0.0000000E+00 0.0000000E+00 0.0000000E+00 0.0000000E+00 0.0000000E+00 0.0000000E+00 3.807236 3.862182 3.940718 4.065917 4.250336 4.503255 4.809998 5.162738 5.546658 5.944963 6.335623 6.686505 6.952729 7.093168 7.077698 6.938507 6.718055 6.465901 6.223441 6.022938 5.882348 5.804775 5.785792 5.828194 5.933466 6.065764 6.216506 6.360301 6.456605 6.507531
0.0000000E+00 0.0000000E+00 0.0000000E+00 0.0000000E+00 0.0000000E+00 0.0000000E+00 0.0000000E+00 0.0000000E+00 0.0000000E+00 0.0000000E+00 0.0000000E+00 0.0000000E+00 0.0000000E+00 0.0000000E+00 0.0000000E+00 0.0000000E+00 0.0000000E+00 0.0000000E+00 0.0000000E+00 0.0000000E+00 0.0000000E+00 0.0000000E+00 0.0000000E+00 0.0000000E+00 0.0000000E+00 0.0000000E+00 0.0000000E+00 3.812215 3.839154 3.893893 3.991453 4.160864 4.412281 4.723001 5.072557 5.439458 5.805367 6.150542 6.450526 6.677060 6.803771 6.819184 6.742005 6.595157 6.411728 6.221217 6.065742 5.967651 5.911643 5.899275 5.934626 5.996785 6.098311 6.203006 6.301752 6.363122 6.400993
0.0000000E+00 0.0000000E+00 0.0000000E+00 0.0000000E+00 0.0000000E+00 0.0000000E+00 0.0000000E+00 0.0000000E+00 0.0000000E+00 0.0000000E+00 0.0000000E+00 0.0000000E+00 0.0000000E+00 0.0000000E+00 0.0000000E+00 0.0000000E+00 0.0000000E+00 0.0000000E+00 0.0000000E+00 0.0000000E+00 0.0000000E+00 0.0000000E+00 0.0000000E+00 0.0000000E+00 0.0000000E+00 0.0000000E+00 3.851062 3.833599 3.821190 3.832352 3.890784 4.042693 4.300540 4.627000 4.977526 5.327375 5.662134 5.968153 6.229216 6.427821 6.549808 6.581799 6.548016 6.455591 6.328730 6.184445 6.067983 6.000942 5.967000 5.956943 5.976820 6.021813 6.092144 6.158212 6.223302 6.273456 6.273643
0.0000000E+00 0.0000000E+00 0.0000000E+00 0.0000000E+00 0.0000000E+00 0.0000000E+00 0.0000000E+00 0.0000000E+00 0.0000000E+00 0.0000000E+00 0.0000000E+00 0.0000000E+00 0.0000000E+00 0.0000000E+00 0.0000000E+00 0.0000000E+00 0.0000000E+00 0.0000000E+00 0.0000000E+00 0.0000000E+00 0.0000000E+00 0.0000000E+00 0.0000000E+00 0.0000000E+00 0.0000000E+00 3.979285 3.945630 3.878543 3.834414 3.788131 3.774895 3.896605 4.197998 4.557915 4.906981 5.233075 5.533408 5.802243 6.030212 6.206659 6.323146 6.366922 6.361913 6.311678 6.228218 6.134917 6.054752 6.003941 5.972869 5.965989 5.974801 6.002110 6.050815 6.093377 6.128521 6.157966 6.144539
0.0000000E+00 0.0000000E+00 0.0000000E+00 0.0000000E+00 0.0000000E+00 0.0000000E+00 0.0000000E+00 0.0000000E+00 0.0000000E+00 0.0000000E+00 0.0000000E+00 0.0000000E+00 0.0000000E+00 0.0000000E+00 0.0000000E+00 0.0000000E+00 0.0000000E+00 0.0000000E+00 0.0000000E+00 0.0000000E+00 0.0000000E+00 0.0000000E+00 0.0000000E+00 0.0000000E+00 4.101911 4.071968 4.033506 3.963606 3.904999 3.823756 3.708668 3.747080 4.189649 4.569555 4.887754 5.170975 5.428111 5.658093 5.855021 6.011563 6.121875 6.171915 6.187622 6.169215 6.118962 6.060933 6.011451 5.971468 5.945426 5.934352 5.940576 5.951728 5.972163 6.005696 6.016723 6.022139 5.999767
0.0000000E+00 0.0000000E+00 0.0000000E+00 0.0000000E+00 0.0000000E+00 0.0000000E+00 0.0000000E+00 0.0000000E+00 0.0000000E+00 0.0000000E+00 0.0000000E+00 0.0000000E+00 0.0000000E+00 0.0000000E+00 0.0000000E+00 0.0000000E+00 0.0000000E+00 0.0000000E+00 0.0000000E+00 0.0000000E+00 0.0000000E+00 0.0000000E+00 0.0000000E+00 0.0000000E+00 4.208990 4.187278 4.153180 4.095699 4.053790 4.007941 3.969112 4.102977 4.441953 4.696278 4.923706 5.139933 5.344798 5.534039 5.701085 5.838943 5.942213 6.008643 6.023863 6.023386 5.999414 5.974438 5.939368 5.911159 5.889747 5.877516 5.873818 5.872560 5.875932 5.894812 5.897064 5.877298 5.861157
0.0000000E+00 0.0000000E+00 0.0000000E+00 0.0000000E+00 0.0000000E+00 0.0000000E+00 0.0000000E+00 0.0000000E+00 0.0000000E+00 0.0000000E+00 0.0000000E+00 0.0000000E+00 0.0000000E+00 0.0000000E+00 0.0000000E+00 0.0000000E+00 0.0000000E+00 0.0000000E+00 0.0000000E+00 0.0000000E+00 0.0000000E+00 0.0000000E+00 0.0000000E+00 4.350575 4.337529 4.318248 4.298635 4.262962 4.256107 4.282911 4.402368 4.735598 4.797662 4.859194 4.979210 5.121740 5.273333 5.423663 5.563566 5.684586 5.780529 5.848422 5.870060 5.876801 5.878788 5.871693 5.850718 5.827732 5.803800 5.790753 5.782152 5.776818 5.776721 5.781308 5.770225 5.738753 5.712452
0.0000000E+00 0.0000000E+00 0.0000000E+00 0.0000000E+00 0.0000000E+00 0.0000000E+00 0.0000000E+00 0.0000000E+00 0.0000000E+00 0.0000000E+00 0.0000000E+00 0.0000000E+00 0.0000000E+00 0.0000000E+00 0.0000000E+00 0.0000000E+00 0.0000000E+00 0.0000000E+00 0.0000000E+00 0.0000000E+00 0.0000000E+00 0.0000000E+00 4.484512 4.483685 4.476938 4.466569 4.455369 4.451237 4.461231 4.521106 4.649251 4.822912 4.909641 4.947419 5.007828 5.094049 5.201041 5.319359 5.437563 5.544869 5.633966 5.701304 5.725713 5.748978 5.754460 5.753498 5.738473 5.724148 5.712173 5.699271 5.684775 5.673481 5.661386 5.650640 5.643810 5.598866 5.563087
0.0000000E+00 0.0000000E+00 0.0000000E+00 0.0000000E+00 0.0000000E+00 0.0000000E+00 0.0000000E+00 0.0000000E+00 0.0000000E+00 0.0000000E+00 0.0000000E+00 0.0000000E+00 0.0000000E+00 0.0000000E+00 0.0000000E+00 0.0000000E+00 0.0000000E+00 0.0000000E+00 0.0000000E+00 0.0000000E+00 0.0000000E+00 4.577319 4.630449 4.635871 4.624212 4.618389 4.615333 4.619563 4.637570 4.692219 4.779870 4.874107 4.935999 4.968020 4.999179 5.046378 5.119146 5.216056 5.320395 5.417719 5.500592 5.565735 5.612615 5.618283 5.622592 5.628759 5.622579 5.609386 5.605692 5.595251 5.581497 5.566366 5.548844 5.528358 5.500128 5.464478 5.420290
0.0000000E+00 0.0000000E+00 0.0000000E+00 0.0000000E+00 0.0000000E+00 0.0000000E+00 0.0000000E+00 0.0000000E+00 0.0000000E+00 0.0000000E+00 0.0000000E+00 0.0000000E+00 0.0000000E+00 0.0000000E+00 0.0000000E+00 0.0000000E+00 0.0000000E+00 0.0000000E+00 0.0000000E+00 0.0000000E+00 4.656780 4.694170 4.711639 4.770265 4.777237 4.777584 4.770987 4.774507 4.790393 4.820043 4.869891 4.918156 4.950455 4.964290 4.969196 4.979441 5.025897 5.116255 5.214074 5.303650 5.379977 5.441144 5.475284 5.485969 5.500734 5.510970 5.508764 5.501106 5.489708 5.488012 5.473015 5.453213 5.432323 5.406921 5.377634 5.336637 5.288845
0.0000000E+00 0.0000000E+00 0.0000000E+00 0.0000000E+00 0.0000000E+00 0.0000000E+00 0.0000000E+00 0.0000000E+00 0.0000000E+00 0.0000000E+00 0.0000000E+00 0.0000000E+00 0.0000000E+00 0.0000000E+00 0.0000000E+00 0.0000000E+00 0.0000000E+00 0.0000000E+00 0.0000000E+00 4.712758 4.764458 4.815829 4.857537 4.889510 4.923208 4.929536 4.923764 4.919602 4.915248 4.922390 4.942249 4.958738 4.965718 4.960196 4.943870 4.919420 4.937580 5.036798 5.125906 5.205612 5.273396 5.321840 5.349125 5.366680 5.383045 5.394733 5.394521 5.388704 5.378654 5.365313 5.356302 5.342565 5.320467 5.291384 5.249176 5.217717 5.167969
0.0000000E+00 0.0000000E+00 0.0000000E+00 0.0000000E+00 0.0000000E+00 0.0000000E+00 0.0000000E+00 0.0000000E+00 0.0000000E+00 0.0000000E+00 0.0000000E+00 0.0000000E+00 0.0000000E+00 0.0000000E+00 0.0000000E+00 0.0000000E+00 0.0000000E+00 0.0000000E+00 5.191042 5.200056 4.884906 4.946780 5.000706 5.043631 5.076107 5.073289 5.060071 5.043373 5.030602 5.022856 5.004260 4.997390 4.985045 4.965548 4.940840 4.919849 4.933105 4.990103 5.059657 5.123676 5.163147 5.218548 5.240165 5.264351 5.269187 5.275447 5.281760 5.276725 5.267510 5.254984 5.239611 5.229007 5.211846 5.186242 5.142770 5.110611 5.064424
0.0000000E+00 0.0000000E+00 0.0000000E+00 0.0000000E+00 0.0000000E+00 0.0000000E+00 0.0000000E+00 0.0000000E+00 0.0000000E+00 0.0000000E+00 0.0000000E+00 0.0000000E+00 0.0000000E+00 0.0000000E+00 0.0000000E+00 0.0000000E+00 0.0000000E+00 5.175979 5.226336 5.243124 5.261547 5.067181 5.134793 5.194279 5.222220 5.211013 5.181283 5.151139 5.122291 5.097975 5.070573 5.035377 5.008447 4.979623 4.951865 4.932292 4.936193 4.964476 5.005589 5.039469 5.089661 5.125360 5.140058 5.159648 5.172160 5.168266 5.172564 5.168038 5.159999 5.148291 5.134432 5.118469 5.105485 5.083732 5.042696 5.012320 4.970443
0.0000000E+00 0.0000000E+00 0.0000000E+00 0.0000000E+00 0.0000000E+00 0.0000000E+00 0.0000000E+00 0.0000000E+00 0.0000000E+00 0.0000000E+00 0.0000000E+00 0.0000000E+00 0.0000000E+00 0.0000000E+00 0.0000000E+00 0.0000000E+00 0.0000000E+00 5.204759 5.257873 5.281081 5.304812 5.326871 5.349241 5.325676 5.369237 5.324959 5.280560 5.239180 5.200417 5.160487 5.124540 5.081264 5.043501 4.994123 4.962248 4.940234 4.933575 4.943119 4.950030 4.971569 5.004900 5.038817 5.046149 5.060368 5.069254 5.063691 5.065960 5.060441 5.051797 5.041285 5.029962 5.017350 5.003246 4.991501 4.943856 4.919125 4.898476
0.0000000E+00 0.0000000E+00 0.0000000E+00 0.0000000E+00 0.0000000E+00 0.0000000E+00 0.0000000E+00 0.0000000E+00 0.0000000E+00 0.0000000E+00 0.0000000E+00 0.0000000E+00 0.0000000E+00 0.0000000E+00 0.0000000E+00 0.0000000E+00 5.193330 5.225723 5.259052 5.310081 5.339939 5.365774 5.390220 5.409501 5.403096 5.393969 5.352189 5.305455 5.259968 5.214346 5.165443 5.114007 5.063947 5.019706 4.966728 4.937829 4.920786 4.902134 4.905631 4.926810 4.938810 4.947809 4.947997 4.965312 4.970379 4.971408 4.960567 4.957178 4.947972 4.937802 4.928607 4.920700 4.903472 4.894458 4.865593 4.848148 4.835882
0.0000000E+00 0.0000000E+00 0.0000000E+00 0.0000000E+00 0.0000000E+00 0.0000000E+00 0.0000000E+00 0.0000000E+00 0.0000000E+00 0.0000000E+00 0.0000000E+00 0.0000000E+00 0.0000000E+00 0.0000000E+00 0.0000000E+00 5.053612 5.107567 5.243962 5.278782 5.330027 5.361815 5.391191 5.412752 5.424089 5.415964 5.384730 5.339622 5.353880 5.304742 5.253601 5.200584 5.136865 5.077777 5.026010 4.979725 4.925351 4.886250 4.867581 4.857897 4.868092 4.869381 4.874504 4.868367 4.866818 4.868072 4.866577 4.870289 4.859014 4.848723 4.837875 4.824323 4.823438 4.822465 4.819912 4.791992 4.783845 4.774299
0.0000000E+00 0.0000000E+00 0.0000000E+00 0.0000000E+00 0.0000000E+00 0.0000000E+00 0.0000000E+00 0.0000000E+00 0.0000000E+00 0.0000000E+00 0.0000000E+00 0.0000000E+00 0.0000000E+00 0.0000000E+00 5.023448 5.080683 5.136427 5.190702 5.292932 5.329896 5.376640 5.402506 5.421916 5.430160 5.426650 5.402698 5.364513 5.316137 5.260673 5.282290 5.223346 5.154855 5.090223 5.023917 4.968015 4.921072 4.853315 4.824246 4.816435 4.807205 4.801779 4.797985 4.787107 4.786282 4.784557 4.777412 4.772337 4.746979 4.743143 4.738506 4.736267 4.742939 4.748154 4.751637 4.727475 4.721300 4.720605
0.0000000E+00 0.0000000E+00 0.0000000E+00 0.0000000E+00 0.0000000E+00 0.0000000E+00 0.0000000E+00 0.0000000E+00 0.0000000E+00 0.0000000E+00 0.0000000E+00 0.0000000E+00 0.0000000E+00 4.980920 5.041910 5.100856 5.157777 5.212729 5.264701 5.337844 5.383789 5.409556 5.427237 5.436673 5.432622 5.417630 5.384541 5.339144 5.283509 5.219812 5.182584 5.106578 5.037434 4.966506 4.947986 4.880333 4.813033 4.775299 4.759883 4.741233 4.729088 4.719802 4.705616 4.654502 4.655803 4.676444 4.674923 4.669507 4.665447 4.659340 4.662090 4.667491 4.673026 4.678702 4.657182 4.657577 4.656648
0.0000000E+00 0.0000000E+00 0.0000000E+00 0.0000000E+00 0.0000000E+00 0.0000000E+00 0.0000000E+00 0.0000000E+00 0.0000000E+00 0.0000000E+00 0.0000000E+00 0.0000000E+00 4.872138 4.991400 5.054137 5.114112 5.171446 5.225292 5.277789 5.327661 5.377475 5.408898 5.429138 5.440776 5.440438 5.426694 5.398611 5.359507 5.303345 5.235818 5.159766 5.107747 5.027349 4.948393 4.867115 4.790577 4.734807 4.670340 4.649745 4.626337 4.610795 4.601526 4.581265 4.580362 4.581566 4.583877 4.586582 4.589275 4.589851 4.593981 4.599729 4.607303 4.616124 4.625934 4.605072 4.609055 4.614483
0.0000000E+00 0.0000000E+00 0.0000000E+00 0.0000000E+00 0.0000000E+00 0.0000000E+00 0.0000000E+00 0.0000000E+00 0.0000000E+00 0.0000000E+00 0.0000000E+00 4.797655 4.878788 4.955718 5.027983 5.120270 5.177196 5.230190 5.281624 5.327845 5.367262 5.399728 5.426160 5.441576 5.446274 5.438266 5.415289 5.375711 5.319170 5.249812 5.164381 5.072879 4.986965 4.924204 4.829858 4.756918 4.680717 4.628790 4.584087 4.557251 4.539488 4.529007 4.508733 4.508139 4.510157 4.513687 4.517959 4.522563 4.527484 4.531403 4.540310 4.550548 4.562713 4.569395 4.559172 4.567198 4.576052
0.0000000E+00 0.0000000E+00 0.0000000E+00 0.0000000E+00 0.0000000E+00 0.0000000E+00 0.0000000E+00 0.0000000E+00 0.0000000E+00 0.0000000E+00 0.0000000E+00 4.795670 4.880261 4.959209 5.031996 5.098884 5.159453 5.225928 5.272849 5.320371 5.358911 5.400922 5.417493 5.437526 5.448811 5.448192 5.431915 5.396188 5.338722 5.259696 5.167367 5.063511 4.964468 4.853057 4.756674 4.700489 4.631069 4.572597 4.530798 4.483792 4.465653 4.455718 4.437030 4.437976 4.441769 4.447206 4.453453 4.460064 4.467013 4.474695 4.485641 4.495735 4.507044 4.523628 4.517870 4.530196 4.542449
0.0000000E+00 0.0000000E+00 0.0000000E+00 0.0000000E+00 0.0000000E+00 0.0000000E+00 0.0000000E+00 0.0000000E+00 0.0000000E+00 0.0000000E+00 4.739012 4.825615 4.907106 4.957263 5.029706 5.093524 5.152425 5.203792 5.256077 5.301892 5.339650 5.381983 5.421648 5.442691 5.445794 5.454878 5.448216 5.418810 5.360098 5.273309 5.165378 5.048082 4.933629 4.809284 4.701505 4.605133 4.525915 4.507683 4.465669 4.405896 4.389458 4.381980 4.366578 4.370341 4.376893 4.384937 4.393570 4.402282 4.411006 4.420199 4.428238 4.444546 4.463381 4.481473 4.481954 4.499122 4.515181
