data/rasters/precip/precipitation_20000105.ASC
NCOLS                  300
NROWS                  325
XLLCORNER       0.0000000E+00
YLLCORNER        300000.0
CELLSIZE         1000.000
NODATA_VALUE    0.0000000E+00
[rows 115 to 137 of 325, columns 208 to 259 of 300]
0.1016817 9.5541492E-02 9.5541492E-02 8.4181711E-02 8.1655793E-02 8.6779758E-02 8.9310110E-02 8.9310110E-02 8.9310110E-02 8.3429366E-02 8.0564916E-02 8.0564916E-02 8.6259663E-02 8.6259663E-02 8.6259663E-02 8.6320467E-02 8.5194767E-02 8.2853317E-02 8.7712303E-02 8.6711735E-02 8.9812182E-02 8.7449066E-02 7.5954974E-02 0.0000000E+00 0.0000000E+00 0.0000000E+00 0.0000000E+00 0.0000000E+00 0.0000000E+00 0.0000000E+00 0.0000000E+00 0.0000000E+00 0.0000000E+00 7.2742663E-02 7.2742663E-02 7.2742663E-02 7.2742663E-02 0.0000000E+00 0.0000000E+00 0.0000000E+00 0.0000000E+00 0.0000000E+00 0.0000000E+00 0.0000000E+00 0.0000000E+00 0.0000000E+00 0.0000000E+00 0.0000000E+00 0.0000000E+00 0.0000000E+00 0.0000000E+00 0.0000000E+00
9.5541492E-02 9.5541492E-02 9.5541492E-02 9.5541492E-02 8.4181711E-02 8.6779758E-02 8.1655793E-02 8.6779758E-02 8.6779758E-02 8.0564916E-02 8.0885604E-02 8.4960356E-02 8.8657156E-02 9.3461990E-02 8.8778704E-02 8.0564916E-02 7.7436961E-02 8.1507415E-02 8.2012154E-02 8.1669345E-02 8.1007451E-02 8.7164462E-02 8.7164462E-02 7.3104277E-02 0.0000000E+00 0.0000000E+00 0.0000000E+00 0.0000000E+00 0.0000000E+00 0.0000000E+00 0.0000000E+00 0.0000000E+00 0.0000000E+00 0.0000000E+00 7.2742663E-02 7.2742663E-02 0.0000000E+00 0.0000000E+00 0.0000000E+00 0.0000000E+00 0.0000000E+00 0.0000000E+00 0.0000000E+00 0.0000000E+00 0.0000000E+00 0.0000000E+00 0.0000000E+00 0.0000000E+00 0.0000000E+00 0.0000000E+00 0.0000000E+00 0.0000000E+00
9.0542279E-02 9.5538780E-02 9.5541492E-02 9.5541492E-02 8.4181711E-02 8.9310110E-02 8.6779758E-02 8.1655793E-02 8.4008731E-02 7.7795558E-02 8.6781606E-02 0.1029554 0.1150882 0.1116489 9.6194088E-02 7.8361690E-02 7.7625431E-02 7.7625431E-02 7.7625431E-02 7.7625431E-02 7.7625431E-02 8.3758205E-02 8.3758205E-02 8.1177160E-02 0.0000000E+00 0.0000000E+00 0.0000000E+00 0.0000000E+00 0.0000000E+00 0.0000000E+00 0.0000000E+00 0.0000000E+00 0.0000000E+00 0.0000000E+00 0.0000000E+00 0.0000000E+00 0.0000000E+00 0.0000000E+00 0.0000000E+00 0.0000000E+00 0.0000000E+00 0.0000000E+00 0.0000000E+00 0.0000000E+00 0.0000000E+00 0.0000000E+00 0.0000000E+00 0.0000000E+00 0.0000000E+00 0.0000000E+00 0.0000000E+00 0.0000000E+00
7.9619996E-02 9.3065552E-02 9.5541492E-02 9.5541492E-02 8.9310110E-02 8.9310110E-02 8.9310110E-02 7.8920014E-02 7.8920014E-02 8.2108386E-02 0.1035983 0.1396559 0.1713095 0.1571111 0.1190240 8.4922589E-02 7.8548044E-02 7.7625431E-02 7.7625431E-02 7.7625431E-02 7.7625431E-02 7.7625431E-02 8.3758205E-02 8.3670117E-02 7.3318943E-02 0.0000000E+00 0.0000000E+00 0.0000000E+00 0.0000000E+00 0.0000000E+00 0.0000000E+00 0.0000000E+00 0.0000000E+00 0.0000000E+00 0.0000000E+00 0.0000000E+00 0.0000000E+00 0.0000000E+00 0.0000000E+00 0.0000000E+00 0.0000000E+00 0.0000000E+00 0.0000000E+00 0.0000000E+00 0.0000000E+00 0.0000000E+00 0.0000000E+00 0.0000000E+00 0.0000000E+00 0.0000000E+00 0.0000000E+00 0.0000000E+00
0.0000000E+00 9.1474749E-02 9.7441837E-02 0.1034620 0.1034620 9.1626450E-02 8.9310110E-02 8.9310110E-02 8.1655793E-02 8.4625401E-02 0.1204980 0.1770344 0.2504134 0.2193892 0.1430209 9.6432500E-02 8.0424167E-02 7.7625431E-02 7.7625431E-02 7.7625431E-02 7.7625431E-02 7.7625431E-02 8.3758205E-02 8.3758205E-02 8.3711952E-02 0.0000000E+00 0.0000000E+00 0.0000000E+00 7.6663442E-02 7.7625431E-02 7.3951989E-02 7.3951989E-02 7.3951989E-02 0.0000000E+00 0.0000000E+00 0.0000000E+00 0.0000000E+00 0.0000000E+00 0.0000000E+00 0.0000000E+00 0.0000000E+00 0.0000000E+00 0.0000000E+00 0.0000000E+00 0.0000000E+00 0.0000000E+00 0.0000000E+00 0.0000000E+00 0.0000000E+00 0.0000000E+00 0.0000000E+00 0.0000000E+00
0.0000000E+00 9.1323003E-02 9.7441837E-02 0.1034620 0.1034620 8.9310110E-02 8.9310110E-02 8.9310110E-02 8.1655793E-02 8.3786905E-02 0.1126627 0.1650417 0.2255692 0.2015140 0.1379017 9.8368153E-02 8.3417691E-02 8.0967642E-02 7.7625431E-02 7.7625431E-02 7.7625431E-02 7.7625431E-02 7.7625431E-02 8.3758205E-02 7.7625431E-02 7.7625431E-02 7.2742663E-02 7.2742663E-02 7.7625431E-02 7.7625431E-02 0.0000000E+00 0.0000000E+00 0.0000000E+00 0.0000000E+00 0.0000000E+00 0.0000000E+00 0.0000000E+00 0.0000000E+00 0.0000000E+00 7.2742663E-02 7.2742663E-02 7.2742663E-02 7.2742663E-02 0.0000000E+00 0.0000000E+00 0.0000000E+00 0.0000000E+00 0.0000000E+00 0.0000000E+00 0.0000000E+00 0.0000000E+00 0.0000000E+00
8.3535887E-02 9.4590768E-02 0.1034620 0.1034620 0.1016817 0.1016817 8.9310110E-02 8.9310110E-02 8.9310110E-02 7.8990616E-02 9.2413351E-02 0.1217148 0.1467123 0.1395561 0.1169384 8.7871864E-02 7.6311059E-02 8.0967642E-02 8.0967642E-02 8.0967642E-02 7.7625431E-02 7.7625431E-02 7.7625431E-02 7.7625431E-02 7.7625431E-02 7.7625431E-02 7.2742663E-02 7.2742663E-02 7.2742663E-02 0.0000000E+00 0.0000000E+00 0.0000000E+00 0.0000000E+00 0.0000000E+00 0.0000000E+00 0.0000000E+00 0.0000000E+00 0.0000000E+00 0.0000000E+00 0.0000000E+00 0.0000000E+00 0.0000000E+00 0.0000000E+00 0.0000000E+00 0.0000000E+00 0.0000000E+00 0.0000000E+00 0.0000000E+00 0.0000000E+00 0.0000000E+00 0.0000000E+00 0.0000000E+00
9.4342858E-02 0.1083623 0.1084046 0.1016817 0.1016817 0.1016817 8.9310110E-02 8.9310110E-02 8.3429366E-02 8.0565020E-02 7.7339761E-02 8.5643768E-02 9.4298579E-02 9.6076220E-02 9.1449432E-02 7.8077897E-02 8.2080849E-02 8.2080849E-02 8.7605059E-02 8.7605059E-02 8.7605059E-02 8.7605059E-02 8.4673412E-02 8.4673412E-02 8.4673412E-02 8.4673412E-02 7.9183109E-02 7.4678741E-02 7.2742663E-02 0.0000000E+00 0.0000000E+00 0.0000000E+00 0.0000000E+00 0.0000000E+00 0.0000000E+00 0.0000000E+00 0.0000000E+00 0.0000000E+00 0.0000000E+00 0.0000000E+00 0.0000000E+00 0.0000000E+00 0.0000000E+00 0.0000000E+00 0.0000000E+00 0.0000000E+00 0.0000000E+00 0.0000000E+00 0.0000000E+00 0.0000000E+00 0.0000000E+00 0.0000000E+00
0.1068882 0.1052623 0.1069051 0.1069051 0.1016817 0.1016817 8.9310110E-02 8.9310110E-02 8.3429366E-02 7.8687973E-02 0.0000000E+00 0.0000000E+00 7.8085892E-02 8.7705418E-02 8.2559906E-02 8.2080849E-02 8.2080849E-02 8.2080849E-02 8.7605059E-02 8.7605059E-02 8.7605059E-02 8.7605059E-02 8.2080849E-02 8.2080849E-02 7.9183109E-02 7.9183109E-02 7.9183109E-02 7.9183109E-02 7.6025762E-02 7.6025762E-02 7.6025762E-02 7.6025762E-02 0.0000000E+00 0.0000000E+00 0.0000000E+00 0.0000000E+00 0.0000000E+00 0.0000000E+00 0.0000000E+00 0.0000000E+00 0.0000000E+00 0.0000000E+00 0.0000000E+00 0.0000000E+00 0.0000000E+00 0.0000000E+00 0.0000000E+00 0.0000000E+00 0.0000000E+00 0.0000000E+00 0.0000000E+00 0.0000000E+00
0.1052623 0.1052623 0.1052623 0.1069051 0.1069051 0.1069051 8.9310110E-02 8.9310110E-02 7.5893223E-02 7.5893223E-02 7.8920014E-02 7.4693531E-02 7.4693531E-02 8.0107391E-02 8.2080849E-02 8.2080849E-02 8.2080849E-02 8.2080849E-02 8.2080849E-02 8.7605059E-02 8.7605059E-02 8.2080849E-02 8.2080849E-02 7.7493437E-02 8.2080849E-02 7.9183109E-02 7.9183109E-02 7.9183109E-02 8.1433050E-02 7.6025762E-02 7.6025762E-02 0.0000000E+00 0.0000000E+00 0.0000000E+00 0.0000000E+00 0.0000000E+00 0.0000000E+00 0.0000000E+00 0.0000000E+00 0.0000000E+00 0.0000000E+00 0.0000000E+00 0.0000000E+00 0.0000000E+00 0.0000000E+00 0.0000000E+00 0.0000000E+00 0.0000000E+00 0.0000000E+00 0.0000000E+00 0.0000000E+00 0.0000000E+00
0.1052623 0.1052623 0.1052623 0.1052623 0.1069051 0.1069051 9.2683323E-02 8.6779758E-02 8.1655793E-02 8.1655793E-02 8.1655793E-02 7.8920014E-02 7.4693531E-02 8.0107391E-02 7.7493437E-02 8.2080849E-02 8.2080849E-02 8.2080849E-02 8.2080849E-02 8.7605059E-02 8.7605059E-02 8.2080849E-02 7.7493437E-02 7.7493437E-02 8.2080849E-02 8.1664592E-02 7.9360224E-02 7.2591797E-02 7.8754306E-02 8.1023291E-02 7.6025762E-02 0.0000000E+00 0.0000000E+00 0.0000000E+00 0.0000000E+00 0.0000000E+00 0.0000000E+00 0.0000000E+00 0.0000000E+00 0.0000000E+00 0.0000000E+00 0.0000000E+00 0.0000000E+00 0.0000000E+00 0.0000000E+00 0.0000000E+00 0.0000000E+00 0.0000000E+00 0.0000000E+00 0.0000000E+00 0.0000000E+00 0.0000000E+00
0.1052623 0.1052623 0.1052623 0.1052623 0.1034553 0.1029533 0.1089765 9.1959372E-02 8.1655793E-02 8.1655793E-02 8.1655793E-02 7.8920014E-02 7.8920014E-02 7.7493437E-02 7.7493437E-02 8.2080849E-02 8.2080849E-02 8.2080849E-02 8.2080849E-02 8.2080849E-02 7.7493437E-02 7.7493437E-02 7.7493437E-02 7.7493437E-02 8.1198886E-02 7.4790634E-02 0.0000000E+00 0.0000000E+00 0.0000000E+00 7.4251957E-02 7.5272098E-02 7.6025762E-02 0.0000000E+00 0.0000000E+00 0.0000000E+00 0.0000000E+00 0.0000000E+00 0.0000000E+00 0.0000000E+00 0.0000000E+00 0.0000000E+00 0.0000000E+00 0.0000000E+00 0.0000000E+00 0.0000000E+00 0.0000000E+00 0.0000000E+00 0.0000000E+00 0.0000000E+00 0.0000000E+00 0.0000000E+00 0.0000000E+00
0.1052623 0.1034553 0.1034553 0.1034350 9.8568767E-02 9.4952889E-02 9.0617582E-02 7.5059019E-02 8.2962163E-02 8.1564166E-02 8.1655793E-02 7.8920014E-02 8.4742360E-02 8.2080849E-02 7.7493437E-02 7.7493437E-02 8.2080849E-02 8.2080849E-02 8.2080849E-02 7.7493437E-02 7.7493437E-02 7.7493437E-02 7.7493437E-02 7.7493437E-02 7.6834537E-02 0.0000000E+00 0.0000000E+00 0.0000000E+00 0.0000000E+00 0.0000000E+00 0.0000000E+00 0.0000000E+00 0.0000000E+00 0.0000000E+00 0.0000000E+00 0.0000000E+00 0.0000000E+00 0.0000000E+00 0.0000000E+00 0.0000000E+00 0.0000000E+00 0.0000000E+00 0.0000000E+00 0.0000000E+00 0.0000000E+00 0.0000000E+00 0.0000000E+00 0.0000000E+00 0.0000000E+00 0.0000000E+00 0.0000000E+00 0.0000000E+00
0.1034553 0.1034553 0.1034553 0.1043324 8.8164546E-02 0.0000000E+00 0.0000000E+00 0.0000000E+00 0.0000000E+00 8.0948390E-02 7.8920014E-02 8.1655793E-02 8.2080849E-02 8.2080849E-02 8.2080849E-02 7.7493437E-02 8.2080849E-02 8.2080849E-02 8.2080849E-02 7.7493437E-02 7.7493437E-02 7.7493437E-02 7.7493437E-02 7.7225901E-02 7.3033422E-02 0.0000000E+00 0.0000000E+00 0.0000000E+00 0.0000000E+00 0.0000000E+00 0.0000000E+00 0.0000000E+00 0.0000000E+00 0.0000000E+00 0.0000000E+00 0.0000000E+00 0.0000000E+00 0.0000000E+00 0.0000000E+00 0.0000000E+00 0.0000000E+00 0.0000000E+00 0.0000000E+00 0.0000000E+00 0.0000000E+00 0.0000000E+00 0.0000000E+00 0.0000000E+00 0.0000000E+00 0.0000000E+00 0.0000000E+00 0.0000000E+00
9.6798845E-02 0.1034553 0.1088529 9.7345866E-02 7.2457395E-02 0.0000000E+00 0.0000000E+00 0.0000000E+00 0.0000000E+00 7.5790145E-02 8.4481284E-02 7.8920014E-02 7.9183109E-02 7.9183109E-02 8.2080849E-02 8.2080849E-02 8.2080849E-02 8.2080849E-02 7.7493437E-02 7.3641531E-02 7.7493437E-02 7.7493437E-02 7.7493437E-02 7.7256314E-02 7.3266424E-02 0.0000000E+00 0.0000000E+00 0.0000000E+00 0.0000000E+00 0.0000000E+00 0.0000000E+00 0.0000000E+00 0.0000000E+00 0.0000000E+00 0.0000000E+00 0.0000000E+00 0.0000000E+00 0.0000000E+00 0.0000000E+00 0.0000000E+00 0.0000000E+00 0.0000000E+00 0.0000000E+00 0.0000000E+00 0.0000000E+00 0.0000000E+00 0.0000000E+00 0.0000000E+00 0.0000000E+00 0.0000000E+00 0.0000000E+00 0.0000000E+00
0.1034553 0.1020637 0.1085702 9.4771445E-02 0.0000000E+00 0.0000000E+00 0.0000000E+00 0.0000000E+00 0.0000000E+00 7.3891729E-02 8.4163703E-02 7.5954974E-02 7.9183109E-02 7.9183109E-02 7.9183109E-02 7.9183109E-02 7.9183109E-02 7.9183109E-02 7.4678741E-02 0.0000000E+00 0.0000000E+00 7.4678741E-02 7.4678741E-02 7.4678741E-02 0.0000000E+00 0.0000000E+00 0.0000000E+00 0.0000000E+00 0.0000000E+00 0.0000000E+00 0.0000000E+00 0.0000000E+00 0.0000000E+00 0.0000000E+00 0.0000000E+00 0.0000000E+00 0.0000000E+00 0.0000000E+00 0.0000000E+00 0.0000000E+00 0.0000000E+00 0.0000000E+00 0.0000000E+00 0.0000000E+00 0.0000000E+00 0.0000000E+00 0.0000000E+00 0.0000000E+00 0.0000000E+00 0.0000000E+00 0.0000000E+00 0.0000000E+00
0.1089487 0.1020637 0.1020532 8.7962203E-02 0.0000000E+00 0.0000000E+00 0.0000000E+00 0.0000000E+00 0.0000000E+00 7.3082037E-02 7.9999901E-02 7.7493437E-02 7.4678741E-02 7.4678741E-02 7.4678741E-02 7.4678741E-02 0.0000000E+00 7.4678741E-02 7.9200968E-02 7.4810803E-02 0.0000000E+00 7.4678741E-02 7.4678741E-02 0.0000000E+00 7.5512506E-02 0.0000000E+00 0.0000000E+00 0.0000000E+00 0.0000000E+00 0.0000000E+00 0.0000000E+00 0.0000000E+00 0.0000000E+00 0.0000000E+00 0.0000000E+00 0.0000000E+00 0.0000000E+00 0.0000000E+00 0.0000000E+00 7.7312335E-02 7.9121344E-02 8.5904315E-02 7.4399225E-02 0.0000000E+00 0.0000000E+00 0.0000000E+00 0.0000000E+00 0.0000000E+00 0.0000000E+00 0.0000000E+00 0.0000000E+00 0.0000000E+00
0.1037423 0.1020637 9.6179858E-02 9.3796380E-02 8.2674608E-02 0.0000000E+00 0.0000000E+00 0.0000000E+00 7.4866191E-02 8.4859647E-02 8.5232072E-02 8.5232072E-02 8.8278294E-02 8.2732141E-02 8.2732141E-02 7.8314327E-02 7.8318946E-02 8.5677698E-02 9.0418138E-02 8.7657548E-02 8.4660418E-02 8.9633062E-02 8.0020837E-02 0.0000000E+00 7.6025762E-02 8.1259072E-02 7.4328423E-02 7.3390864E-02 7.4328423E-02 0.0000000E+00 0.0000000E+00 0.0000000E+00 0.0000000E+00 0.0000000E+00 0.0000000E+00 0.0000000E+00 0.0000000E+00 0.0000000E+00 7.3593527E-02 9.0013899E-02 0.1051405 0.1196009 0.1070605 8.1256278E-02 0.0000000E+00 0.0000000E+00 0.0000000E+00 0.0000000E+00 0.0000000E+00 0.0000000E+00 0.0000000E+00 0.0000000E+00
0.1037423 0.1020637 9.6179858E-02 9.6179858E-02 9.3973801E-02 8.6123459E-02 8.7801345E-02 8.0772400E-02 8.5260518E-02 8.5232072E-02 8.5232072E-02 8.5232072E-02 8.8278294E-02 8.2732141E-02 8.2732141E-02 7.8314327E-02 8.1908196E-02 9.3218632E-02 0.1059609 0.1105342 0.1025330 9.0988755E-02 8.1542507E-02 8.0020837E-02 8.5261226E-02 9.1650836E-02 7.6025762E-02 7.6025762E-02 7.6025762E-02 0.0000000E+00 0.0000000E+00 0.0000000E+00 0.0000000E+00 0.0000000E+00 0.0000000E+00 0.0000000E+00 0.0000000E+00 0.0000000E+00 7.6697059E-02 9.8948166E-02 0.1248790 0.1791219 0.1381892 9.2675865E-02 0.0000000E+00 0.0000000E+00 0.0000000E+00 0.0000000E+00 0.0000000E+00 0.0000000E+00 0.0000000E+00 0.0000000E+00
0.1037423 0.1037423 0.1020637 0.1032800 9.8529294E-02 9.3242660E-02 8.2987525E-02 8.7540507E-02 8.7540552E-02 8.5232072E-02 8.5232072E-02 8.5232072E-02 9.0504043E-02 8.8278294E-02 7.8314327E-02 7.8723304E-02 8.8461056E-02 0.1091573 0.1350785 0.1444698 0.1250638 0.1035997 8.5959740E-02 8.0020837E-02 9.1650836E-02 9.1650836E-02 9.1650836E-02 8.5261226E-02 8.5261226E-02 0.0000000E+00 0.0000000E+00 0.0000000E+00 0.0000000E+00 0.0000000E+00 0.0000000E+00 0.0000000E+00 0.0000000E+00 0.0000000E+00 7.5554997E-02 8.1256278E-02 0.1149498 0.1490579 0.1274826 9.1543585E-02 0.0000000E+00 0.0000000E+00 0.0000000E+00 0.0000000E+00 0.0000000E+00 0.0000000E+00 0.0000000E+00 0.0000000E+00
9.7971052E-02 0.1047676 0.1095955 0.1095955 9.8529294E-02 9.3242660E-02 8.3072722E-02 8.3072722E-02 8.5232072E-02 8.5232072E-02 8.5232072E-02 8.5232072E-02 9.0504043E-02 8.8278294E-02 7.8314327E-02 7.9430565E-02 9.2159785E-02 0.1184424 0.1559475 0.1901059 0.1425608 0.1106939 8.8585809E-02 8.0075547E-02 9.1650836E-02 8.5261226E-02 8.5261226E-02 9.1650836E-02 9.1650836E-02 8.0020837E-02 0.0000000E+00 0.0000000E+00 0.0000000E+00 0.0000000E+00 0.0000000E+00 0.0000000E+00 7.2587267E-02 7.2587267E-02 0.0000000E+00 7.2740778E-02 8.9601241E-02 0.1008494 9.3623392E-02 7.6656595E-02 0.0000000E+00 0.0000000E+00 0.0000000E+00 0.0000000E+00 0.0000000E+00 0.0000000E+00 0.0000000E+00 0.0000000E+00
0.1047676 0.1047676 0.1032800 9.8529294E-02 9.8529294E-02 9.3242660E-02 8.3072722E-02 8.0777816E-02 8.0777816E-02 8.5232072E-02 8.5232072E-02 8.5232072E-02 9.0504043E-02 8.3511822E-02 8.3511822E-02 7.8918286E-02 8.6845130E-02 0.1092931 0.1390165 0.1533252 0.1300411 0.1057769 8.6767443E-02 8.5261226E-02 8.5261226E-02 8.5261226E-02 8.5261226E-02 8.5261226E-02 8.5261226E-02 8.0020837E-02 8.0020837E-02 8.0020837E-02 0.0000000E+00 0.0000000E+00 0.0000000E+00 0.0000000E+00 0.0000000E+00 0.0000000E+00 0.0000000E+00 0.0000000E+00 0.0000000E+00 7.2740778E-02 0.0000000E+00 0.0000000E+00 0.0000000E+00 0.0000000E+00 0.0000000E+00 0.0000000E+00 0.0000000E+00 0.0000000E+00 0.0000000E+00 0.0000000E+00
0.1032800 0.1032800 0.1002462 9.8529294E-02 9.3242660E-02 9.8529294E-02 8.0777816E-02 8.0777816E-02 8.0777816E-02 8.5232072E-02 8.5232072E-02 8.5232072E-02 9.0504043E-02 8.3511822E-02 8.3511822E-02 7.5668655E-02 8.0457039E-02 9.3570299E-02 0.1085579 0.1140861 0.1044736 9.3485676E-02 8.2339779E-02 8.5261226E-02 8.5261226E-02 8.5261226E-02 8.5261226E-02 8.0020837E-02 8.0020837E-02 7.5668655E-02 8.0020837E-02 7.7220090E-02 0.0000000E+00 0.0000000E+00 0.0000000E+00 0.0000000E+00 0.0000000E+00 0.0000000E+00 0.0000000E+00 0.0000000E+00 0.0000000E+00 0.0000000E+00 0.0000000E+00 0.0000000E+00 0.0000000E+00 0.0000000E+00 0.0000000E+00 0.0000000E+00 0.0000000E+00 0.0000000E+00 0.0000000E+00 0.0000000E+00
