data/rasters/precip/precipitation_20000110.ASC
NCOLS                  300
NROWS                  325
XLLCORNER       0.0000000E+00
YLLCORNER        300000.0
CELLSIZE         1000.000
NODATA_VALUE    0.0000000E+00
[rows 66 to 87 of 325, columns 100 to 149 of 300]
0.0000000E+00 0.0000000E+00 0.0000000E+00 0.0000000E+00 0.0000000E+00 0.0000000E+00 0.0000000E+00 0.0000000E+00 6.4021565E-02 6.4021565E-02 6.4021565E-02 5.8598269E-02 5.8598269E-02 5.9068058E-02 6.0250096E-02 5.6900326E-02 5.6793731E-02 6.0010135E-02 0.0000000E+00 0.0000000E+00 0.0000000E+00 0.0000000E+00 0.0000000E+00 0.0000000E+00 0.0000000E+00 0.0000000E+00 0.0000000E+00 0.0000000E+00 0.0000000E+00 0.0000000E+00 0.0000000E+00 0.0000000E+00 0.0000000E+00 0.0000000E+00 0.0000000E+00 0.0000000E+00 0.0000000E+00 5.1665891E-02 4.8990797E-02 0.0000000E+00 0.0000000E+00 0.0000000E+00 0.0000000E+00 0.0000000E+00 0.0000000E+00 0.0000000E+00 0.0000000E+00 0.0000000E+00 0.0000000E+00 0.0000000E+00
0.0000000E+00 0.0000000E+00 0.0000000E+00 0.0000000E+00 0.0000000E+00 0.0000000E+00 0.0000000E+00 0.0000000E+00 6.4021565E-02 6.4021565E-02 5.8598269E-02 5.8598269E-02 5.8598269E-02 5.8598269E-02 5.8598269E-02 5.8608580E-02 5.8603503E-02 5.4363199E-02 0.0000000E+00 0.0000000E+00 0.0000000E+00 0.0000000E+00 0.0000000E+00 0.0000000E+00 0.0000000E+00 0.0000000E+00 0.0000000E+00 0.0000000E+00 0.0000000E+00 0.0000000E+00 0.0000000E+00 0.0000000E+00 0.0000000E+00 0.0000000E+00 0.0000000E+00 0.0000000E+00 5.1665891E-02 5.1665891E-02 5.1665891E-02 5.1665891E-02 0.0000000E+00 0.0000000E+00 0.0000000E+00 0.0000000E+00 0.0000000E+00 0.0000000E+00 0.0000000E+00 0.0000000E+00 0.0000000E+00 0.0000000E+00
0.0000000E+00 0.0000000E+00 0.0000000E+00 0.0000000E+00 0.0000000E+00 0.0000000E+00 0.0000000E+00 0.0000000E+00 6.4021565E-02 5.8598269E-02 5.8598269E-02 5.8598269E-02 5.8598269E-02 5.8598269E-02 5.8598269E-02 5.8598269E-02 5.8598269E-02 5.8598269E-02 0.0000000E+00 0.0000000E+00 0.0000000E+00 0.0000000E+00 0.0000000E+00 0.0000000E+00 0.0000000E+00 0.0000000E+00 0.0000000E+00 0.0000000E+00 0.0000000E+00 0.0000000E+00 0.0000000E+00 0.0000000E+00 0.0000000E+00 0.0000000E+00 0.0000000E+00 5.8974881E-02 5.4930948E-02 5.1665891E-02 5.1665891E-02 5.1665891E-02 5.7425573E-02 0.0000000E+00 0.0000000E+00 0.0000000E+00 0.0000000E+00 0.0000000E+00 0.0000000E+00 0.0000000E+00 0.0000000E+00 0.0000000E+00
0.0000000E+00 0.0000000E+00 0.0000000E+00 0.0000000E+00 0.0000000E+00 0.0000000E+00 0.0000000E+00 0.0000000E+00 6.4021565E-02 5.8598269E-02 5.8598269E-02 5.8598269E-02 5.8598269E-02 5.8598269E-02 5.8598269E-02 5.8598269E-02 5.8598269E-02 5.8598269E-02 5.4363199E-02 0.0000000E+00 0.0000000E+00 0.0000000E+00 0.0000000E+00 0.0000000E+00 0.0000000E+00 0.0000000E+00 0.0000000E+00 0.0000000E+00 0.0000000E+00 0.0000000E+00 0.0000000E+00 0.0000000E+00 0.0000000E+00 0.0000000E+00 5.7425573E-02 6.5975852E-02 5.8974881E-02 5.1665891E-02 5.1665891E-02 5.7425573E-02 5.7425573E-02 5.7425573E-02 0.0000000E+00 0.0000000E+00 4.8167411E-02 0.0000000E+00 0.0000000E+00 0.0000000E+00 0.0000000E+00 0.0000000E+00
0.0000000E+00 0.0000000E+00 0.0000000E+00 0.0000000E+00 0.0000000E+00 0.0000000E+00 0.0000000E+00 6.4021565E-02 5.8598269E-02 5.8598269E-02 5.8598269E-02 5.8598269E-02 5.8598269E-02 5.8598269E-02 5.8598269E-02 5.4363199E-02 5.4363199E-02 5.4363199E-02 5.4363199E-02 5.0991278E-02 0.0000000E+00 0.0000000E+00 0.0000000E+00 0.0000000E+00 0.0000000E+00 0.0000000E+00 0.0000000E+00 0.0000000E+00 0.0000000E+00 0.0000000E+00 0.0000000E+00 0.0000000E+00 5.7425573E-02 5.7425573E-02 5.7425573E-02 5.7425573E-02 5.7425573E-02 5.1665891E-02 5.1665891E-02 5.7425573E-02 5.7425573E-02 6.1271958E-02 6.1271958E-02 0.0000000E+00 4.8167411E-02 0.0000000E+00 0.0000000E+00 0.0000000E+00 0.0000000E+00 0.0000000E+00
0.0000000E+00 0.0000000E+00 0.0000000E+00 0.0000000E+00 0.0000000E+00 0.0000000E+00 0.0000000E+00 6.4021565E-02 5.8598269E-02 5.8598269E-02 5.8598269E-02 5.8598269E-02 5.8598269E-02 5.4363199E-02 5.4363199E-02 5.4363199E-02 5.4363199E-02 5.0991278E-02 5.0991278E-02 5.0991278E-02 0.0000000E+00 0.0000000E+00 0.0000000E+00 0.0000000E+00 0.0000000E+00 0.0000000E+00 0.0000000E+00 5.4288022E-02 5.6754239E-02 5.5445831E-02 5.4711308E-02 5.5123281E-02 5.6365572E-02 5.7374496E-02 5.7425573E-02 5.7425573E-02 5.7425573E-02 5.7425573E-02 5.1665891E-02 5.4234680E-02 5.4234680E-02 5.7424594E-02 6.1271958E-02 5.7424594E-02 0.0000000E+00 0.0000000E+00 0.0000000E+00 0.0000000E+00 0.0000000E+00 0.0000000E+00
0.0000000E+00 0.0000000E+00 0.0000000E+00 0.0000000E+00 0.0000000E+00 0.0000000E+00 0.0000000E+00 5.8598269E-02 5.8598269E-02 5.8598269E-02 5.8598269E-02 5.4363199E-02 5.4363199E-02 5.4105058E-02 5.3778883E-02 5.3879201E-02 5.0909128E-02 5.0991278E-02 5.0991278E-02 5.0991278E-02 0.0000000E+00 0.0000000E+00 0.0000000E+00 0.0000000E+00 0.0000000E+00 5.1316451E-02 5.4288022E-02 5.2908640E-02 5.2382469E-02 4.8837155E-02 0.0000000E+00 4.8050746E-02 5.1234443E-02 5.4951504E-02 5.7271332E-02 5.4234680E-02 5.4234680E-02 5.4234680E-02 5.4234680E-02 5.4234680E-02 5.4234568E-02 5.7424594E-02 6.1271958E-02 5.7424594E-02 5.7948980E-02 0.0000000E+00 0.0000000E+00 0.0000000E+00 0.0000000E+00 0.0000000E+00
0.0000000E+00 0.0000000E+00 0.0000000E+00 0.0000000E+00 0.0000000E+00 0.0000000E+00 5.8598269E-02 5.4363199E-02 5.4363199E-02 5.0991278E-02 5.0991278E-02 5.4174405E-02 5.2508324E-02 5.0335899E-02 4.9036831E-02 0.0000000E+00 4.8244052E-02 5.0116066E-02 5.0991278E-02 5.0991278E-02 0.0000000E+00 0.0000000E+00 0.0000000E+00 0.0000000E+00 5.1316451E-02 5.1316451E-02 5.0591510E-02 4.9443960E-02 0.0000000E+00 0.0000000E+00 0.0000000E+00 0.0000000E+00 0.0000000E+00 5.0158303E-02 5.2517541E-02 4.9293105E-02 4.9293105E-02 5.1559113E-02 5.1559113E-02 5.9463233E-02 5.7424594E-02 5.7424594E-02 5.4234568E-02 5.4234568E-02 5.1297221E-02 5.4292347E-02 0.0000000E+00 0.0000000E+00 0.0000000E+00 0.0000000E+00
0.0000000E+00 0.0000000E+00 0.0000000E+00 0.0000000E+00 0.0000000E+00 0.0000000E+00 5.8598269E-02 5.4363199E-02 5.0991278E-02 5.0991278E-02 5.0915729E-02 4.8873819E-02 0.0000000E+00 0.0000000E+00 0.0000000E+00 0.0000000E+00 0.0000000E+00 5.3544577E-02 5.7950981E-02 5.9263475E-02 0.0000000E+00 0.0000000E+00 0.0000000E+00 5.9263475E-02 6.2339552E-02 5.8611311E-02 5.5851024E-02 0.0000000E+00 0.0000000E+00 0.0000000E+00 0.0000000E+00 0.0000000E+00 0.0000000E+00 0.0000000E+00 0.0000000E+00 4.9106251E-02 4.9293105E-02 5.1559113E-02 5.1559113E-02 5.7424594E-02 6.3103355E-02 5.7424594E-02 5.7424594E-02 5.1297221E-02 5.1297221E-02 5.4292347E-02 5.4292347E-02 0.0000000E+00 0.0000000E+00 0.0000000E+00
0.0000000E+00 0.0000000E+00 0.0000000E+00 0.0000000E+00 0.0000000E+00 0.0000000E+00 5.4363199E-02 5.0991278E-02 5.0991278E-02 5.0991278E-02 5.0013226E-02 5.2257340E-02 0.0000000E+00 0.0000000E+00 0.0000000E+00 0.0000000E+00 0.0000000E+00 0.0000000E+00 5.1990546E-02 5.9031881E-02 5.9263475E-02 0.0000000E+00 5.9263475E-02 6.2339552E-02 6.2339552E-02 5.8522400E-02 5.4650340E-02 0.0000000E+00 0.0000000E+00 0.0000000E+00 0.0000000E+00 0.0000000E+00 0.0000000E+00 0.0000000E+00 0.0000000E+00 4.8831757E-02 4.9293105E-02 5.1559113E-02 5.7424594E-02 5.7424594E-02 6.3103355E-02 5.7424594E-02 5.7424594E-02 5.4292347E-02 5.1297221E-02 5.1297221E-02 5.4292347E-02 0.0000000E+00 0.0000000E+00 0.0000000E+00
0.0000000E+00 0.0000000E+00 0.0000000E+00 0.0000000E+00 0.0000000E+00 0.0000000E+00 5.0991278E-02 5.0991278E-02 5.9263475E-02 5.9263475E-02 5.6496378E-02 4.8756957E-02 0.0000000E+00 0.0000000E+00 0.0000000E+00 0.0000000E+00 0.0000000E+00 0.0000000E+00 4.9699333E-02 5.4875206E-02 5.5689249E-02 5.9263475E-02 5.9263475E-02 6.2284637E-02 6.2004406E-02 6.1956681E-02 5.2107219E-02 0.0000000E+00 0.0000000E+00 0.0000000E+00 0.0000000E+00 0.0000000E+00 0.0000000E+00 0.0000000E+00 0.0000000E+00 5.1111303E-02 5.1559113E-02 5.4234568E-02 5.7424594E-02 5.7424594E-02 6.3103355E-02 6.3103355E-02 5.4292347E-02 5.4292347E-02 5.1297221E-02 5.4292347E-02 5.4292347E-02 5.1363796E-02 0.0000000E+00 0.0000000E+00
0.0000000E+00 0.0000000E+00 0.0000000E+00 0.0000000E+00 0.0000000E+00 0.0000000E+00 6.3621417E-02 6.3621417E-02 5.9263475E-02 5.9258610E-02 5.6028061E-02 0.0000000E+00 0.0000000E+00 0.0000000E+00 0.0000000E+00 0.0000000E+00 0.0000000E+00 0.0000000E+00 4.8985854E-02 5.4645009E-02 5.5689249E-02 5.5682518E-02 5.4571979E-02 5.8531836E-02 5.3694144E-02 5.8304373E-02 5.7748087E-02 5.0211109E-02 0.0000000E+00 0.0000000E+00 0.0000000E+00 0.0000000E+00 0.0000000E+00 5.0097957E-02 5.8616899E-02 5.6258120E-02 5.9463233E-02 5.9463233E-02 6.3103355E-02 5.7424594E-02 6.3103355E-02 6.3103355E-02 5.4292347E-02 5.4292347E-02 5.4292347E-02 5.4292347E-02 5.4292347E-02 4.8379440E-02 0.0000000E+00 0.0000000E+00
0.0000000E+00 0.0000000E+00 0.0000000E+00 0.0000000E+00 0.0000000E+00 0.0000000E+00 6.3621417E-02 6.3621417E-02 6.3621417E-02 6.3621417E-02 5.6864541E-02 0.0000000E+00 0.0000000E+00 0.0000000E+00 0.0000000E+00 0.0000000E+00 0.0000000E+00 0.0000000E+00 5.1096629E-02 5.5307370E-02 5.5689249E-02 5.4130863E-02 5.4680146E-02 4.8868608E-02 0.0000000E+00 0.0000000E+00 5.1235098E-02 5.0440006E-02 0.0000000E+00 0.0000000E+00 0.0000000E+00 0.0000000E+00 5.1698532E-02 5.9132162E-02 6.1022691E-02 6.5883741E-02 6.6257596E-02 5.9463233E-02 6.3103355E-02 6.3103355E-02 6.8620391E-02 6.5967292E-02 6.0195420E-02 5.4292347E-02 5.4292347E-02 5.4292347E-02 5.4292347E-02 5.4292347E-02 5.4491382E-02 0.0000000E+00
0.0000000E+00 0.0000000E+00 0.0000000E+00 0.0000000E+00 0.0000000E+00 0.0000000E+00 6.3621417E-02 6.3492440E-02 6.3096538E-02 6.3107416E-02 5.8285169E-02 5.3524803E-02 0.0000000E+00 0.0000000E+00 0.0000000E+00 0.0000000E+00 0.0000000E+00 5.4912735E-02 6.1664794E-02 6.7650296E-02 6.2938377E-02 5.2816756E-02 0.0000000E+00 0.0000000E+00 0.0000000E+00 0.0000000E+00 0.0000000E+00 0.0000000E+00 5.2173793E-02 5.3256374E-02 5.2081794E-02 5.2944165E-02 6.0064234E-02 5.7847064E-02 6.0065903E-02 5.9282042E-02 6.0822126E-02 6.3765898E-02 5.9167653E-02 6.3103355E-02 6.5967292E-02 6.5967292E-02 6.5967292E-02 6.0195420E-02 6.0195420E-02 5.7948980E-02 5.4292347E-02 5.4292347E-02 5.5289641E-02 0.0000000E+00
0.0000000E+00 0.0000000E+00 0.0000000E+00 0.0000000E+00 0.0000000E+00 0.0000000E+00 6.1959874E-02 5.9239555E-02 5.7307776E-02 5.7351533E-02 5.5508029E-02 5.6096293E-02 5.3233419E-02 4.8824701E-02 4.8946865E-02 5.6162789E-02 6.8831868E-02 8.6702488E-02 9.1820449E-02 8.5671999E-02 6.9559045E-02 5.4543801E-02 0.0000000E+00 0.0000000E+00 0.0000000E+00 0.0000000E+00 0.0000000E+00 0.0000000E+00 5.4947678E-02 5.8078088E-02 5.8973659E-02 5.8394004E-02 5.8066774E-02 5.4140184E-02 4.8848774E-02 0.0000000E+00 5.0334025E-02 5.6362774E-02 6.2626943E-02 6.2877566E-02 6.0195420E-02 6.5967292E-02 6.5967292E-02 6.5967292E-02 6.0195420E-02 6.4428173E-02 6.4428173E-02 6.0195420E-02 5.5853207E-02 6.1424349E-02
0.0000000E+00 0.0000000E+00 0.0000000E+00 0.0000000E+00 0.0000000E+00 0.0000000E+00 5.6236207E-02 5.0352316E-02 0.0000000E+00 0.0000000E+00 0.0000000E+00 5.2970279E-02 5.6472417E-02 5.7498496E-02 6.3776135E-02 7.7832125E-02 0.1031616 0.1198020 0.1198073 0.1013404 8.0105923E-02 5.7558786E-02 0.0000000E+00 0.0000000E+00 0.0000000E+00 0.0000000E+00 0.0000000E+00 0.0000000E+00 5.3649679E-02 6.1820224E-02 6.0378611E-02 5.6978323E-02 5.2089654E-02 0.0000000E+00 0.0000000E+00 0.0000000E+00 0.0000000E+00 0.0000000E+00 5.7166379E-02 6.6032097E-02 6.8246692E-02 6.5967292E-02 6.5967292E-02 6.5967292E-02 6.0195420E-02 6.4428173E-02 6.4428173E-02 6.5967292E-02 5.5675104E-02 6.0965639E-02
0.0000000E+00 0.0000000E+00 0.0000000E+00 0.0000000E+00 0.0000000E+00 5.7503212E-02 4.8682012E-02 0.0000000E+00 0.0000000E+00 0.0000000E+00 0.0000000E+00 0.0000000E+00 5.4145277E-02 6.1638523E-02 7.9971455E-02 0.1003366 0.1282272 0.1558997 0.1514865 0.1218377 9.1214582E-02 6.3455492E-02 0.0000000E+00 0.0000000E+00 0.0000000E+00 0.0000000E+00 0.0000000E+00 0.0000000E+00 5.2406248E-02 6.2363163E-02 6.3336387E-02 5.7415590E-02 0.0000000E+00 0.0000000E+00 0.0000000E+00 0.0000000E+00 0.0000000E+00 0.0000000E+00 5.0832368E-02 6.3873693E-02 6.8217948E-02 7.3852874E-02 6.5967292E-02 6.5967292E-02 7.0683181E-02 6.4428173E-02 6.4428173E-02 7.0683181E-02 6.0809687E-02 6.4649671E-02
0.0000000E+00 0.0000000E+00 0.0000000E+00 0.0000000E+00 0.0000000E+00 5.6301653E-02 0.0000000E+00 0.0000000E+00 0.0000000E+00 0.0000000E+00 0.0000000E+00 0.0000000E+00 5.3372771E-02 6.9703698E-02 8.4702455E-02 0.1068442 0.1383708 0.1761304 0.1715456 0.1294941 9.6460223E-02 6.9097348E-02 4.9748294E-02 0.0000000E+00 0.0000000E+00 0.0000000E+00 0.0000000E+00 0.0000000E+00 5.5605412E-02 6.3492365E-02 6.7117222E-02 5.9786275E-02 0.0000000E+00 0.0000000E+00 0.0000000E+00 0.0000000E+00 0.0000000E+00 0.0000000E+00 4.9339347E-02 6.3100323E-02 6.8141088E-02 6.8246692E-02 7.3852874E-02 6.5967292E-02 7.0683181E-02 6.4428173E-02 6.4428173E-02 7.0683181E-02 6.4439818E-02 6.2022343E-02
0.0000000E+00 0.0000000E+00 0.0000000E+00 0.0000000E+00 0.0000000E+00 5.4919232E-02 0.0000000E+00 0.0000000E+00 0.0000000E+00 0.0000000E+00 0.0000000E+00 0.0000000E+00 5.6314707E-02 6.8070531E-02 8.1653953E-02 0.1003684 0.1213822 0.1440222 0.1424434 0.1187428 9.1278233E-02 7.0918404E-02 5.6403220E-02 4.8868608E-02 0.0000000E+00 0.0000000E+00 4.9341582E-02 5.7442106E-02 6.2310327E-02 6.3964374E-02 6.3448839E-02 6.1315741E-02 5.0004102E-02 0.0000000E+00 0.0000000E+00 0.0000000E+00 0.0000000E+00 0.0000000E+00 5.1536057E-02 6.4233199E-02 6.8238154E-02 6.8246692E-02 7.3852874E-02 6.5967292E-02 7.0683181E-02 6.4428173E-02 6.4428173E-02 7.0683181E-02 6.4428173E-02 6.0310990E-02
0.0000000E+00 0.0000000E+00 0.0000000E+00 0.0000000E+00 7.0021875E-02 5.6762803E-02 0.0000000E+00 0.0000000E+00 0.0000000E+00 0.0000000E+00 0.0000000E+00 0.0000000E+00 5.8162801E-02 6.6990398E-02 7.1509689E-02 8.4056266E-02 9.5710509E-02 0.1070541 0.1063605 9.4214506E-02 7.8970835E-02 6.6923007E-02 5.6653082E-02 5.4168809E-02 5.2702241E-02 5.5328939E-02 5.7067569E-02 5.9334222E-02 6.0442667E-02 6.0442667E-02 6.3949093E-02 6.0744066E-02 5.6350697E-02 0.0000000E+00 0.0000000E+00 0.0000000E+00 0.0000000E+00 0.0000000E+00 5.6269296E-02 6.6502914E-02 6.8246692E-02 6.8246692E-02 6.8246692E-02 7.3852874E-02 7.0683181E-02 6.4428173E-02 6.4428173E-02 7.0683181E-02 6.0195420E-02 6.0195420E-02
0.0000000E+00 0.0000000E+00 0.0000000E+00 0.0000000E+00 7.8276053E-02 6.5483093E-02 5.1868811E-02 0.0000000E+00 0.0000000E+00 0.0000000E+00 0.0000000E+00 5.0413180E-02 5.8700558E-02 6.3503571E-02 6.6221304E-02 6.9517523E-02 7.7297024E-02 8.2073405E-02 8.1648447E-02 7.6289937E-02 7.1108148E-02 6.6446818E-02 6.3639842E-02 6.1124574E-02 6.2553406E-02 6.0146175E-02 6.0411870E-02 6.0442667E-02 6.0442667E-02 6.0442667E-02 6.0442667E-02 5.9912600E-02 5.9560739E-02 5.4176137E-02 4.8038378E-02 4.9271267E-02 4.9202722E-02 5.3899247E-02 5.8657035E-02 6.8171456E-02 6.8246692E-02 6.8246692E-02 6.8246692E-02 7.9250224E-02 7.9250224E-02 6.4428173E-02 6.4428173E-02 6.5967292E-02 6.0195420E-02 6.0195420E-02
0.0000000E+00 0.0000000E+00 0.0000000E+00 0.0000000E+00 7.9077378E-02 7.6692410E-02 6.4432830E-02 5.4101739E-02 5.0276794E-02 5.1144328E-02 5.5208888E-02 6.1228253E-02 6.6477016E-02 7.0549734E-02 7.0097849E-02 7.4098177E-02 7.7031411E-02 7.6201983E-02 7.5216517E-02 8.1773847E-02 9.0943895E-02 9.1614284E-02 8.7315075E-02 7.5752787E-02 6.7286097E-02 6.2894084E-02 6.2894084E-02 6.0442667E-02 6.0442667E-02 6.0442667E-02 6.0442667E-02 6.0442667E-02 5.7472982E-02 5.5785310E-02 5.4093145E-02 6.0001645E-02 6.1247703E-02 6.3558213E-02 6.1177533E-02 6.5319851E-02 6.5319851E-02 6.8246692E-02 6.8246692E-02 7.3259011E-02 7.9250224E-02 7.9250224E-02 6.4428173E-02 6.5967292E-02 6.0195420E-02 6.0195420E-02
