data/rasters/precip/precipitation_20000108.ASC
NCOLS                  300
NROWS                  325
XLLCORNER       0.0000000E+00
YLLCORNER        300000.0
CELLSIZE         1000.000
NODATA_VALUE    0.0000000E+00
[rows 72 to 95 of 325, columns 165 to 219 of 300]
1.201186 1.251451 1.302047 1.354519 1.378965 1.376332 1.364460 1.346385 1.320872 1.294201 1.275970 1.250707 1.226977 1.211869 1.193124 1.188994 1.170095 1.151012 1.134590 1.132477 1.150253 1.173918 1.194389 1.218994 1.213533 1.234048 1.250129 1.283074 1.319278 1.357541 1.396341 1.432596 1.491634 1.527329 1.523081 1.503046 1.458551 1.378050 1.307490 1.235238 1.152718 1.089121 1.003808 0.9180459 0.8338034 0.7468604 0.6590301 0.5696169 0.4788022 0.3889720 0.0000000E+00 0.0000000E+00 0.0000000E+00 0.0000000E+00 0.0000000E+00
1.225632 1.268450 1.308183 1.340208 1.370207 1.370552 1.360473 1.338874 1.322246 1.297103 1.271949 1.252415 1.229801 1.225923 1.214473 1.196301 1.174740 1.164226 1.158907 1.157454 1.166849 1.183142 1.202743 1.224513 1.248358 1.239520 1.252260 1.282547 1.307979 1.342399 1.376565 1.440320 1.482684 1.492101 1.483992 1.458064 1.419878 1.343428 1.278137 1.197759 1.134003 1.054180 0.9933402 0.9110921 0.8323453 0.7459757 0.6608142 0.5744746 0.4886748 0.4156804 0.0000000E+00 0.0000000E+00 0.0000000E+00 0.0000000E+00 0.0000000E+00
1.248577 1.283122 1.323987 1.343867 1.360656 1.366527 1.354396 1.343130 1.320992 1.297387 1.275549 1.273842 1.252382 1.238096 1.219508 1.205368 1.187334 1.177163 1.176722 1.175448 1.181348 1.193068 1.208799 1.227467 1.248655 1.235879 1.261170 1.273923 1.304153 1.335521 1.406773 1.416536 1.454716 1.463932 1.453876 1.427310 1.389683 1.316195 1.254054 1.184971 1.104341 1.028585 0.9854249 0.9074006 0.8286285 0.7530624 0.6749943 0.5912197 0.4892723 0.4195207 0.0000000E+00 0.0000000E+00 0.0000000E+00 0.0000000E+00 0.0000000E+00
1.289239 1.314809 1.333945 1.345279 1.347588 1.369789 1.364681 1.339573 1.315475 1.318440 1.296482 1.274890 1.254249 1.240699 1.224567 1.208716 1.194396 1.191579 1.191565 1.186654 1.190450 1.199079 1.211671 1.227498 1.246116 1.229480 1.252789 1.263222 1.291476 1.357034 1.383478 1.432581 1.434053 1.439853 1.429479 1.402494 1.366680 1.295284 1.234622 1.168229 1.091480 1.019706 0.9691437 0.9065636 0.8355963 0.7614809 0.6908479 0.5931749 0.5180223 0.4573731 0.3869382 0.0000000E+00 0.0000000E+00 0.0000000E+00 0.0000000E+00
1.343327 1.360954 1.355995 1.359672 1.356311 1.368547 1.372773 1.363819 1.339219 1.318095 1.296678 1.275652 1.261538 1.242705 1.225503 1.206627 1.197640 1.196920 1.198164 1.196117 1.198468 1.205022 1.211005 1.224415 1.240725 1.220545 1.242110 1.250589 1.314873 1.340927 1.366349 1.417995 1.431766 1.433771 1.411693 1.387310 1.346936 1.278831 1.218436 1.153936 1.080642 1.012668 0.9682072 0.9001477 0.8324454 0.7437131 0.6873282 0.6217968 0.5572414 0.5033066 0.4428075 0.3874989 0.0000000E+00 0.0000000E+00 0.0000000E+00
1.412403 1.422698 1.425910 1.395815 1.386812 1.384158 1.373341 1.368454 1.348175 1.327098 1.295950 1.275157 1.261377 1.242751 1.225727 1.207960 1.203405 1.193672 1.197433 1.197264 1.198326 1.203134 1.211450 1.222960 1.237342 1.209235 1.229240 1.274855 1.298772 1.323565 1.348326 1.390840 1.413365 1.420933 1.410466 1.384747 1.332352 1.262536 1.203332 1.142503 1.078794 1.008441 0.9449317 0.9026644 0.8102112 0.7574119 0.7087876 0.6543007 0.5988498 0.5569779 0.5042016 0.4587724 0.4260769 0.4002195 0.3801045
1.449419 1.452195 1.447816 1.433043 1.390303 1.388341 1.374793 1.368760 1.347398 1.325746 1.304244 1.279697 1.259730 1.240998 1.224662 1.214102 1.201343 1.191198 1.192342 1.191325 1.191121 1.197396 1.204111 1.213942 1.226614 1.199087 1.258003 1.278221 1.285279 1.308368 1.354378 1.373189 1.395159 1.404500 1.404450 1.371756 1.326044 1.258201 1.187456 1.126983 1.068216 1.002085 0.9430574 0.8825629 0.8274789 0.7748984 0.7247893 0.6792395 0.6305515 0.6117486 0.5712333 0.5332441 0.5106605 0.4914545 0.4744455
1.491080 1.484621 1.466568 1.449201 1.429384 1.398984 1.376663 1.359530 1.346217 1.323742 1.308266 1.286861 1.266424 1.238350 1.220725 1.209795 1.196417 1.185545 1.186107 1.181508 1.182944 1.184980 1.190279 1.201946 1.260511 1.224559 1.241582 1.260264 1.265572 1.286980 1.331587 1.348728 1.363281 1.374160 1.373397 1.345642 1.303957 1.235915 1.181588 1.125811 1.054852 0.9946417 0.9197859 0.8679409 0.8365151 0.7914106 0.7499092 0.7116181 0.6750827 0.6585988 0.6290968 0.6035376 0.5957295 0.5870913 0.5747003
1.536303 1.513753 1.490331 1.464932 1.444989 1.430073 1.385351 1.360838 1.350430 1.333316 1.310351 1.288269 1.267322 1.247630 1.239234 1.208915 1.194804 1.183125 1.183017 1.170837 1.168449 1.172227 1.176468 1.227938 1.245165 1.258142 1.223281 1.240580 1.244126 1.263582 1.306639 1.321198 1.331325 1.331787 1.331609 1.309388 1.274501 1.209782 1.160253 1.108346 1.062760 0.9782044 0.9277692 0.8817329 0.8425742 0.8053025 0.7730706 0.7449151 0.7188854 0.7134609 0.6950294 0.6802084 0.6772567 0.6774938 0.6715764
1.577925 1.545304 1.511177 1.489951 1.458899 1.439209 1.411195 1.358721 1.333802 1.328284 1.304352 1.281467 1.259725 1.248106 1.225008 1.208192 1.193381 1.171381 1.169976 1.163407 1.160164 1.202492 1.207423 1.210502 1.220757 1.232973 1.203306 1.219460 1.221389 1.238849 1.280462 1.292319 1.298897 1.294147 1.286502 1.274520 1.244618 1.189222 1.140961 1.093141 1.020838 0.9717640 0.9196374 0.8761267 0.8399920 0.8239731 0.8026243 0.7860405 0.7700050 0.7778527 0.7709039 0.7723957 0.7806729 0.7831937 0.8006958
1.620165 1.574113 1.531332 1.497584 1.462223 1.439320 1.408987 1.354516 1.334977 1.322584 1.296245 1.272313 1.257110 1.236401 1.213166 1.195461 1.179529 1.165800 1.206690 1.201577 1.181462 1.182464 1.186908 1.194461 1.204594 1.211920 1.179012 1.197309 1.197976 1.241632 1.254179 1.262450 1.259914 1.259803 1.254783 1.237106 1.219391 1.163634 1.124204 1.051459 1.006411 0.9598100 0.9095970 0.8675180 0.8356631 0.8265425 0.8177005 0.8109913 0.8089333 0.8281643 0.8328493 0.8475682 0.8602272 0.8789937 0.9152828
1.636719 1.582595 1.539844 1.497879 1.460207 1.435505 1.410645 1.380239 1.327428 1.301829 1.286686 1.266364 1.242745 1.221738 1.198710 1.209012 1.194783 1.182170 1.184513 1.178163 1.175442 1.176630 1.181634 1.190010 1.201050 1.213897 1.227641 1.185565 1.189202 1.232098 1.242107 1.249592 1.234966 1.233438 1.225046 1.209133 1.185753 1.164991 1.105655 1.039150 0.9932153 0.9487149 0.8987825 0.8540177 0.8230069 0.8167241 0.8310255 0.8366432 0.8426000 0.8732553 0.8886768 0.9190655 0.9444173 0.9756064 1.012230
1.654812 1.609316 1.570542 1.530931 1.493832 1.474633 1.402132 1.371118 1.340755 1.317257 1.294880 1.266796 1.239651 1.223054 1.203942 1.188399 1.172885 1.158414 1.157974 1.149930 1.146107 1.146957 1.152371 1.161732 1.174081 1.188307 1.203304 1.167597 1.168541 1.207076 1.206013 1.205926 1.209302 1.207480 1.199692 1.185494 1.164843 1.138008 1.059194 1.025228 0.9871635 0.9416535 0.8930343 0.8441454 0.8038201 0.8195619 0.8307890 0.8599801 0.8764405 0.9122405 0.9423017 0.9818178 1.024438 1.069862 1.124030
1.626576 1.593220 1.555157 1.518034 1.492301 1.464245 1.429770 1.395003 1.359115 1.315461 1.276474 1.237399 1.210990 1.201758 1.183240 1.166564 1.148703 1.131338 1.127067 1.116607 1.111382 1.112082 1.118523 1.129755 1.144386 1.165748 1.182849 1.199283 1.144153 1.187640 1.192648 1.190935 1.184768 1.183202 1.176356 1.163955 1.145965 1.122553 1.027707 1.012220 0.9790632 0.9386150 0.8962037 0.8589058 0.8357584 0.8407080 0.8511746 0.8862533 0.9073095 0.9400844 0.9935909 1.040641 1.087723 1.145604 1.216388
1.589715 1.565228 1.543251 1.510227 1.477144 1.444274 1.417623 1.402550 1.361403 1.320401 1.264298 1.222220 1.196971 1.185659 1.166876 1.144802 1.122971 1.110419 1.091742 1.077783 1.074442 1.075391 1.083888 1.098342 1.116616 1.136640 1.144067 1.163169 1.123598 1.163064 1.170239 1.177537 1.174750 1.173523 1.167559 1.156734 1.141073 1.063817 1.040888 0.9914084 0.9770380 0.9469837 0.9075634 0.8823953 0.8678455 0.8643615 0.8736559 0.8984297 0.9423292 0.9704069 1.029438 1.081848 1.135170 1.201341 1.281180
1.568752 1.544951 1.518967 1.489957 1.459951 1.429452 1.425552 1.390947 1.351757 1.313315 1.258814 1.223952 1.195211 1.177592 1.151579 1.126403 1.099167 1.079875 1.055054 1.036058 1.026366 1.027832 1.039641 1.058921 1.082289 1.095669 1.119561 1.141061 1.149205 1.145011 1.148653 1.160880 1.164640 1.158201 1.153431 1.144401 1.079354 1.062591 1.042538 0.9953191 0.9637053 0.9408398 0.9191509 0.9014397 0.8912586 0.8858035 0.9014380 0.9158747 0.9376038 0.9924725 1.054401 1.108689 1.163706 1.229203 1.314818
1.554253 1.515344 1.492622 1.467275 1.466841 1.437845 1.412698 1.380451 1.343720 1.308608 1.272581 1.223524 1.193777 1.165422 1.142831 1.109491 1.075385 1.047632 1.014014 0.9841594 0.9703330 0.9731135 0.9905913 1.017173 1.038063 1.068167 1.095984 1.120703 1.131623 1.121822 1.134252 1.142639 1.151351 1.151651 1.142099 1.134724 1.069517 1.054883 1.037649 0.9922264 0.9733034 0.9545541 0.9212635 0.9149444 0.9109307 0.9103441 0.9165850 0.9291224 0.9477344 0.9745424 1.067635 1.120314 1.169144 1.233217 1.312023
1.524579 1.528651 1.495933 1.473050 1.448172 1.421785 1.394085 1.366516 1.335926 1.304010 1.271174 1.220496 1.190175 1.161634 1.125840 1.090696 1.049183 1.010705 0.9653187 0.9263972 0.9055084 0.9089458 0.9360789 0.9663395 1.004124 1.039879 1.071970 1.099685 1.107020 1.149018 1.122730 1.131618 1.140647 1.141567 1.138872 1.127080 1.062174 1.049193 1.034194 1.017847 0.9740419 0.9585415 0.9372380 0.9226785 0.9031648 0.9019249 0.9253977 0.9357300 0.9517272 0.9755873 1.004457 1.117343 1.158903 1.213067 1.277498
1.527899 1.504329 1.472553 1.451827 1.429316 1.405422 1.380330 1.355627 1.327932 1.298932 1.268654 1.234602 1.187736 1.154415 1.117233 1.071224 1.035944 0.9813969 0.9222615 0.8646335 0.8291328 0.8430178 0.8839327 0.9339046 0.9779300 1.019452 1.055437 1.077713 1.096065 1.133982 1.148327 1.120977 1.128172 1.133474 1.131381 1.073486 1.058371 1.046521 1.034194 1.019899 0.9767551 0.9632781 0.9540222 0.9395571 0.9248189 0.9235635 0.9067878 0.9139390 0.9485604 0.9682331 0.9998557 1.078907 1.137079 1.177877 1.212080
1.505226 1.481423 1.463785 1.430959 1.410451 1.388854 1.366299 1.344443 1.319621 1.289976 1.266019 1.236123 1.185177 1.151482 1.112810 1.064231 1.019247 0.9637913 0.8939561 0.8151860 0.7411978 0.7810706 0.8495269 0.9104129 0.9632430 1.008747 1.047493 1.067348 1.092574 1.130225 1.144980 1.154549 1.122120 1.126833 1.124833 1.071311 1.055213 1.044020 1.031687 1.018778 1.005924 0.9662817 0.9496651 0.9413657 0.9255202 0.9230515 0.9306765 0.9222521 0.9308671 0.9435208 0.9604042 1.008848 1.076447 1.070436 1.123790
1.484098 1.459670 1.442491 1.410380 1.391524 1.372004 1.347683 1.322892 1.307016 1.288242 1.263120 1.235462 1.184825 1.152100 1.113701 1.064857 1.019342 0.9589792 0.8903574 0.8173335 0.7545072 0.7837914 0.8461910 0.9047000 0.9567503 1.002222 1.039515 1.062978 1.088529 1.106721 1.136876 1.145798 1.150026 1.117687 1.118727 1.066437 1.056896 1.040615 1.028839 1.016743 1.013007 0.9914271 0.9486408 0.9458089 0.9292406 0.9253688 0.9242933 0.9260864 0.9162023 0.9234021 0.9389662 0.9654153 0.9802919 0.9899659 1.003578
1.464023 1.438670 1.421496 1.403655 1.372287 1.348771 1.327883 1.310622 1.302511 1.282544 1.260673 1.236011 1.207556 1.156827 1.120520 1.085780 1.030482 0.9740658 0.9142215 0.8581596 0.8241587 0.8318862 0.8689530 0.9147274 0.9603348 1.001018 1.031301 1.061662 1.086839 1.105653 1.132838 1.140495 1.143232 1.112762 1.071824 1.062972 1.052830 1.041974 1.025221 1.021305 1.008067 0.9937131 0.9512774 0.9421977 0.9348575 0.9182882 0.9146218 0.9129826 0.9132093 0.8999180 0.8684629 0.9010326 0.9046845 0.9335931 0.9322903
1.447538 1.420666 1.402946 1.385228 1.347506 1.331852 1.312989 1.304185 1.289169 1.277822 1.259770 1.238882 1.213982 1.165959 1.132551 1.100887 1.049416 0.9986390 0.9478352 0.9015650 0.8762825 0.8754317 0.8985552 0.9313624 0.9679669 1.004912 1.033978 1.064378 1.088977 1.106907 1.130345 1.136069 1.136454 1.132959 1.089818 1.058868 1.047770 1.036673 1.026924 1.014102 1.007605 0.9896700 0.9798458 0.9364617 0.9276959 0.9088783 0.9025864 0.8975732 0.8664355 0.8558719 0.8365246 0.8618304 0.8562783 0.8745371 0.8608931
1.434991 1.399819 1.381219 1.355857 1.326406 1.312205 1.301650 1.289840 1.278618 1.267108 1.258184 1.242102 1.221908 1.178754 1.158866 1.120972 1.073183 1.026562 0.9772289 0.9396108 0.9156150 0.9092865 0.9190323 0.9421372 0.9760067 1.010058 1.039198 1.068651 1.092872 1.109782 1.128917 1.132156 1.129346 1.122099 1.082652 1.072889 1.040777 1.033165 1.025969 1.011372 0.9942676 0.9839465 0.9736226 0.9637610 0.9187561 0.8978215 0.8623541 0.8536378 0.8311905 0.8302484 0.8220074 0.8240199 0.8106520 0.7933683 0.7961090
