data/rasters/precip/precipitation_20000107.ASC
NCOLS                  300
NROWS                  325
XLLCORNER       0.0000000E+00
YLLCORNER        300000.0
CELLSIZE         1000.000
NODATA_VALUE    0.0000000E+00
[rows 24 to 47 of 325, columns 159 to 211 of 300]
0.9730533 0.9910322 1.009074 0.0000000E+00 0.0000000E+00 0.0000000E+00 0.0000000E+00 0.0000000E+00 0.0000000E+00 0.0000000E+00 0.0000000E+00 0.0000000E+00 0.0000000E+00 0.0000000E+00 0.0000000E+00 0.0000000E+00 0.0000000E+00 0.0000000E+00 0.0000000E+00 0.0000000E+00 0.0000000E+00 1.330482 1.320415 1.295593 1.274180 1.249132 1.224848 1.192707 1.158693 1.123465 1.087595 1.051610 1.016090 0.9819739 0.9516537 0.9303317 0.9171737 0.9082339 0.9006022 0.8921599 0.8826402 0.8714535 0.8571006 0.8404626 0.8212026 0.7951672 0.7626964 0.7236394 0.6796659 0.6334963 0.5877314 0.5476874 0.5103455
0.0000000E+00 0.0000000E+00 0.0000000E+00 0.0000000E+00 0.0000000E+00 0.0000000E+00 0.0000000E+00 0.0000000E+00 0.0000000E+00 0.0000000E+00 0.0000000E+00 0.0000000E+00 0.0000000E+00 0.0000000E+00 0.0000000E+00 0.0000000E+00 0.0000000E+00 0.0000000E+00 0.0000000E+00 1.293676 1.291378 1.316104 1.304840 1.287664 1.256889 1.231189 1.207316 1.175492 1.141710 1.106569 1.070602 1.034281 0.9980201 0.9621915 0.9275390 0.9060138 0.8999726 0.8952519 0.8907534 0.8851412 0.8768616 0.8682572 0.8580099 0.8441204 0.8266239 0.8036731 0.7709527 0.7285837 0.6790510 0.6268679 0.5765138 0.5297064 0.4873264
0.0000000E+00 0.0000000E+00 0.0000000E+00 0.0000000E+00 0.0000000E+00 0.0000000E+00 0.0000000E+00 0.0000000E+00 0.0000000E+00 0.0000000E+00 0.0000000E+00 0.0000000E+00 0.0000000E+00 0.0000000E+00 0.0000000E+00 0.0000000E+00 0.0000000E+00 1.276742 1.282622 1.283890 1.280363 1.277038 1.264205 1.247001 1.250066 1.214506 1.190789 1.159098 1.125470 1.090464 1.054622 1.018486 0.9826199 0.9476990 0.9153322 0.8944963 0.8883615 0.8847988 0.8821293 0.8771266 0.8724370 0.8662007 0.8571492 0.8474270 0.8331543 0.8140877 0.7838073 0.7367523 0.6805748 0.6220645 0.5662290 0.5120940 0.4637084
0.0000000E+00 0.0000000E+00 0.0000000E+00 0.0000000E+00 0.0000000E+00 0.0000000E+00 0.0000000E+00 0.0000000E+00 0.0000000E+00 0.0000000E+00 0.0000000E+00 0.0000000E+00 0.0000000E+00 0.0000000E+00 0.0000000E+00 0.0000000E+00 1.265936 1.275514 1.279551 1.278967 1.269891 1.259332 1.249547 1.231097 1.209181 1.184205 1.142781 1.143808 1.110276 1.075427 1.039841 1.004214 0.9694725 0.9366722 0.9085707 0.8899363 0.8804049 0.8747312 0.8726588 0.8706465 0.8679687 0.8638086 0.8568947 0.8492366 0.8374125 0.8217968 0.8010522 0.7446402 0.6803278 0.6163996 0.5553254 0.4955820 0.4411879
0.0000000E+00 0.0000000E+00 0.0000000E+00 0.0000000E+00 0.0000000E+00 0.0000000E+00 0.0000000E+00 0.0000000E+00 0.0000000E+00 0.0000000E+00 0.0000000E+00 0.0000000E+00 0.0000000E+00 1.231525 1.247496 1.260446 1.270914 1.276114 1.276720 1.273082 1.265260 1.248226 1.236683 1.216892 1.194111 1.168670 1.144415 1.097562 1.096309 1.061588 1.026213 0.9899811 0.9562590 0.9255430 0.8990671 0.8811477 0.8699164 0.8653758 0.8645132 0.8642682 0.8634633 0.8603693 0.8555594 0.8487533 0.8369694 0.8196808 0.7920285 0.7405370 0.6772834 0.6116579 0.5472983 0.4827749 0.4249410
0.0000000E+00 0.0000000E+00 0.0000000E+00 0.0000000E+00 0.0000000E+00 0.0000000E+00 0.0000000E+00 0.0000000E+00 0.0000000E+00 0.0000000E+00 0.0000000E+00 1.200703 1.222533 1.241282 1.258684 1.269287 1.275652 1.277978 1.275532 1.268886 1.258296 1.244025 1.220363 1.204179 1.180478 1.154509 1.130211 1.100320 1.052894 1.021919 1.012282 0.9772878 0.9434416 0.9111537 0.8855067 0.8665919 0.8571895 0.8545718 0.8560395 0.8580661 0.8592027 0.8576450 0.8536912 0.8457525 0.8335605 0.8125339 0.7799512 0.7328728 0.6742753 0.6116030 0.5447252 0.4770590 0.4132851
0.0000000E+00 0.0000000E+00 0.0000000E+00 0.0000000E+00 0.0000000E+00 0.0000000E+00 0.0000000E+00 0.0000000E+00 0.0000000E+00 1.156169 1.184361 1.210320 1.233229 1.254512 1.270420 1.278027 1.282002 1.281415 1.275854 1.266144 1.252748 1.236068 1.216471 1.192718 1.168109 1.141628 1.117427 1.086207 1.038206 1.008546 0.9782794 0.9657198 0.9309430 0.8966624 0.8675365 0.8482643 0.8411359 0.8426889 0.8478682 0.8527164 0.8558875 0.8557399 0.8524612 0.8443650 0.8308520 0.8082830 0.7750243 0.7302852 0.6760402 0.6163757 0.5505289 0.4852670 0.4155285
0.0000000E+00 0.0000000E+00 0.0000000E+00 0.0000000E+00 0.0000000E+00 0.0000000E+00 0.0000000E+00 1.096194 1.129517 1.161883 1.192564 1.220662 1.245132 1.268447 1.281112 1.288640 1.290091 1.286368 1.277478 1.264544 1.248253 1.229137 1.207621 1.184025 1.156800 1.129895 1.104343 1.074801 1.044132 0.9970162 0.9671929 0.9368358 0.9046332 0.8823116 0.8502423 0.8253571 0.8235806 0.8323887 0.8420683 0.8497629 0.8542857 0.8556293 0.8531147 0.8452283 0.8317732 0.8093131 0.7772534 0.7354246 0.6874946 0.6295375 0.5698857 0.5040692 0.4363695
0.0000000E+00 0.0000000E+00 0.0000000E+00 0.0000000E+00 0.0000000E+00 0.0000000E+00 1.059295 1.095863 1.132131 1.167461 1.201044 1.231831 1.262040 1.282815 1.295557 1.301414 1.299972 1.292654 1.280056 1.263659 1.244356 1.222795 1.199425 1.174543 1.141045 1.118629 1.093953 1.064844 1.034819 1.007145 0.9617745 0.9317655 0.8975765 0.8670561 0.8409968 0.8052140 0.8147983 0.8288872 0.8410184 0.8502949 0.8560511 0.8587156 0.8569157 0.8499062 0.8373185 0.8162308 0.7865606 0.7483317 0.7049702 0.6519891 0.5976187 0.5372326 0.4758222
0.0000000E+00 0.0000000E+00 0.0000000E+00 0.0000000E+00 0.0000000E+00 1.007166 1.052521 1.092220 1.134178 1.172726 1.209611 1.247429 1.276735 1.299489 1.312713 1.316606 1.310117 1.299855 1.283022 1.262880 1.240486 1.216532 1.191445 1.164610 1.137784 1.103943 1.088650 1.060240 1.031092 1.001249 0.9564887 0.9282011 0.8952546 0.8677120 0.8419594 0.8281164 0.8264393 0.8353162 0.8459281 0.8544886 0.8611053 0.8645574 0.8638935 0.8582712 0.8474647 0.8287145 0.8026022 0.7707891 0.7296059 0.6867076 0.6361104 0.5831571 0.5302831
0.0000000E+00 0.0000000E+00 0.0000000E+00 0.0000000E+00 0.9597539 0.9988870 1.047797 1.090113 1.132900 1.175058 1.221383 1.258959 1.292243 1.318406 1.332967 1.334316 1.323014 1.307112 1.285491 1.261418 1.235964 1.209780 1.182400 1.155506 1.132737 1.099625 1.080680 1.053313 1.025491 0.9972712 0.9687974 0.9217173 0.8970335 0.8738811 0.8543115 0.8419870 0.8440597 0.8478553 0.8551098 0.8627265 0.8691655 0.8734441 0.8740430 0.8703300 0.8620432 0.8466936 0.8247568 0.7975724 0.7624921 0.7271823 0.6844649 0.6401333 0.5963713
0.0000000E+00 0.0000000E+00 0.0000000E+00 0.0000000E+00 0.9475732 0.9904589 1.042166 1.088456 1.134425 1.182577 1.226570 1.268418 1.307982 1.339623 1.357262 1.353871 1.335354 1.311190 1.286079 1.258146 1.229859 1.201222 1.177358 1.150389 1.123705 1.097121 1.073108 1.047368 1.021119 0.9947727 0.9620375 0.9224242 0.9009788 0.8818149 0.8665207 0.8569669 0.8540730 0.8619022 0.8663617 0.8732011 0.8800420 0.8847291 0.8868771 0.8855511 0.8804317 0.8692730 0.8535498 0.8300965 0.8048197 0.7751592 0.7409624 0.7053684 0.6697544
0.0000000E+00 0.0000000E+00 0.0000000E+00 0.8916051 0.9358466 0.9801901 1.035384 1.084768 1.137318 1.185564 1.231773 1.276655 1.319035 1.358424 1.386157 1.371185 1.343470 1.313357 1.283646 1.252451 1.225892 1.195011 1.167074 1.140231 1.114541 1.088928 1.066434 1.041892 1.017652 0.9932504 0.9619867 0.9387171 0.9054985 0.8894492 0.8770515 0.8693168 0.8666300 0.8684030 0.8783476 0.8855476 0.8919039 0.8976156 0.9016616 0.9031384 0.9012337 0.8966847 0.8843009 0.8673597 0.8506461 0.8276904 0.8032897 0.7757604 0.7493441
0.0000000E+00 0.7895641 0.8305498 0.8749153 0.9220584 0.9694220 1.028089 1.080531 1.136104 1.186748 1.235367 1.280755 1.323406 1.361803 1.385799 1.371612 1.342431 1.309721 1.277107 1.246733 1.213585 1.183658 1.155823 1.129740 1.104856 1.080636 1.065017 1.037361 1.014553 0.9833974 0.9623112 0.9411677 0.9096189 0.8958696 0.8854864 0.8790848 0.8768710 0.8780347 0.8893387 0.8968031 0.9040739 0.9112446 0.9175788 0.9222130 0.9258744 0.9245355 0.9189880 0.9095915 0.9007418 0.8861705 0.8698803 0.8517683 0.8337373
0.7274771 0.7665735 0.8101004 0.8574311 0.9077994 0.9585357 1.020722 1.079797 1.134731 1.187318 1.236872 1.282184 1.322520 1.351977 1.365870 1.357644 1.333261 1.300939 1.267927 1.233262 1.200197 1.170157 1.143204 1.118649 1.095561 1.073150 1.050913 1.033331 1.012250 0.9821281 0.9612936 0.9431115 0.9128162 0.9006799 0.8880190 0.8825203 0.8802766 0.8818755 0.8865226 0.9017742 0.9103191 0.9193833 0.9284900 0.9385356 0.9457216 0.9514603 0.9519881 0.9536341 0.9494790 0.9483052 0.9409046 0.9316137 0.9219475
0.7052264 0.7422361 0.7887012 0.8394345 0.8934671 0.9480462 1.013910 1.076460 1.134138 1.188534 1.238602 1.282661 1.319399 1.343576 1.352272 1.344436 1.321713 1.291435 1.254442 1.218310 1.184154 1.154617 1.129520 1.107435 1.086811 1.066563 1.046133 1.030209 1.001002 0.9810905 0.9613478 0.9398201 0.9250587 0.8997644 0.8915668 0.8863075 0.8848512 0.8868594 0.8947870 0.9093099 0.9190283 0.9306821 0.9426790 0.9562209 0.9712323 0.9805813 0.9879206 0.9989323 1.003281 1.004996 1.007059 1.006787 1.013090
0.6764335 0.7208974 0.7666121 0.8213176 0.8795827 0.9386022 1.007815 1.074811 1.135161 1.191943 1.242720 1.285897 1.319990 1.340637 1.346748 1.337028 1.314508 1.281080 1.241536 1.200874 1.165782 1.137455 1.115605 1.097141 1.079587 1.061657 1.042901 1.031921 0.9960619 0.9767188 0.9575978 0.9400227 0.9246926 0.8993887 0.8925104 0.8878829 0.8867922 0.8892775 0.8984113 0.9081256 0.9262055 0.9422743 0.9608899 0.9771214 0.9943566 1.009860 1.024318 1.044821 1.057932 1.068740 1.080454 1.089504 1.097425
0.6460164 0.6937966 0.7482725 0.8036125 0.8668063 0.9309809 1.004758 1.075936 1.139826 1.199177 1.251287 1.295420 1.327099 1.345720 1.349708 1.338953 1.313407 1.276265 1.231220 1.184458 1.145441 1.119685 1.103367 1.089722 1.075445 1.059532 1.037137 1.017793 0.9954184 0.9761256 0.9569825 0.9396679 0.9239808 0.8981810 0.8902174 0.8856236 0.8859847 0.8917457 0.8992915 0.9105552 0.9264866 0.9530717 0.9728754 0.9937751 1.016547 1.038516 1.060355 1.090400 1.111585 1.132720 1.154396 1.173056 1.190103
0.6141674 0.6660658 0.7255624 0.7910043 0.8545809 0.9319703 1.004995 1.080945 1.149090 1.211375 1.267168 1.310929 1.342597 1.360386 1.363157 1.350424 1.322269 1.281176 1.227918 1.170223 1.121914 1.103928 1.096809 1.088333 1.076478 1.057625 1.039534 1.011755 0.9959452 0.9757344 0.9556881 0.9374632 0.9220700 0.8957096 0.8871868 0.8821909 0.8811682 0.8876215 0.8970961 0.9111858 0.9283057 0.9586645 0.9826867 1.008550 1.037113 1.065782 1.103494 1.134791 1.165098 1.196044 1.228077 1.256644 1.283126
0.5813420 0.6384784 0.7040505 0.7758670 0.8508186 0.9350511 1.009683 1.086709 1.164315 1.230767 1.288941 1.335237 1.368022 1.386411 1.388399 1.373465 1.344373 1.300295 1.243994 1.176698 1.100681 1.106795 1.105797 1.095563 1.082582 1.065814 1.046265 1.016754 0.9985855 0.9767877 0.9552400 0.9354402 0.9178160 0.9028738 0.8808575 0.8749622 0.8746243 0.8818523 0.8917149 0.9068122 0.9306168 0.9613962 0.9894142 1.020905 1.055407 1.090915 1.137100 1.175993 1.216756 1.257814 1.300539 1.340259 1.376518
0.5482790 0.6122100 0.6850237 0.7641121 0.8467396 0.9375900 1.024612 1.108929 1.186660 1.258825 1.320095 1.369212 1.405113 1.422179 1.425400 1.412035 1.382550 1.338888 1.283270 1.221618 1.169143 1.145987 1.132338 1.117632 1.100304 1.079903 1.057146 1.024606 0.9948552 0.9786400 0.9546110 0.9328936 0.9133821 0.8966645 0.8747059 0.8664540 0.8642560 0.8704814 0.8824325 0.9028859 0.9266396 0.9551853 0.9936028 1.030427 1.070977 1.113347 1.167640 1.215177 1.265593 1.317767 1.371635 1.421613 1.468990
0.5168703 0.5896631 0.6707305 0.7568216 0.8510994 0.9462348 1.040997 1.132544 1.218913 1.299109 1.361302 1.411390 1.450961 1.472975 1.477613 1.465073 1.435966 1.393717 1.341510 1.286699 1.238503 1.200688 1.174555 1.151460 1.126836 1.099489 1.064274 1.035142 1.000933 0.9729075 0.9542235 0.9299023 0.9080089 0.8890581 0.8658004 0.8564357 0.8530504 0.8565021 0.8705082 0.8911757 0.9195694 0.9520735 0.9948392 1.037209 1.083015 1.132084 1.194649 1.251412 1.311581 1.373723 1.439284 1.500955 1.559145
0.4912249 0.5749191 0.6644047 0.7577437 0.8588315 0.9626310 1.065498 1.164635 1.257615 1.339890 1.413029 1.473240 1.511906 1.537346 1.543816 1.531436 1.503245 1.461930 1.411859 1.358591 1.305483 1.261917 1.224302 1.191505 1.158271 1.124941 1.083057 1.047400 1.008782 0.9770307 0.9539157 0.9260478 0.9015243 0.8801997 0.8557779 0.8437138 0.8373940 0.8384660 0.8534793 0.8777760 0.9087497 0.9448725 0.9930905 1.040013 1.090600 1.147473 1.215812 1.281646 1.351408 1.424257 1.501688 1.575849 1.646820
0.4800087 0.5739520 0.6705396 0.7684712 0.8766875 0.9889443 1.099286 1.199849 1.300169 1.391645 1.475067 1.542203 1.590732 1.619551 1.627582 1.614987 1.582664 1.540362 1.489203 1.430467 1.375594 1.324620 1.277628 1.234492 1.192552 1.151601 1.103534 1.063519 1.017750 0.9816015 0.9490302 0.9225422 0.8949683 0.8710569 0.8453521 0.8307208 0.8200287 0.8168662 0.8341035 0.8633771 0.8977821 0.9368940 0.9810311 1.040074 1.095451 1.156584 1.232030 1.305882 1.384860 1.468186 1.557506 1.644817 1.730067
