data/rasters/precip/precipitation_20000101.ASC
NCOLS                  300
NROWS                  325
XLLCORNER       0.0000000E+00
YLLCORNER        300000.0
CELLSIZE         1000.000
NODATA_VALUE    0.0000000E+00
[rows 96 to 119 of 325, columns 165 to 219 of 300]
0.2132631 0.2527343 0.2637836 0.2634391 0.2727007 0.2759115 0.2748941 0.2750365 0.2752287 0.2752568 0.2733676 0.2724664 0.2707663 0.2650626 0.2676747 0.2610873 0.2533967 0.2468619 0.2381439 0.2294795 0.2198990 0.2111737 0.2026630 0.1953517 0.1864596 0.1753083 0.1640261 0.1569926 0.1560376 0.1664882 0.1820450 0.1995990 0.2130361 0.2231971 0.2336974 0.2430293 0.2563480 0.2717344 0.2848374 0.2967274 0.3106609 0.3201460 0.3223473 0.3154171 0.3180371 0.3232846 0.3232931 0.3097071 0.3058763 0.3058763 0.3097057 0.2881230 0.2842576 0.2842576 0.2843284
0.2263538 0.2524018 0.2520221 0.2515829 0.2649771 0.2731222 0.2721112 0.2723446 0.2727334 0.2729204 0.2725148 0.2699574 0.2678363 0.2677612 0.2608535 0.2526065 0.2441429 0.2365253 0.2284643 0.2195124 0.2087982 0.1992190 0.1898584 0.1811468 0.1718016 0.1596602 0.1453505 0.0000000E+00 0.0000000E+00 0.0000000E+00 0.1658475 0.1860161 0.2002414 0.2094402 0.2175937 0.2215593 0.2375128 0.2545163 0.2708927 0.2851126 0.2987899 0.3083975 0.3158025 0.3146183 0.3176542 0.3213822 0.3097071 0.3097071 0.3058763 0.3058763 0.3097057 0.3213259 0.2881230 0.2842576 0.2849768
0.2266841 0.2517409 0.2509720 0.2500975 0.2532405 0.2601900 0.2678360 0.2682473 0.2689972 0.2695287 0.2692431 0.2676828 0.2697017 0.2609066 0.2513076 0.2409615 0.2317852 0.2230697 0.2160989 0.2055514 0.1942004 0.1829637 0.1740190 0.1669167 0.1590614 0.1497424 0.0000000E+00 0.0000000E+00 0.0000000E+00 0.0000000E+00 0.1627159 0.1835647 0.1973873 0.2042267 0.2075465 0.2038372 0.2221403 0.2479617 0.2671357 0.2845048 0.2972006 0.3073654 0.3151481 0.3207350 0.3174797 0.3054906 0.3071185 0.3097071 0.3058763 0.3058763 0.3097057 0.3097057 0.2881230 0.2842576 0.2858395
0.2378750 0.2606805 0.2587050 0.2596186 0.2575078 0.2552758 0.2581961 0.2590080 0.2666791 0.2678395 0.2679095 0.2720843 0.2673543 0.2547195 0.2413636 0.2281957 0.2174722 0.2101164 0.2021068 0.1906128 0.1763457 0.1639457 0.1565381 0.1534134 0.1505910 0.1466041 0.0000000E+00 0.0000000E+00 0.0000000E+00 0.1500018 0.1691124 0.1866878 0.2008578 0.2084916 0.2134993 0.2158927 0.2302983 0.2516372 0.2690031 0.2857113 0.2979878 0.3066190 0.3154671 0.3209247 0.3243897 0.3055052 0.3071185 0.3071185 0.3058763 0.3058763 0.3097057 0.3097057 0.2881230 0.2881230 0.2864672
0.2376566 0.2585749 0.2619813 0.2580636 0.2544416 0.2574396 0.2560380 0.2573246 0.2598534 0.2572403 0.2587115 0.2677475 0.2638724 0.2501605 0.2332970 0.2121415 0.2050117 0.2002237 0.1913735 0.1773183 0.1587354 0.0000000E+00 0.0000000E+00 0.0000000E+00 0.1476417 0.1491487 0.1501110 0.1514765 0.1556100 0.1681014 0.1838468 0.1986060 0.2117727 0.2202746 0.2309437 0.2366533 0.2484680 0.2627902 0.2779975 0.2901822 0.3009329 0.3085148 0.3152885 0.3201508 0.3093820 0.3126600 0.3071185 0.3032284 0.2998282 0.3058749 0.3058749 0.3058749 0.3213259 0.2881230 0.2904406
0.2420737 0.2610973 0.2587431 0.2520631 0.2465241 0.2468093 0.2460114 0.2484218 0.2533625 0.2585756 0.2707583 0.2710114 0.2629822 0.2496996 0.2309604 0.2089933 0.2017632 0.1956474 0.1847454 0.1677101 0.1442464 0.0000000E+00 0.0000000E+00 0.0000000E+00 0.1469941 0.1565164 0.1638498 0.1708408 0.1797898 0.1883421 0.2007345 0.2124285 0.2235036 0.2339947 0.2484916 0.2550243 0.2647317 0.2738070 0.2845139 0.2934220 0.3016434 0.3047825 0.3078718 0.3111837 0.3051980 0.3058724 0.2999848 0.2967805 0.2968324 0.3032271 0.3058749 0.3058749 0.3164615 0.2857291 0.2900221
0.2633234 0.2611265 0.2544926 0.2465945 0.2382573 0.2348878 0.2326046 0.2378576 0.2496005 0.2622668 0.2687905 0.2716613 0.2693466 0.2585008 0.2410702 0.2245722 0.2115904 0.2003119 0.1858464 0.1673257 0.0000000E+00 0.0000000E+00 0.0000000E+00 0.0000000E+00 0.1563573 0.1688593 0.1800950 0.1895940 0.2001454 0.2114862 0.2228361 0.2343536 0.2371733 0.2550166 0.2664863 0.2722627 0.2801596 0.2879945 0.2908524 0.2966345 0.3017656 0.3059299 0.3073494 0.2987618 0.2998245 0.3003114 0.3021249 0.2928307 0.2963759 0.3001795 0.3002368 0.3002368 0.3143177 0.2842576 0.2853709
0.2621749 0.2591120 0.2512682 0.2414560 0.2300305 0.2211515 0.2191754 0.2300028 0.2469323 0.2599608 0.2694761 0.2749774 0.2756792 0.2684860 0.2569427 0.2406354 0.2272073 0.2123080 0.1962789 0.1783747 0.1599565 0.1456639 0.1459462 0.1581004 0.1729666 0.1862084 0.1973439 0.2089728 0.2200921 0.2308276 0.2406296 0.2506854 0.2561420 0.2705530 0.2825185 0.2867131 0.2925878 0.2950862 0.2980058 0.3008700 0.3033040 0.3051545 0.3047927 0.2955104 0.2959494 0.2965111 0.2987587 0.2971781 0.2947659 0.2959283 0.3000647 0.3002368 0.3170928 0.3170928 0.2845599
0.2617473 0.2583537 0.2500234 0.2393688 0.2289339 0.2145049 0.2050793 0.2271120 0.2461083 0.2614515 0.2727975 0.2801478 0.2834624 0.2796240 0.2713242 0.2595637 0.2456795 0.2286958 0.2129976 0.1965232 0.1818443 0.1737638 0.1750262 0.1819298 0.1935022 0.2060708 0.2183429 0.2300265 0.2385878 0.2482758 0.2591566 0.2648414 0.2687217 0.2813769 0.2928385 0.2997899 0.3014721 0.3020820 0.3025922 0.3028161 0.3026334 0.3020973 0.2905990 0.2900809 0.2899778 0.2918830 0.2937371 0.2933171 0.2920796 0.2941583 0.2990876 0.3000753 0.3170928 0.3193578 0.2842576
0.2650121 0.2590690 0.2563120 0.2453478 0.2333042 0.2266018 0.2234029 0.2359256 0.2523565 0.2669279 0.2782802 0.2862120 0.2910444 0.2900681 0.2845716 0.2750646 0.2626503 0.2488838 0.2317593 0.2167716 0.2059708 0.1985475 0.1993003 0.2068107 0.2159329 0.2265575 0.2374566 0.2479887 0.2577374 0.2661867 0.2724151 0.2758558 0.2783422 0.2884163 0.3015342 0.3100899 0.3130136 0.3063201 0.3046680 0.3024086 0.2996134 0.2965495 0.2839925 0.2821704 0.2818682 0.2841556 0.2870219 0.2907162 0.2977576 0.2946685 0.2974251 0.2993211 0.3142660 0.3143177 0.3193578
0.2662261 0.2675034 0.2598895 0.2562186 0.2469274 0.2439850 0.2436935 0.2512576 0.2632381 0.2750941 0.2849042 0.2921437 0.2970922 0.2984717 0.2956071 0.2886172 0.2783155 0.2652052 0.2529977 0.2371093 0.2267973 0.2268381 0.2279717 0.2317208 0.2416118 0.2510397 0.2608923 0.2703140 0.2786399 0.2877774 0.2824248 0.2816359 0.2931641 0.2935580 0.3092562 0.3087457 0.3167655 0.3139265 0.3045430 0.2998739 0.2943837 0.2812105 0.2749097 0.2718995 0.2714284 0.2743507 0.2810267 0.2866897 0.2925414 0.2913848 0.2953066 0.3116763 0.3137844 0.3143177 0.3150853
0.2755697 0.2706836 0.2717048 0.2643682 0.2586376 0.2604060 0.2612966 0.2664156 0.2751303 0.2840084 0.2914649 0.2969978 0.3005665 0.3037157 0.3036856 0.2994401 0.2902881 0.2846410 0.2731107 0.2639529 0.2568939 0.2476873 0.2480539 0.2523361 0.2593189 0.2701577 0.2764289 0.2840846 0.2927513 0.2949679 0.2939691 0.2913018 0.3004029 0.3022509 0.2955391 0.3082496 0.3093204 0.3111601 0.3054280 0.2981626 0.2873997 0.2723207 0.2651528 0.2592690 0.2600058 0.2642556 0.2732072 0.2789925 0.2869293 0.2939729 0.2956496 0.3099887 0.3151171 0.3167433 0.3201754
0.2871488 0.2827210 0.2773791 0.2720595 0.2685884 0.2732883 0.2747062 0.2784412 0.2850003 0.2917377 0.2970369 0.3002424 0.3021508 0.3060076 0.3104224 0.3088857 0.3044349 0.2959826 0.2882625 0.2808335 0.2749068 0.2651563 0.2652690 0.2687598 0.2741905 0.2788449 0.2878889 0.2934943 0.2997877 0.2990009 0.2965538 0.2957967 0.3044247 0.3036451 0.3029226 0.3144851 0.3146945 0.3041902 0.3023626 0.2958447 0.2843657 0.2634549 0.2530217 0.2446087 0.2441423 0.2504698 0.2622764 0.2714188 0.2816332 0.2938269 0.2956919 0.3103815 0.3142840 0.3182506 0.3245248
0.3020134 0.2887869 0.2841188 0.2797965 0.2843522 0.2831867 0.2846010 0.2882432 0.2928694 0.2978285 0.3014507 0.3025650 0.3013880 0.3070482 0.3111697 0.3131239 0.3097704 0.3053826 0.2999330 0.2945927 0.2901297 0.2876161 0.2789856 0.2816018 0.2852473 0.2894409 0.2936881 0.2969161 0.3010943 0.3009813 0.3005359 0.3018986 0.3102334 0.3075507 0.3065623 0.3179289 0.3175674 0.3111758 0.3024703 0.2916867 0.2782338 0.2583488 0.2412341 0.2280984 0.2257883 0.2370069 0.2528117 0.2653556 0.2803962 0.2910041 0.2940107 0.3091847 0.3139632 0.3205290 0.3293774
0.3037040 0.2905708 0.2863682 0.2838702 0.2889203 0.2879698 0.2892840 0.2924950 0.2959443 0.3003439 0.3050526 0.3056401 0.3054467 0.3103057 0.3138403 0.3147693 0.3146220 0.3138230 0.3117501 0.3068796 0.3021672 0.3008694 0.3012104 0.2962153 0.2978584 0.2990941 0.2997664 0.3003757 0.3004996 0.3041428 0.3038967 0.3033479 0.3111148 0.3103805 0.3073992 0.3144971 0.3171907 0.3103744 0.3012372 0.2895611 0.2727759 0.2543504 0.2361456 0.2148622 0.2084690 0.2285007 0.2477087 0.2649807 0.2768273 0.2897355 0.2985652 0.3086514 0.3144898 0.3230402 0.3340077
0.3050683 0.2920869 0.2877279 0.2835984 0.2883767 0.2872039 0.2883741 0.2915829 0.2960706 0.3014565 0.3054402 0.3077419 0.3108695 0.3140793 0.3141998 0.3159070 0.3178875 0.3195498 0.3194554 0.3173454 0.3169735 0.3170137 0.3154483 0.3159020 0.3157001 0.3134420 0.3085659 0.3073711 0.3074270 0.3074605 0.3077941 0.3096220 0.3171449 0.3171476 0.3165597 0.3159084 0.3246857 0.3174896 0.3078781 0.2909199 0.2717569 0.2591179 0.2415864 0.2231431 0.2196016 0.2332626 0.2506836 0.2663590 0.2776788 0.2883165 0.3074035 0.3090481 0.3158353 0.3257208 0.3381626
0.3053099 0.2985951 0.2853182 0.2803241 0.2837110 0.2817230 0.2813859 0.2879452 0.2930961 0.2980697 0.3037249 0.3076801 0.3123102 0.3157080 0.3154545 0.3184747 0.3216718 0.3230140 0.3252785 0.3268605 0.3271873 0.3344221 0.3349254 0.3338868 0.3295014 0.3192299 0.3152126 0.3108571 0.3067734 0.3055571 0.3066312 0.3076280 0.3154180 0.3172012 0.3169552 0.3182002 0.3259694 0.3195061 0.3107859 0.2998079 0.2813555 0.2681245 0.2536069 0.2450003 0.2400281 0.2475070 0.2591512 0.2716548 0.2810303 0.2905809 0.3065022 0.3077381 0.3176978 0.3279949 0.3410583
0.3001516 0.2945229 0.2860212 0.2798839 0.2738623 0.2705281 0.2738216 0.2776492 0.2843708 0.2923138 0.2981014 0.3045957 0.3110313 0.3136738 0.3166578 0.3215502 0.3244776 0.3288577 0.3326631 0.3413845 0.3442198 0.3462439 0.3462215 0.3445207 0.3416407 0.3302186 0.3217330 0.3127235 0.3057110 0.3031296 0.3045357 0.3067362 0.3147466 0.3157294 0.3159474 0.3181494 0.3189107 0.3224715 0.3149794 0.3056815 0.2896062 0.2809013 0.2710484 0.2647552 0.2633471 0.2633360 0.2707148 0.2795881 0.2861281 0.2944531 0.3096476 0.3102456 0.3146289 0.3273592 0.3502714
0.3044829 0.2929849 0.2824298 0.2713459 0.2625045 0.2593186 0.2580956 0.2629972 0.2721705 0.2828951 0.2912241 0.2999551 0.3062560 0.3125449 0.3173718 0.3225469 0.3286950 0.3399540 0.3454534 0.3503663 0.3547073 0.3597431 0.3603425 0.3571415 0.3498977 0.3408551 0.3281536 0.3151145 0.3034924 0.3007926 0.3026555 0.3058284 0.3141521 0.3157683 0.3166747 0.3197337 0.3213095 0.3248795 0.3187690 0.3112888 0.2993692 0.2922229 0.2861010 0.2816890 0.2813118 0.2817559 0.2787594 0.2871695 0.2936234 0.3054903 0.3119015 0.3111547 0.3160959 0.3244936 0.3478473
0.3015666 0.2921544 0.2860404 0.2711191 0.2547187 0.2432350 0.2396035 0.2459124 0.2591357 0.2726300 0.2855413 0.2961396 0.3026269 0.3092386 0.3179390 0.3298465 0.3376829 0.3475514 0.3545907 0.3611248 0.3669530 0.3709943 0.3715899 0.3671560 0.3599873 0.3490764 0.3348813 0.3194338 0.3038824 0.3016734 0.3029303 0.3055958 0.3140510 0.3161923 0.3202543 0.3210357 0.3234374 0.3195021 0.3226116 0.3192616 0.3073185 0.3017079 0.2974489 0.2948839 0.2952096 0.2972984 0.2974739 0.2980037 0.2943045 0.3106189 0.3155248 0.3191323 0.3167094 0.3309433 0.3403002
0.2997518 0.2894052 0.2849127 0.2679153 0.2481975 0.2265141 0.2174576 0.2309761 0.2500070 0.2671096 0.2823993 0.2936302 0.3019463 0.3099279 0.3265161 0.3337319 0.3429115 0.3516648 0.3603154 0.3686686 0.3764306 0.3815297 0.3820196 0.3769404 0.3685681 0.3569858 0.3431413 0.3273614 0.3146794 0.3081718 0.3055080 0.3062459 0.3146680 0.3168733 0.3209895 0.3217959 0.3247325 0.3227900 0.3280644 0.3227039 0.3121672 0.3089183 0.3059331 0.3055955 0.3062765 0.3081848 0.3109642 0.3099482 0.3183589 0.3179633 0.3124359 0.3149591 0.3245405 0.3268965 0.3334312
0.2994005 0.2990425 0.2876590 0.2689606 0.2474786 0.2217789 0.2069451 0.2262703 0.2463814 0.2645995 0.2777868 0.2914779 0.3050117 0.3163418 0.3277343 0.3356836 0.3457726 0.3555536 0.3654926 0.3753274 0.3845820 0.3911098 0.3905532 0.3841964 0.3746444 0.3626731 0.3495171 0.3341596 0.3222006 0.3139726 0.3096877 0.3073294 0.3156314 0.3201006 0.3215402 0.3221956 0.3280910 0.3264205 0.3231281 0.3231393 0.3138790 0.3117361 0.3107786 0.3123108 0.3141735 0.3163356 0.3186049 0.3164143 0.3279586 0.3257487 0.3230607 0.3241504 0.3182641 0.3181316 0.3217462
0.3005865 0.3058252 0.2909681 0.2740023 0.2558693 0.2392078 0.2300510 0.2371374 0.2527719 0.2684906 0.2801342 0.2963251 0.3072025 0.3161292 0.3275306 0.3355414 0.3460393 0.3565567 0.3673207 0.3777244 0.3879463 0.3976156 0.3951564 0.3856964 0.3751612 0.3630705 0.3506077 0.3369904 0.3222111 0.3126353 0.3061962 0.3031482 0.3090225 0.3123467 0.3158768 0.3165459 0.3190200 0.3256166 0.3230316 0.3175017 0.3126011 0.3102964 0.3126353 0.3160935 0.3193513 0.3219690 0.3240125 0.3299552 0.3315872 0.3322622 0.3331106 0.3309610 0.3174100 0.3148090 0.3138203
0.3161369 0.3106517 0.2976877 0.2836993 0.2699843 0.2595027 0.2553949 0.2558089 0.2662472 0.2759266 0.2879289 0.2993738 0.3088636 0.3191899 0.3273746 0.3348436 0.3450939 0.3555451 0.3660329 0.3711671 0.3815643 0.3893766 0.3884212 0.3814611 0.3718659 0.3606893 0.3495019 0.3376434 0.3237573 0.3123421 0.3057639 0.3024881 0.3149795 0.3144789 0.3155213 0.3162234 0.3187219 0.3188721 0.3164627 0.3121733 0.3064986 0.3056494 0.3122010 0.3166267 0.3204231 0.3227751 0.3315902 0.3331981 0.3289922 0.3383262 0.3365212 0.3269365 0.3202646 0.3116782 0.3072325
