data/rasters/precip/precipitation_20000106.ASC
NCOLS                  300
NROWS                  325
XLLCORNER       0.0000000E+00
YLLCORNER        300000.0
CELLSIZE         1000.000
NODATA_VALUE    0.0000000E+00
[rows 200 to 224 of 325, columns 114 to 170 of 300]
2.574740 2.563010 2.547843 2.542205 2.528751 2.515894 2.501420 2.484874 2.463076 2.436934 2.408031 2.379416 2.358371 2.345491 2.342767 2.346903 2.357216 2.370035 2.383603 2.396519 2.409318 2.423492 2.438277 2.453532 2.470492 2.490380 2.511904 2.532058 2.548719 2.560344 2.566307 2.569143 2.581735 2.622112 2.680767 2.738650 2.786893 2.819703 2.849869 2.863849 2.871636 2.871556 2.875079 2.863696 2.847728 2.828898 2.805270 2.786696 2.771909 2.763257 2.762577 2.769202 2.776402 2.769637 2.743857 2.711066 2.678873
2.571728 2.560213 2.551394 2.549366 2.540975 2.533159 2.524538 2.514501 2.498188 2.474447 2.446429 2.417726 2.393088 2.375550 2.367284 2.366099 2.372467 2.382201 2.391819 2.400186 2.409038 2.418139 2.429369 2.441242 2.453887 2.467711 2.481252 2.492576 2.499537 2.500154 2.492188 2.475330 2.458880 2.512056 2.591742 2.661942 2.717208 2.765366 2.798535 2.820686 2.829868 2.832134 2.835783 2.822282 2.802067 2.776760 2.744871 2.715716 2.688591 2.666314 2.651464 2.644364 2.640913 2.634462 2.620162 2.600799 2.578948
2.563878 2.558431 2.552525 2.548713 2.550877 2.547050 2.544755 2.539232 2.531941 2.512598 2.481954 2.448699 2.418220 2.396066 2.383115 2.377930 2.381836 2.390815 2.398286 2.400978 2.404626 2.410282 2.419411 2.427895 2.437159 2.446474 2.454834 2.460434 2.461741 2.456777 2.444750 2.424570 2.406136 2.458114 2.537926 2.609832 2.670705 2.720536 2.754753 2.783347 2.794953 2.798437 2.800863 2.784329 2.758715 2.725642 2.684032 2.642525 2.600904 2.562659 2.532295 2.513523 2.505428 2.501718 2.496160 2.489624 2.477734
2.557926 2.553113 2.550648 2.549338 2.554268 2.554949 2.554694 2.560980 2.565030 2.549158 2.509861 2.467191 2.431041 2.404485 2.387918 2.379543 2.381301 2.390180 2.396272 2.393982 2.395325 2.400476 2.407837 2.413899 2.421010 2.427657 2.432923 2.435271 2.435065 2.430741 2.422919 2.415343 2.420946 2.458144 2.517951 2.581088 2.641479 2.691319 2.728139 2.752617 2.768500 2.772340 2.772294 2.751911 2.720006 2.678264 2.628808 2.571339 2.513963 2.457653 2.409346 2.379572 2.371978 2.375853 2.380187 2.380956 2.379044
2.558285 2.554692 2.552393 2.551553 2.549970 2.552467 2.558603 2.569296 2.585486 2.578212 2.519264 2.468556 2.428550 2.399048 2.380212 2.370923 2.368249 2.372519 2.376516 2.378013 2.380420 2.387404 2.394164 2.400671 2.405962 2.411505 2.415100 2.417538 2.417948 2.417046 2.416319 2.419845 2.435056 2.468305 2.515824 2.569325 2.624040 2.671560 2.711093 2.737869 2.751019 2.753403 2.751767 2.726993 2.688121 2.637001 2.576495 2.506572 2.434066 2.358984 2.287657 2.243564 2.245425 2.261741 2.276273 2.284157 2.285748
2.550422 2.547261 2.545463 2.534648 2.540229 2.541361 2.545003 2.550396 2.557307 2.542907 2.496114 2.448584 2.409393 2.380121 2.360295 2.349298 2.345271 2.347566 2.351820 2.356400 2.361619 2.372388 2.379565 2.386822 2.391782 2.397535 2.402040 2.405027 2.407232 2.410254 2.416318 2.427502 2.447606 2.478550 2.519251 2.567438 2.615001 2.659684 2.698520 2.729277 2.741475 2.743991 2.737118 2.710139 2.663694 2.603227 2.532354 2.451857 2.367932 2.279546 2.186919 2.111164 2.143250 2.169287 2.188242 2.199916 2.205171
2.540289 2.538235 2.524992 2.522224 2.524351 2.519133 2.515164 2.514146 2.506200 2.485359 2.450324 2.410009 2.374683 2.347656 2.329271 2.320075 2.318211 2.318263 2.324385 2.332107 2.343292 2.355530 2.364249 2.373261 2.380128 2.387026 2.393154 2.397006 2.400376 2.406815 2.418474 2.434841 2.457078 2.487377 2.523898 2.567112 2.610392 2.652574 2.690958 2.723172 2.745774 2.746180 2.734968 2.699840 2.647247 2.576556 2.495846 2.407634 2.318433 2.228680 2.144207 2.089877 2.088709 2.103787 2.118810 2.129512 2.135579
2.529956 2.512892 2.508727 2.503480 2.502074 2.493534 2.483633 2.469181 2.453657 2.427078 2.395559 2.359650 2.328170 2.303717 2.288621 2.281249 2.282241 2.289996 2.300101 2.305863 2.321631 2.338054 2.350504 2.361920 2.372020 2.380800 2.387765 2.393275 2.397811 2.406516 2.422592 2.441342 2.464836 2.494171 2.527484 2.566849 2.606557 2.646553 2.684788 2.719334 2.746024 2.757259 2.742154 2.701161 2.634362 2.554484 2.464431 2.372372 2.280588 2.195966 2.124032 2.076570 2.058383 2.058129 2.064625 2.071183 2.075753
2.503573 2.499306 2.492883 2.484411 2.480825 2.465945 2.447945 2.424530 2.399387 2.372061 2.337182 2.302417 2.273314 2.251850 2.240562 2.237115 2.242777 2.254207 2.270736 2.287639 2.311076 2.322501 2.340124 2.354655 2.367645 2.376959 2.386175 2.394188 2.402255 2.413353 2.428907 2.447743 2.469997 2.496912 2.530722 2.564444 2.600593 2.638102 2.675716 2.712705 2.745151 2.766119 2.761476 2.709440 2.625774 2.528778 2.432413 2.336700 2.246110 2.166803 2.101961 2.056475 2.031335 2.021668 2.020081 2.021915 2.024109
2.497743 2.490549 2.481430 2.469017 2.458214 2.437316 2.412088 2.384547 2.347601 2.313042 2.275985 2.240661 2.212140 2.193248 2.186478 2.189500 2.201646 2.219642 2.240975 2.269130 2.295943 2.317510 2.331819 2.349495 2.365005 2.376446 2.387987 2.398402 2.408897 2.421067 2.435869 2.453382 2.473694 2.497014 2.528851 2.558275 2.590111 2.623909 2.659249 2.696783 2.733716 2.768258 2.783585 2.719402 2.607260 2.495872 2.390412 2.295740 2.208824 2.132687 2.072876 2.025482 1.997507 1.982760 1.975565 1.973724 1.973789
2.493259 2.485323 2.473496 2.456540 2.440965 2.414157 2.384398 2.346441 2.309151 2.259952 2.214187 2.177581 2.147048 2.130261 2.128959 2.139712 2.160281 2.186467 2.215232 2.252325 2.283465 2.309779 2.337226 2.358006 2.366738 2.378982 2.392792 2.404865 2.416503 2.428759 2.442410 2.457849 2.475307 2.494967 2.523326 2.547544 2.573790 2.601901 2.632112 2.664725 2.698190 2.733663 2.766582 2.683847 2.561023 2.445824 2.337404 2.238399 2.157007 2.086774 2.031568 1.990633 1.962941 1.946716 1.938075 1.933898 1.933020
2.491914 2.482507 2.468503 2.449327 2.429375 2.399426 2.360431 2.321584 2.269521 2.212073 2.157678 2.111206 2.076203 2.063430 2.069231 2.090188 2.121408 2.157283 2.199363 2.238986 2.274111 2.308380 2.338614 2.362390 2.382555 2.389168 2.400642 2.413001 2.425107 2.436565 2.448406 2.461092 2.474930 2.490121 2.509887 2.532129 2.551343 2.572025 2.601974 2.621714 2.640078 2.652353 2.641371 2.578222 2.474850 2.369327 2.269923 2.178375 2.099696 2.036542 1.985821 1.949075 1.924306 1.909025 1.900640 1.897097 1.896362
2.494296 2.483931 2.468424 2.447031 2.426587 2.389918 2.345550 2.299187 2.239339 2.174777 2.108640 2.049156 2.005868 1.991282 2.009819 2.044734 2.090969 2.141865 2.193877 2.239033 2.279070 2.318222 2.351954 2.378317 2.400285 2.418292 2.422027 2.434410 2.444936 2.454394 2.463303 2.463717 2.472913 2.486038 2.511312 2.522953 2.535071 2.544830 2.554833 2.560879 2.561570 2.551337 2.515998 2.455471 2.370495 2.277476 2.187252 2.106085 2.036856 1.980754 1.936698 1.905504 1.881950 1.869487 1.863178 1.861098 1.866039
2.500771 2.490139 2.474035 2.454314 2.428656 2.389275 2.347829 2.289227 2.222449 2.148835 2.072115 1.994503 1.934535 1.921274 1.955823 2.011272 2.074217 2.135309 2.193320 2.243233 2.287644 2.326422 2.366794 2.394798 2.417729 2.436069 2.450414 2.449427 2.458240 2.465132 2.470685 2.490608 2.495026 2.499003 2.498318 2.502184 2.505445 2.504692 2.502668 2.494399 2.473960 2.446749 2.402683 2.340625 2.262435 2.177855 2.095797 2.022481 1.961471 1.915395 1.880648 1.854819 1.839921 1.831880 1.828863 1.835307 1.840893
2.511420 2.501342 2.488544 2.465916 2.439690 2.406853 2.355101 2.293651 2.222731 2.144613 2.056856 1.963138 1.870362 1.854550 1.924803 1.999287 2.071882 2.136971 2.205328 2.259023 2.306215 2.346965 2.385673 2.417791 2.440717 2.458440 2.471548 2.480698 2.473550 2.493536 2.495666 2.495985 2.494759 2.492214 2.488090 2.481217 2.472985 2.461468 2.442774 2.422000 2.392912 2.352141 2.299172 2.233379 2.156488 2.075739 1.998760 1.931857 1.878986 1.840794 1.817229 1.803648 1.794170 1.795437 1.800608 1.807373 1.812787
2.529117 2.520127 2.505867 2.489960 2.468225 2.427126 2.375887 2.314240 2.242808 2.164835 2.076463 1.981689 1.887601 1.872163 1.945583 2.024274 2.096956 2.163589 2.227884 2.282122 2.329678 2.376877 2.411336 2.447710 2.469592 2.485709 2.496624 2.518811 2.517570 2.509277 2.506770 2.501751 2.494482 2.485228 2.473603 2.458385 2.439951 2.418761 2.392735 2.355204 2.315664 2.266176 2.205671 2.136242 2.057313 1.976137 1.900263 1.837357 1.792503 1.765327 1.753699 1.752364 1.754038 1.759730 1.770328 1.778239 1.786872
2.545326 2.539828 2.528514 2.524431 2.496380 2.458737 2.410097 2.351876 2.283499 2.209525 2.130748 2.053041 1.993712 1.982883 2.022361 2.083040 2.147468 2.209714 2.271652 2.324347 2.370764 2.410543 2.443511 2.474754 2.498967 2.518077 2.542180 2.546062 2.545367 2.526917 2.519204 2.508414 2.494810 2.478661 2.454412 2.432514 2.398140 2.375052 2.340421 2.300497 2.248948 2.191638 2.124801 2.050569 1.967454 1.882440 1.802908 1.740206 1.703567 1.690386 1.692350 1.702376 1.717972 1.732228 1.741522 1.753088 1.763882
2.564825 2.561749 2.560261 2.553690 2.532005 2.500487 2.457072 2.401906 2.340494 2.274229 2.208695 2.148937 2.109109 2.101253 2.125599 2.165627 2.218170 2.272631 2.329548 2.378669 2.422383 2.459818 2.490436 2.513986 2.555743 2.567319 2.572644 2.572286 2.566866 2.556996 2.529189 2.512476 2.492543 2.470171 2.436503 2.401082 2.372482 2.335893 2.297253 2.249183 2.193811 2.130426 2.056227 1.977983 1.890861 1.800086 1.711321 1.641377 1.615079 1.623075 1.639920 1.665550 1.686832 1.703550 1.719781 1.731635 1.744648
2.585638 2.592046 2.595241 2.586133 2.573145 2.552133 2.512288 2.461307 2.406999 2.350875 2.298266 2.252175 2.224195 2.216606 2.232430 2.265359 2.308562 2.347995 2.398811 2.443310 2.483390 2.517652 2.545133 2.580450 2.604131 2.611441 2.611995 2.606403 2.595351 2.579511 2.554338 2.522053 2.483127 2.458017 2.418043 2.383102 2.347728 2.304719 2.260046 2.206606 2.146693 2.079809 2.005528 1.922683 1.833843 1.739534 1.641192 1.545894 1.542287 1.575584 1.605753 1.633595 1.662621 1.684191 1.703094 1.719604 1.731282
2.612667 2.613325 2.620712 2.616836 2.613944 2.605421 2.568056 2.523403 2.478228 2.432850 2.390836 2.357294 2.334777 2.328759 2.339349 2.364370 2.398888 2.438897 2.476196 2.515998 2.552231 2.583016 2.620708 2.638845 2.649009 2.660253 2.655210 2.643597 2.626225 2.603869 2.564569 2.520351 2.487103 2.447120 2.408947 2.369780 2.326520 2.278271 2.228951 2.171898 2.109426 2.041239 1.967036 1.887906 1.798943 1.709342 1.619905 1.541646 1.531962 1.559773 1.589875 1.620108 1.651788 1.674431 1.694156 1.711215 1.726063
2.630317 2.632966 2.642454 2.647107 2.644457 2.635884 2.613926 2.582945 2.549707 2.516536 2.485221 2.458102 2.441266 2.436167 2.443627 2.463262 2.491432 2.525459 2.566768 2.603788 2.627124 2.666719 2.688966 2.702991 2.708219 2.713314 2.701844 2.683422 2.659066 2.617133 2.582963 2.545343 2.486534 2.446059 2.401926 2.357061 2.308757 2.256363 2.200968 2.144199 2.081353 2.013859 1.942036 1.866864 1.787773 1.708589 1.637474 1.583148 1.564876 1.574855 1.598133 1.622198 1.653263 1.674474 1.693219 1.709457 1.720783
2.644994 2.656500 2.666168 2.668704 2.669688 2.666404 2.656156 2.640355 2.620369 2.597721 2.575703 2.555152 2.541975 2.537481 2.542921 2.558363 2.582505 2.612315 2.649884 2.684021 2.725851 2.753646 2.773832 2.772216 2.772027 2.765817 2.751207 2.725153 2.680938 2.643352 2.598742 2.543096 2.496255 2.446389 2.398621 2.346682 2.294038 2.238467 2.181092 2.123343 2.061326 1.996107 1.929053 1.862138 1.791328 1.726205 1.664496 1.623525 1.604001 1.606395 1.618919 1.636757 1.665501 1.683591 1.699966 1.714418 1.723987
2.655673 2.675285 2.679463 2.685157 2.690965 2.695796 2.697129 2.694680 2.687346 2.676162 2.662691 2.646538 2.635590 2.631074 2.634859 2.647573 2.668478 2.696163 2.731620 2.773118 2.805150 2.831786 2.849729 2.856536 2.851264 2.830887 2.794407 2.754457 2.713167 2.664601 2.616569 2.554438 2.508775 2.451051 2.396114 2.338470 2.280915 2.222805 2.165527 2.107916 2.052061 1.990023 1.926522 1.862682 1.803843 1.747233 1.699485 1.661063 1.643246 1.641531 1.647826 1.660086 1.674922 1.700551 1.713742 1.722825 1.732529
2.678065 2.680710 2.686322 2.694889 2.706765 2.720008 2.733105 2.744435 2.750821 2.751236 2.743938 2.730870 2.720356 2.714827 2.716937 2.727656 2.746948 2.773695 2.815964 2.850578 2.883866 2.911475 2.925563 2.928845 2.916782 2.890990 2.847333 2.802114 2.752256 2.699257 2.632119 2.574874 2.522697 2.459178 2.399219 2.339016 2.274507 2.214068 2.155152 2.097813 2.039954 1.981152 1.926240 1.872199 1.818918 1.771142 1.731437 1.702301 1.683246 1.678515 1.681152 1.689324 1.700324 1.724101 1.731136 1.739771 1.746257
2.676277 2.678267 2.684809 2.696564 2.713778 2.735753 2.761241 2.787810 2.809808 2.821608 2.816092 2.806239 2.793570 2.785896 2.786221 2.795723 2.814262 2.841058 2.884513 2.917982 2.955506 2.987536 3.007049 3.007658 2.987614 2.940406 2.892629 2.836581 2.780416 2.708460 2.646293 2.583709 2.528594 2.458793 2.394953 2.330725 2.265374 2.203310 2.144236 2.089097 2.033458 1.979848 1.927900 1.877230 1.836090 1.782164 1.748534 1.723710 1.704968 1.699051 1.701652 1.707795 1.716672 1.737785 1.743068 1.749588 1.754181
