data/rasters/precip/precipitation_20000106.ASC
NCOLS                  300
NROWS                  325
XLLCORNER       0.0000000E+00
YLLCORNER        300000.0
CELLSIZE         1000.000
NODATA_VALUE    0.0000000E+00
[rows 125 to 149 of 325, columns 228 to 284 of 300]
2.321858 2.409019 2.494663 2.576792 2.650592 2.722244 2.784670 2.835395 2.873901 2.899026 2.919411 2.927588 2.932941 2.936045 2.936138 2.934779 2.927844 2.936132 2.934273 2.932781 2.931858 2.931588 2.921880 2.923666 2.925504 2.926972 2.902163 2.904053 2.905282 2.904067 2.901260 2.896764 2.890834 2.883990 2.906292 2.912729 2.937357 2.924950 2.871982 2.863224 2.855623 2.847379 2.841694 0.0000000E+00 0.0000000E+00 0.0000000E+00 0.0000000E+00 0.0000000E+00 0.0000000E+00 0.0000000E+00 0.0000000E+00 0.0000000E+00 0.0000000E+00 0.0000000E+00 0.0000000E+00 0.0000000E+00 0.0000000E+00
2.391252 2.478945 2.564258 2.646413 2.720740 2.793723 2.857365 2.908341 2.940264 2.958244 2.965250 2.967780 2.974072 2.972046 2.968480 2.974761 2.964673 2.960329 2.954767 2.951716 2.949682 2.948773 2.939591 2.941526 2.943803 2.920653 2.923642 2.925264 2.925925 2.923784 2.919675 2.913689 2.906028 2.896989 2.886932 2.914988 2.902060 2.882606 2.871296 2.863445 2.854850 2.846237 2.840144 0.0000000E+00 0.0000000E+00 0.0000000E+00 0.0000000E+00 0.0000000E+00 0.0000000E+00 0.0000000E+00 0.0000000E+00 0.0000000E+00 0.0000000E+00 0.0000000E+00 0.0000000E+00 0.0000000E+00 0.0000000E+00
2.462819 2.549881 2.634306 2.715802 2.790362 2.865273 2.932809 2.983880 3.008339 3.015997 3.014902 3.011602 3.005688 3.013820 3.007227 3.000049 2.987301 2.980719 2.974842 2.970091 2.965606 2.964332 2.956232 2.958793 2.961844 2.942446 2.945807 2.947451 2.947652 2.944668 2.939285 2.931646 2.922032 2.910830 2.908543 2.920148 2.905324 2.884851 2.872008 2.860531 2.850606 2.842284 0.0000000E+00 0.0000000E+00 0.0000000E+00 0.0000000E+00 0.0000000E+00 0.0000000E+00 0.0000000E+00 0.0000000E+00 0.0000000E+00 0.0000000E+00 0.0000000E+00 0.0000000E+00 0.0000000E+00 0.0000000E+00 0.0000000E+00
2.535409 2.620924 2.703214 2.782501 2.855590 2.931283 3.003668 3.063222 3.071392 3.066429 3.058405 3.054195 3.044812 3.034597 3.023800 3.022600 3.007466 2.998782 2.991027 2.984744 2.980531 2.977854 2.971387 2.975194 2.959284 2.964901 2.969085 2.971045 2.970917 2.967084 2.960300 2.950791 2.938940 2.934520 2.942452 2.925097 2.908028 2.886290 2.871711 2.858911 2.848089 2.839256 0.0000000E+00 0.0000000E+00 0.0000000E+00 0.0000000E+00 0.0000000E+00 0.0000000E+00 0.0000000E+00 0.0000000E+00 0.0000000E+00 0.0000000E+00 0.0000000E+00 0.0000000E+00 0.0000000E+00 0.0000000E+00 0.0000000E+00
2.608536 2.691220 2.769599 2.844334 2.912688 2.983351 3.050559 3.103880 3.110625 3.103980 3.094239 3.083454 3.071852 3.059643 3.047016 3.034165 3.021341 3.014485 3.004842 2.996911 2.991649 2.982856 2.984918 2.990813 2.980822 2.988324 2.993855 2.996442 2.995510 2.991343 2.982964 2.971292 2.965222 2.948215 2.949938 2.929802 2.910067 2.886740 2.870191 2.855975 2.844306 2.835112 0.0000000E+00 0.0000000E+00 0.0000000E+00 0.0000000E+00 0.0000000E+00 0.0000000E+00 0.0000000E+00 0.0000000E+00 0.0000000E+00 0.0000000E+00 0.0000000E+00 0.0000000E+00 0.0000000E+00 0.0000000E+00 0.0000000E+00
2.684053 2.764974 2.836831 2.903754 2.964193 3.023084 3.075735 3.111410 3.125139 3.123686 3.115873 3.105194 3.093076 3.080075 3.066509 3.052589 3.038552 3.021369 3.009139 3.006650 2.999959 2.992485 2.997329 2.991645 3.002966 3.013214 3.020649 3.024143 3.023093 3.017797 3.015196 3.000673 2.982865 2.980607 2.957675 2.934238 2.911331 2.885997 2.867190 2.851480 2.863563 2.855578 2.850390 2.841601 0.0000000E+00 0.0000000E+00 0.0000000E+00 0.0000000E+00 0.0000000E+00 0.0000000E+00 0.0000000E+00 0.0000000E+00 0.0000000E+00 0.0000000E+00 0.0000000E+00 0.0000000E+00 0.0000000E+00
2.756796 2.831012 2.894729 2.953629 3.002863 3.050589 3.091337 3.119089 3.132583 3.134602 3.129428 3.120271 3.108816 3.096037 3.082403 3.068170 3.053529 3.035276 3.021578 3.008951 2.994781 2.993018 2.996538 3.011098 3.026446 3.040328 3.050159 3.054746 3.053507 3.053214 3.040473 3.022991 3.001724 2.992437 2.965718 2.938416 2.931855 2.901417 2.880401 2.863956 2.852318 2.844884 2.840658 2.833429 2.832297 0.0000000E+00 0.0000000E+00 0.0000000E+00 0.0000000E+00 0.0000000E+00 0.0000000E+00 0.0000000E+00 0.0000000E+00 0.0000000E+00 0.0000000E+00 0.0000000E+00 0.0000000E+00
2.829111 2.893502 2.947768 2.995908 3.034860 3.073515 3.103989 3.125376 3.137153 3.140448 3.137269 3.129891 3.119813 3.107992 3.095059 3.081272 3.062432 3.048319 3.033703 3.019002 3.002505 2.992648 3.005414 3.026289 3.046919 3.064087 3.075643 3.092682 3.091041 3.082108 3.066483 3.045378 3.050376 3.021134 2.989895 2.957901 2.926567 2.893265 2.868961 2.850996 2.839627 2.833478 2.830788 2.825421 2.825421 0.0000000E+00 0.0000000E+00 0.0000000E+00 0.0000000E+00 0.0000000E+00 0.0000000E+00 0.0000000E+00 0.0000000E+00 0.0000000E+00 0.0000000E+00 0.0000000E+00 0.0000000E+00
2.901148 2.953821 2.994260 3.029728 3.058127 3.087277 3.112883 3.129462 3.139216 3.142747 3.140888 3.135147 3.126734 3.116402 3.104814 3.092237 3.074619 3.061382 3.047244 3.032073 3.009146 2.998795 3.023077 3.053046 3.084676 3.106968 3.122898 3.129805 3.127427 3.116076 3.096789 3.095274 3.064694 3.030767 2.994768 2.957840 2.921268 2.883976 2.855260 2.835770 2.825842 2.822100 2.821542 2.822598 2.819350 2.821012 0.0000000E+00 0.0000000E+00 0.0000000E+00 0.0000000E+00 0.0000000E+00 0.0000000E+00 0.0000000E+00 0.0000000E+00 0.0000000E+00 0.0000000E+00 0.0000000E+00
2.968636 3.002627 3.029855 3.055007 3.076904 3.097315 3.114673 3.127700 3.135891 3.141865 3.140943 3.136767 3.130118 3.121672 3.111887 3.101208 3.085902 3.074816 3.063183 3.043126 3.035890 3.034642 3.057132 3.089283 3.119805 3.145327 3.163173 3.171450 3.167814 3.153030 3.146885 3.115968 3.080228 3.041408 3.000727 2.959069 2.917246 2.874863 2.839354 2.818302 2.812464 2.812380 2.814127 2.816611 2.814605 2.816878 0.0000000E+00 0.0000000E+00 0.0000000E+00 0.0000000E+00 0.0000000E+00 0.0000000E+00 0.0000000E+00 0.0000000E+00 0.0000000E+00 0.0000000E+00 0.0000000E+00
3.013908 3.032315 3.050328 3.068486 3.084520 3.101170 3.114745 3.124126 3.131200 3.135051 3.137707 3.134992 3.130162 3.123755 3.116191 3.107937 3.095972 3.088014 3.071122 3.067744 3.067917 3.076322 3.097227 3.126803 3.158321 3.186882 3.208061 3.217535 3.212061 3.192291 3.174458 3.137245 3.095942 3.052394 3.007663 2.962332 2.916704 2.870233 2.825074 2.802077 2.804230 2.807005 2.809957 2.813034 2.811620 2.814092 0.0000000E+00 0.0000000E+00 0.0000000E+00 0.0000000E+00 0.0000000E+00 0.0000000E+00 0.0000000E+00 0.0000000E+00 0.0000000E+00 0.0000000E+00 0.0000000E+00
3.013214 3.035653 3.052991 3.069680 3.083228 3.096761 3.108344 3.117524 3.122860 3.127114 3.128623 3.127983 3.127146 3.122921 3.117826 3.112240 3.103915 3.098504 3.088944 3.090534 3.096818 3.110389 3.132737 3.162341 3.195612 3.228327 3.254979 3.267657 3.259566 3.240082 3.201365 3.156916 3.110090 3.062494 3.014892 2.967667 2.921095 2.875544 2.834503 2.811397 2.807415 2.807993 2.809821 2.812219 2.810563 2.812740 0.0000000E+00 0.0000000E+00 0.0000000E+00 0.0000000E+00 0.0000000E+00 0.0000000E+00 0.0000000E+00 0.0000000E+00 0.0000000E+00 0.0000000E+00 0.0000000E+00
2.985204 3.018000 3.040031 3.058308 3.072203 3.085320 3.096431 3.105415 3.112182 3.116977 3.118540 3.119597 3.119242 3.117787 3.116239 3.113387 3.108017 3.100806 3.102918 3.108378 3.118763 3.135609 3.159693 3.190435 3.226094 3.264067 3.299683 3.320990 3.312253 3.272756 3.223273 3.171648 3.120263 3.069938 3.021018 2.973774 2.928557 2.887066 2.852286 2.829265 2.818229 2.814061 2.813127 2.813838 2.811230 2.812687 0.0000000E+00 0.0000000E+00 0.0000000E+00 0.0000000E+00 0.0000000E+00 0.0000000E+00 0.0000000E+00 0.0000000E+00 0.0000000E+00 0.0000000E+00 0.0000000E+00
2.950424 2.989636 3.017406 3.037065 3.053888 3.067933 3.079653 3.089229 3.096687 3.102566 3.106498 3.108029 3.109683 3.110509 3.110193 3.109341 3.104772 3.106758 3.111263 3.119406 3.132331 3.151037 3.176070 3.207321 3.244138 3.285607 3.330498 3.373569 3.351433 3.292114 3.233575 3.177447 3.123858 3.072787 3.024268 2.978522 2.936060 2.898200 2.866899 2.844137 2.829905 2.822075 2.818310 2.817028 2.813111 2.813608 0.0000000E+00 0.0000000E+00 0.0000000E+00 0.0000000E+00 0.0000000E+00 0.0000000E+00 0.0000000E+00 0.0000000E+00 0.0000000E+00 0.0000000E+00 0.0000000E+00
2.915467 2.958712 2.988587 3.010780 3.029778 3.045435 3.058432 3.069179 3.077925 3.085079 3.090463 3.094155 3.096026 3.099358 3.102316 3.102830 3.104644 3.108784 3.115605 3.125887 3.140411 3.159823 3.184467 3.214288 3.248846 3.287325 3.323711 3.359117 3.339576 3.284579 3.226405 3.171335 3.118981 3.069519 3.023097 2.980001 2.940674 2.906048 2.877260 2.855161 2.839663 2.829690 2.823812 2.820791 2.815566 2.815079 0.0000000E+00 0.0000000E+00 0.0000000E+00 0.0000000E+00 0.0000000E+00 0.0000000E+00 0.0000000E+00 0.0000000E+00 0.0000000E+00 0.0000000E+00 0.0000000E+00
2.882635 2.925136 2.956735 2.980875 3.001880 3.019289 3.033848 3.046031 3.055447 3.063922 3.070064 3.075883 3.080874 3.084545 3.089042 3.092073 3.095570 3.102067 3.110391 3.121740 3.136688 3.155631 3.178675 3.205528 3.230842 3.262413 3.290780 3.305277 3.291501 3.251412 3.202225 3.153180 3.105212 3.059492 3.016624 2.977082 2.941178 2.909697 2.883270 2.862290 2.846644 2.835703 2.828560 2.824307 2.818005 2.816676 0.0000000E+00 0.0000000E+00 0.0000000E+00 0.0000000E+00 0.0000000E+00 0.0000000E+00 0.0000000E+00 0.0000000E+00 0.0000000E+00 0.0000000E+00 0.0000000E+00
2.849007 2.891528 2.922028 2.949039 2.971631 2.990656 3.006054 3.018575 3.030034 3.039791 3.048374 3.055563 3.061891 3.067641 3.067322 3.075104 3.082043 3.088190 3.098053 3.110156 3.124765 3.142387 3.162889 3.180710 3.204859 3.227725 3.244990 3.250210 3.238047 3.210011 3.171222 3.129509 3.083578 3.043005 3.004730 2.969343 2.937231 2.909025 2.885116 2.865696 2.850666 2.839619 2.831956 2.827023 2.819978 0.0000000E+00 0.0000000E+00 0.0000000E+00 0.0000000E+00 0.0000000E+00 0.0000000E+00 0.0000000E+00 0.0000000E+00 0.0000000E+00 0.0000000E+00 0.0000000E+00 0.0000000E+00
2.816572 2.858475 2.888657 2.915318 2.938763 2.958785 2.975995 2.990824 3.003614 3.014660 3.024530 3.032904 3.036655 3.044678 3.046885 3.054202 3.062602 3.069397 3.079383 3.091573 3.105176 3.116642 3.134169 3.152756 3.170969 3.186535 3.196240 3.196467 3.184887 3.162369 3.131690 3.095880 3.059723 3.020985 2.987987 2.957045 2.929025 2.904307 2.883158 2.865694 2.851840 2.841327 2.833749 2.828637 2.821200 0.0000000E+00 0.0000000E+00 0.0000000E+00 0.0000000E+00 0.0000000E+00 0.0000000E+00 0.0000000E+00 0.0000000E+00 0.0000000E+00 0.0000000E+00 0.0000000E+00 0.0000000E+00
2.784286 2.825222 2.855070 2.882551 2.906428 2.927416 2.945769 2.961805 2.975799 2.987999 2.998995 3.003461 3.012952 3.021522 3.023093 3.030364 3.039393 3.046100 3.056144 3.063110 3.075948 3.089522 3.104616 3.119174 3.132378 3.142375 3.146965 3.144098 3.132985 3.113529 3.088032 3.057990 3.027723 2.997529 2.968332 2.940794 2.917080 2.896043 2.877886 2.862698 2.850438 2.840933 2.833912 2.829043 0.0000000E+00 0.0000000E+00 0.0000000E+00 0.0000000E+00 0.0000000E+00 0.0000000E+00 0.0000000E+00 0.0000000E+00 0.0000000E+00 0.0000000E+00 0.0000000E+00 0.0000000E+00 0.0000000E+00
2.760091 2.791603 2.822583 2.849655 2.873980 2.895687 2.914990 2.932075 2.947121 2.960315 2.966515 2.977709 2.987660 2.987329 2.997514 3.006726 3.009616 3.015325 3.025080 3.035339 3.046818 3.058388 3.070196 3.081347 3.091245 3.097122 3.098137 3.093118 3.081937 3.064521 3.042719 3.017421 2.992478 2.967918 2.943576 2.920445 2.902099 2.884875 2.869879 2.857198 2.846828 2.838674 2.832563 2.828269 0.0000000E+00 0.0000000E+00 0.0000000E+00 0.0000000E+00 0.0000000E+00 0.0000000E+00 0.0000000E+00 0.0000000E+00 0.0000000E+00 0.0000000E+00 0.0000000E+00 0.0000000E+00 0.0000000E+00
2.730785 2.761165 2.790800 2.817348 2.841784 2.864047 2.884157 2.902149 2.910960 2.925809 2.938925 2.951078 2.949684 2.955806 2.966297 2.975637 2.984040 2.986079 2.995124 3.004262 3.013764 3.023957 3.033587 3.042125 3.048418 3.051921 3.050348 3.043669 3.032134 3.015813 2.996535 2.976004 2.955004 2.935548 2.916414 2.898103 2.880721 2.864433 2.859778 2.849735 2.841441 2.834865 2.829911 2.826439 0.0000000E+00 0.0000000E+00 0.0000000E+00 0.0000000E+00 0.0000000E+00 0.0000000E+00 0.0000000E+00 0.0000000E+00 0.0000000E+00 0.0000000E+00 0.0000000E+00 0.0000000E+00 0.0000000E+00
2.703599 2.733377 2.760926 2.786845 2.811361 2.834158 2.855021 2.862586 2.879996 2.895468 2.909104 2.921930 2.917527 2.928775 2.938714 2.947425 2.955043 2.955160 2.963135 2.970821 2.978688 2.987025 2.995403 3.002128 3.006316 3.007045 3.004145 2.996451 2.983890 2.967784 2.949903 2.932391 2.916361 2.901777 2.887911 2.874394 2.861205 2.848503 2.836496 2.840872 2.834735 2.829862 2.826221 2.823737 0.0000000E+00 0.0000000E+00 0.0000000E+00 0.0000000E+00 0.0000000E+00 0.0000000E+00 0.0000000E+00 0.0000000E+00 0.0000000E+00 0.0000000E+00 0.0000000E+00 0.0000000E+00 0.0000000E+00
2.677700 2.704665 2.730350 2.755712 2.769687 2.793294 2.811351 2.830661 2.847951 2.863270 2.876736 2.873726 2.885819 2.896630 2.906204 2.914599 2.921883 2.928127 2.928165 2.934967 2.941861 2.949173 2.956828 2.962461 2.965222 2.964449 2.959640 2.951317 2.937884 2.921093 2.903183 2.888246 2.876689 2.867861 2.859309 2.850394 2.841143 2.831799 2.822636 2.813898 2.827172 2.824037 2.821781 2.815877 0.0000000E+00 0.0000000E+00 0.0000000E+00 0.0000000E+00 0.0000000E+00 0.0000000E+00 0.0000000E+00 0.0000000E+00 0.0000000E+00 0.0000000E+00 0.0000000E+00 0.0000000E+00 0.0000000E+00
2.653305 2.676916 2.690423 2.714916 2.739336 2.762719 2.784351 2.803883 2.821229 2.836457 2.832986 2.845637 2.858738 2.868784 2.877563 2.885128 2.891513 2.896724 2.894592 2.899964 2.904021 2.911281 2.918104 2.924153 2.925894 2.924138 2.918863 2.909045 2.895351 2.877358 2.857858 2.842837 2.838222 2.835707 2.832092 2.827210 2.821385 2.814997 2.808389 2.801844 2.795577 2.817755 2.816885 2.811851 2.811468 0.0000000E+00 0.0000000E+00 0.0000000E+00 0.0000000E+00 0.0000000E+00 0.0000000E+00 0.0000000E+00 0.0000000E+00 0.0000000E+00 0.0000000E+00 0.0000000E+00 0.0000000E+00
2.622299 2.642559 2.664154 2.688359 2.713398 2.737355 2.759244 2.778737 2.795830 2.810655 2.808312 2.820123 2.832293 2.841448 2.849248 2.855958 2.861514 2.865932 2.861736 2.866621 2.871002 2.876604 2.881992 2.885578 2.886285 2.883911 2.881006 2.871290 2.857563 2.840765 2.818337 2.800904 2.805894 2.807952 2.807724 2.805779 2.802611 2.798637 2.794205 2.789593 2.785020 2.780648 2.811812 2.807606 2.808118 2.808986 0.0000000E+00 0.0000000E+00 0.0000000E+00 0.0000000E+00 0.0000000E+00 0.0000000E+00 0.0000000E+00 0.0000000E+00 0.0000000E+00 0.0000000E+00 0.0000000E+00
