data/rasters/precip/precipitation_20000108.ASC
NCOLS                  300
NROWS                  325
XLLCORNER       0.0000000E+00
YLLCORNER        300000.0
CELLSIZE         1000.000
NODATA_VALUE    0.0000000E+00
[rows 216 to 239 of 325, columns 55 to 109 of 300]
0.5443463 0.5479454 0.5545064 0.5613510 0.5634646 0.5706143 0.5763065 0.5771046 0.5770055 0.5728611 0.5630721 0.5578533 0.5450551 0.5306863 0.5191007 0.5138183 0.5003682 0.4852369 0.4669729 0.4467864 0.4370085 0.4186090 0.4023564 0.3976901 0.3904697 0.3905879 0.3945991 0.4022753 0.4195110 0.4349737 0.4515787 0.4618492 0.4859226 0.5143462 0.5495281 0.5912172 0.6317584 0.6741445 0.7163523 0.7553083 0.7910092 0.8340740 0.8636821 0.8896971 0.9108418 0.9315704 0.9454172 0.9582301 0.9699115 0.9978420 1.011899 1.024572 1.024279 1.038626 1.099658
0.5289704 0.5365632 0.5435342 0.5505505 0.5581840 0.5596739 0.5652497 0.5687448 0.5721912 0.5666761 0.5569680 0.5426549 0.5301872 0.5196941 0.5224200 0.5211281 0.5160955 0.5089036 0.4981559 0.4864893 0.4865111 0.4755101 0.4678910 0.4623756 0.4696310 0.4738024 0.4805124 0.4905441 0.5086548 0.5222535 0.5396792 0.5617315 0.5708130 0.5984773 0.6291417 0.6729283 0.7110239 0.7506311 0.7885897 0.8223569 0.8606016 0.8979136 0.9193135 0.9407012 0.9578587 0.9753040 0.9874818 0.9980145 1.008232 1.034245 1.045764 1.046411 1.059461 1.074041 1.135094
0.5104935 0.5198992 0.5281032 0.5356882 0.5429651 0.5444531 0.5507485 0.5589271 0.5612656 0.5589486 0.5501465 0.5377480 0.5151708 0.5094526 0.5245867 0.5319740 0.5341093 0.5327592 0.5306703 0.5303313 0.5265339 0.5326264 0.5324472 0.5360849 0.5393785 0.5601290 0.5702116 0.5843636 0.6010753 0.6157064 0.6290265 0.6516346 0.6738632 0.6989635 0.7125292 0.7553000 0.7912354 0.8286093 0.8566594 0.8938429 0.9298418 0.9590119 0.9807547 0.9991960 1.006212 1.017177 1.030209 1.037661 1.046148 1.055190 1.067968 1.081632 1.094427 1.136829 1.160504
0.4894890 0.5007582 0.5100501 0.5180099 0.5255126 0.5281101 0.5387960 0.5454606 0.5498346 0.5505902 0.5466325 0.5400773 0.5252513 0.5223933 0.5379410 0.5479811 0.5547556 0.5574608 0.5659056 0.5692507 0.5735248 0.5888084 0.5972989 0.6082842 0.6217482 0.6489022 0.6659795 0.6838067 0.6972250 0.7106830 0.7252768 0.7407867 0.7599404 0.7836060 0.8128216 0.8369864 0.8710178 0.9040539 0.9307011 0.9649867 0.9981732 1.022764 1.039546 1.053397 1.063684 1.062609 1.072584 1.078709 1.084207 1.077596 1.086145 1.104480 1.119369 1.177574 1.193258
0.4679420 0.4807783 0.4900959 0.4976322 0.5073904 0.5155813 0.5211756 0.5310676 0.5391833 0.5440819 0.5451108 0.5470939 0.5426099 0.5410994 0.5516506 0.5602357 0.5743778 0.5867360 0.5958299 0.6059213 0.6180400 0.6421631 0.6601641 0.6816662 0.7042917 0.7274755 0.7631533 0.7835925 0.7965569 0.8070846 0.8206242 0.8335754 0.8466087 0.8676967 0.8930100 0.9327858 0.9466704 0.9670307 1.002072 1.040485 1.067154 1.087557 1.101801 1.107640 1.113291 1.117264 1.104505 1.097926 1.098615 1.103926 1.111357 1.120902 1.141212 1.209942 1.224378
0.4475787 0.4608352 0.4693601 0.4774478 0.4824603 0.4908741 0.5005780 0.5151967 0.5281411 0.5377920 0.5439174 0.5526981 0.5552574 0.5583247 0.5673216 0.5760739 0.5898940 0.6084200 0.6223174 0.6400163 0.6596830 0.6910549 0.7178974 0.7517281 0.7863338 0.8210370 0.8624745 0.8853959 0.8969774 0.9032537 0.9112386 0.9205306 0.9340704 0.9481732 0.9714696 1.010879 1.039204 1.057383 1.075373 1.110276 1.134139 1.149988 1.158444 1.158066 1.157931 1.156912 1.144751 1.136414 1.138259 1.139747 1.146622 1.155819 1.194042 1.230765 1.253939
0.4297840 0.4427157 0.4496993 0.4535837 0.4535204 0.4605779 0.4797722 0.4986394 0.5171562 0.5314964 0.5420513 0.5560728 0.5627117 0.5759814 0.5819749 0.5920671 0.6042829 0.6189169 0.6367203 0.6657912 0.6924709 0.7333478 0.7731036 0.8160071 0.8676658 0.9177642 0.9604121 0.9914290 0.9948599 0.9927784 0.9946906 1.000315 1.010256 1.026129 1.043422 1.082799 1.096051 1.131002 1.164508 1.199552 1.205862 1.216998 1.218953 1.201216 1.196071 1.189000 1.183926 1.186137 1.173510 1.174358 1.181056 1.190272 1.209444 1.240714 1.258105
0.4157386 0.4279574 0.4352454 0.4329322 0.4240128 0.4234863 0.4567999 0.4842971 0.5076534 0.5257313 0.5448103 0.5574909 0.5668452 0.5860537 0.5961196 0.6004865 0.6139145 0.6307080 0.6519152 0.6768795 0.7097988 0.7523459 0.8156773 0.8705841 0.9358401 1.006007 1.071410 1.097971 1.086453 1.075598 1.068613 1.068473 1.075438 1.089437 1.111821 1.144449 1.160966 1.198513 1.236944 1.273183 1.295327 1.298200 1.294594 1.244013 1.227534 1.228350 1.219866 1.215525 1.219983 1.189772 1.196651 1.231548 1.261976 1.272577 1.281501
0.4047016 0.4185863 0.4240045 0.4216962 0.4139177 0.4156529 0.4479599 0.4797024 0.5012057 0.5212666 0.5428539 0.5586545 0.5714619 0.5896605 0.5999570 0.6099519 0.6181195 0.6345727 0.6582434 0.6887369 0.7268498 0.7769905 0.8400793 0.9069438 0.9789867 1.064171 1.165455 1.176048 1.153199 1.136656 1.126697 1.124641 1.130283 1.143455 1.159847 1.197747 1.214980 1.248492 1.295259 1.341487 1.366398 1.364223 1.349242 1.325082 1.288334 1.273008 1.276780 1.231812 1.235053 1.223849 1.228046 1.263445 1.293969 1.304728 1.311790
0.4014711 0.4114911 0.4163828 0.4178945 0.4202094 0.4298569 0.4519418 0.4784001 0.5030913 0.5209296 0.5442192 0.5585116 0.5804659 0.5906727 0.6002098 0.6091145 0.6150704 0.6330825 0.6581756 0.6917022 0.7354608 0.7834144 0.8533738 0.9249935 1.000041 1.080232 1.151882 1.176426 1.177629 1.165211 1.157078 1.155461 1.161076 1.174226 1.189082 1.215580 1.247769 1.294487 1.349296 1.410629 1.443243 1.419039 1.386916 1.358878 1.317039 1.298579 1.286709 1.295321 1.301516 1.307511 1.330586 1.343570 1.372169 1.382304 1.386021
0.3986529 0.4063196 0.4107613 0.4156043 0.4227128 0.4355206 0.4548990 0.4802727 0.5035301 0.5198345 0.5439990 0.5586731 0.5809971 0.5889603 0.5966206 0.6044095 0.6107939 0.6213180 0.6466455 0.6826502 0.7302030 0.7852977 0.8599247 0.9295594 1.000429 1.069282 1.128989 1.155322 1.162738 1.179083 1.178186 1.180590 1.188303 1.195681 1.216787 1.228374 1.274422 1.320970 1.376731 1.443635 1.485116 1.445449 1.407947 1.377284 1.333661 1.314626 1.302692 1.297471 1.317574 1.324719 1.363566 1.364210 1.394700 1.407969 1.412624
0.3943481 0.3982515 0.4029322 0.4100651 0.4227607 0.4378174 0.4579709 0.4807380 0.5037474 0.5250871 0.5404365 0.5647692 0.5760692 0.5858985 0.5907363 0.5943230 0.5982026 0.6101542 0.6292844 0.6690085 0.7201802 0.7795112 0.8557193 0.9227574 0.9907138 1.051463 1.105537 1.135634 1.150518 1.179991 1.186423 1.193516 1.196638 1.211536 1.232324 1.240810 1.291598 1.326578 1.379023 1.422489 1.444217 1.431875 1.404467 1.379053 1.358193 1.320489 1.310129 1.306248 1.313739 1.357323 1.370358 1.378104 1.411484 1.430664 1.440929
0.3908609 0.3857894 0.3900418 0.3995246 0.4124596 0.4313927 0.4539677 0.4771201 0.5013533 0.5238289 0.5513354 0.5683023 0.5792323 0.5874121 0.5887710 0.5865369 0.5846956 0.5856007 0.6031209 0.6464837 0.7053119 0.7729672 0.8478724 0.9140742 0.9764011 1.034029 1.085408 1.115977 1.137611 1.174453 1.186465 1.189965 1.202131 1.217608 1.210348 1.241448 1.289877 1.323511 1.351793 1.388595 1.403709 1.401680 1.384894 1.367553 1.351826 1.316878 1.309204 1.307198 1.339144 1.347975 1.372018 1.393791 1.417076 1.443164 1.466410
0.3722967 0.3665456 0.3655799 0.3783292 0.3974800 0.4211849 0.4480658 0.4761176 0.5035136 0.5271115 0.5678931 0.5846364 0.5862350 0.5932999 0.5915912 0.5833125 0.5705196 0.5565560 0.5676708 0.6203314 0.6906767 0.7652739 0.8412666 0.9064791 0.9658213 1.024110 1.069252 1.099766 1.123742 1.164154 1.174300 1.187418 1.200903 1.216286 1.205047 1.233339 1.279135 1.305779 1.323811 1.353917 1.365736 1.367910 1.361398 1.347702 1.337333 1.329162 1.300847 1.300731 1.332621 1.341083 1.354254 1.383117 1.404804 1.431175 1.462724
0.0000000E+00 0.0000000E+00 0.0000000E+00 0.0000000E+00 0.3771514 0.4074366 0.4403809 0.4737562 0.5056970 0.5451955 0.5689878 0.5960985 0.6080691 0.6039105 0.6030260 0.5914016 0.5716095 0.5380641 0.5179725 0.6072227 0.6892955 0.7654770 0.8399270 0.9032264 0.9597027 1.009738 1.058348 1.084813 1.104372 1.121916 1.167334 1.181615 1.195391 1.209967 1.194266 1.219593 1.240141 1.283878 1.294222 1.320621 1.330345 1.334520 1.332386 1.323368 1.317448 1.312642 1.286439 1.309407 1.318875 1.325674 1.335641 1.351131 1.374253 1.385925 1.403363
0.0000000E+00 0.0000000E+00 0.0000000E+00 0.0000000E+00 0.0000000E+00 0.3960607 0.4371931 0.4777990 0.5159384 0.5551742 0.5838967 0.6135879 0.6274959 0.6336549 0.6256662 0.6168092 0.5992880 0.5757009 0.5774643 0.6374131 0.7081679 0.7804629 0.8457801 0.9061463 0.9607223 1.006469 1.052891 1.069130 1.091386 1.108263 1.157711 1.174489 1.187593 1.200727 1.187601 1.202762 1.218973 1.260529 1.275457 1.289265 1.298549 1.302529 1.302941 1.301068 1.294304 1.292083 1.316583 1.290984 1.299146 1.303151 1.308180 1.315705 1.344879 1.332914 1.312239
0.0000000E+00 0.0000000E+00 0.0000000E+00 0.0000000E+00 0.0000000E+00 0.3810115 0.4312338 0.4798524 0.5351503 0.5755149 0.6091217 0.6419209 0.6591909 0.6703581 0.6666676 0.6561193 0.6485509 0.6425189 0.6553413 0.6931757 0.7418117 0.7976879 0.8587893 0.9171521 0.9674401 1.003235 1.046481 1.066103 1.086253 1.101516 1.148177 1.160715 1.179002 1.190176 1.172781 1.184677 1.197150 1.209637 1.248649 1.259980 1.268080 1.272235 1.274033 1.274192 1.269384 1.296306 1.294351 1.292860 1.275046 1.275605 1.274931 1.295395 1.284567 1.270234 1.230506
0.0000000E+00 0.0000000E+00 0.0000000E+00 0.0000000E+00 0.0000000E+00 0.3786252 0.4299413 0.4967197 0.5501941 0.5970560 0.6359991 0.6730872 0.6958112 0.7080364 0.7135279 0.7132308 0.7126201 0.7101063 0.7235690 0.7502025 0.7806493 0.8192699 0.8818124 0.9358702 0.9764974 1.012840 1.052342 1.068168 1.085225 1.097804 1.143733 1.154146 1.166450 1.175088 1.157721 1.166524 1.175730 1.184995 1.223369 1.234122 1.239740 1.243676 1.246089 1.278504 1.277093 1.272159 1.269891 1.267181 1.248201 1.245219 1.259419 1.250457 1.231105 1.207585 1.159336
0.0000000E+00 0.0000000E+00 0.0000000E+00 0.0000000E+00 0.0000000E+00 0.3769805 0.4555954 0.5118626 0.5732967 0.6269673 0.6732329 0.7144910 0.7385874 0.7537703 0.7620679 0.7681357 0.7716906 0.7779884 0.7875794 0.8078478 0.8338506 0.8700618 0.9157609 0.9599444 0.9979573 1.028922 1.063853 1.075148 1.088234 1.097218 1.141375 1.148949 1.155269 1.176573 1.136285 1.141985 1.148169 1.161772 1.168180 1.222190 1.213345 1.216779 1.254206 1.253858 1.252452 1.247200 1.244158 1.239902 1.265140 1.233420 1.220658 1.206152 1.186822 1.158583 1.106329
0.0000000E+00 0.0000000E+00 0.0000000E+00 0.0000000E+00 0.0000000E+00 0.3922565 0.4739798 0.5493145 0.6081829 0.6688015 0.7185947 0.7566106 0.7894006 0.8059210 0.8155675 0.8229656 0.8284524 0.8374504 0.8485014 0.8682030 0.8957297 0.9227785 0.9586966 0.9943224 1.025627 1.050805 1.073345 1.086656 1.094978 1.099563 1.141058 1.145224 1.148403 1.167514 1.122158 1.125000 1.128485 1.132498 1.136365 1.179391 1.184753 1.228655 1.229051 1.228405 1.226680 1.220536 1.267100 1.251357 1.239484 1.219354 1.185883 1.168733 1.142046 1.113335 1.060289
0.0000000E+00 0.0000000E+00 0.0000000E+00 0.0000000E+00 0.0000000E+00 0.4153490 0.5039538 0.5856058 0.6647585 0.7340261 0.7755290 0.8158892 0.8460624 0.8614206 0.8697110 0.8752227 0.8810208 0.8904122 0.9026037 0.9214641 0.9535852 0.9805252 1.013408 1.032161 1.057894 1.077583 1.094489 1.102120 1.104925 1.104376 1.142453 1.142778 1.142537 1.159302 1.108923 1.109028 1.110014 1.111305 1.113740 1.163014 1.206510 1.206988 1.206649 1.205362 1.270795 1.258222 1.242364 1.222512 1.203797 1.176403 1.156098 1.129213 1.103658 1.076851 1.028929
0.0000000E+00 0.0000000E+00 0.0000000E+00 0.0000000E+00 0.3605514 0.4535673 0.5468556 0.6383779 0.7209396 0.7971623 0.8562971 0.8966905 0.9076383 0.9234667 0.9256029 0.9281377 0.9312986 0.9387354 0.9499794 0.9689201 1.001683 1.026528 1.056461 1.085567 1.103570 1.120926 1.108059 1.120786 1.117273 1.110893 1.144960 1.141164 1.148959 1.146313 1.096424 1.093942 1.092122 1.140998 1.141765 1.142805 1.164126 1.277228 1.271378 1.263333 1.252663 1.238779 1.220745 1.197738 1.173249 1.133438 1.113500 1.111026 1.073067 1.043564 1.005092
0.0000000E+00 0.0000000E+00 0.0000000E+00 0.0000000E+00 0.4128929 0.5055383 0.6017613 0.6994610 0.7910406 0.8750311 0.9400975 0.9780689 0.9918156 0.9958928 0.9806060 0.9758275 0.9745275 0.9799122 0.9903957 1.016816 1.043052 1.067476 1.096740 1.124575 1.147569 1.162875 1.151623 1.159618 1.152606 1.143356 1.180033 1.175313 1.185661 1.182528 1.126374 1.230567 1.230466 1.230059 1.229211 1.227761 1.206894 1.243249 1.257069 1.248321 1.236965 1.222384 1.203642 1.189330 1.156918 1.119926 1.098929 1.095088 1.080072 1.020930 0.9906192
0.0000000E+00 0.0000000E+00 0.0000000E+00 0.3983887 0.4763096 0.5668499 0.6645988 0.7681721 0.8732767 0.9682633 1.039719 1.070218 1.068832 1.056332 1.037942 1.022266 1.015604 1.019696 1.021592 1.049680 1.077321 1.102628 1.133191 1.162314 1.185457 1.193678 1.192518 1.180355 1.165627 1.149972 1.182889 1.263528 1.263724 1.263512 1.199790 1.223226 1.221519 1.219705 1.217631 1.215120 1.192370 1.230127 1.244530 1.235391 1.223830 1.209329 1.191193 1.180783 1.153171 1.125313 1.103525 1.094252 1.075679 1.047338 1.014083
