data/rasters/precip/precipitation_20000106.ASC
NCOLS                  300
NROWS                  325
XLLCORNER       0.0000000E+00
YLLCORNER        300000.0
CELLSIZE         1000.000
NODATA_VALUE    0.0000000E+00
[rows 100 to 124 of 325, columns 114 to 170 of 300]
1.060234 1.072071 1.085502 1.100584 1.117135 1.134570 1.152254 1.169673 1.187069 1.205325 1.226641 1.255580 1.300255 1.359391 1.427817 1.498155 1.567080 1.627954 1.680137 1.722965 1.756550 1.781564 1.799047 1.809869 1.815441 1.819732 1.824062 1.829025 1.837070 1.838168 1.835918 1.830352 1.822090 1.809886 1.795895 1.775357 1.752412 1.729891 1.700068 1.674615 1.648638 1.611694 1.576079 1.553029 1.525860 1.498322 1.477672 1.449201 1.419895 1.389298 1.359455 1.329587 1.300920 1.271113 1.246506 1.227094 1.216030
1.119596 1.135140 1.150340 1.166926 1.184870 1.203622 1.222338 1.240490 1.258912 1.279486 1.306124 1.339315 1.383035 1.437476 1.499230 1.563240 1.624816 1.681860 1.728295 1.764449 1.790790 1.808186 1.817754 1.820385 1.818719 1.813812 1.813425 1.819874 1.823158 1.823595 1.820807 1.814390 1.805014 1.794101 1.779128 1.756179 1.743486 1.720870 1.684428 1.649119 1.621710 1.593948 1.557876 1.533872 1.505582 1.484426 1.455237 1.424314 1.393118 1.361941 1.327781 1.295666 1.264261 1.231968 1.203063 1.179196 1.164931
1.184002 1.199796 1.216566 1.235493 1.255007 1.275780 1.296241 1.314702 1.334549 1.357215 1.385312 1.420737 1.464749 1.517000 1.575102 1.635160 1.692742 1.743044 1.785122 1.814107 1.832086 1.840857 1.842011 1.836406 1.825917 1.811556 1.804648 1.810495 1.813195 1.812226 1.808299 1.801339 1.790674 1.777956 1.764759 1.740845 1.709957 1.685039 1.671664 1.644291 1.604903 1.576631 1.540230 1.517527 1.494592 1.465019 1.434766 1.403161 1.367250 1.334985 1.301439 1.268311 1.232761 1.197984 1.164201 1.134020 1.113709
1.252356 1.268784 1.286039 1.304726 1.325409 1.348816 1.372875 1.389823 1.408806 1.432591 1.462397 1.499308 1.544012 1.595602 1.652360 1.710918 1.766687 1.814186 1.848691 1.870428 1.878744 1.878009 1.871012 1.857497 1.840596 1.821592 1.810194 1.806880 1.804708 1.799849 1.791986 1.782894 1.770451 1.755321 1.732306 1.710663 1.692941 1.668558 1.641539 1.614025 1.602866 1.559911 1.523310 1.500141 1.477445 1.447271 1.412923 1.381698 1.346621 1.313840 1.279747 1.245762 1.208908 1.171825 1.133994 1.096562 1.064780
1.324399 1.340320 1.356929 1.374910 1.394897 1.417867 1.440739 1.459249 1.479352 1.504459 1.535682 1.573737 1.618924 1.670760 1.728040 1.787503 1.844747 1.892060 1.920843 1.930266 1.926359 1.916128 1.899950 1.881678 1.860883 1.840784 1.828005 1.813929 1.802976 1.793427 1.784133 1.771331 1.756508 1.735796 1.708985 1.686062 1.667096 1.642832 1.615730 1.588138 1.569357 1.560600 1.507258 1.493123 1.457905 1.427475 1.396844 1.365221 1.329318 1.296792 1.263112 1.229528 1.193046 1.156042 1.117569 1.077182 1.034926
1.403538 1.414044 1.428740 1.445811 1.463327 1.482663 1.502697 1.522761 1.544858 1.571385 1.603706 1.642652 1.688472 1.740600 1.798328 1.860019 1.922251 1.976009 1.998365 1.991309 1.973227 1.950032 1.929257 1.904895 1.882890 1.860895 1.843797 1.820448 1.805834 1.789845 1.776468 1.760591 1.739011 1.719769 1.690279 1.666647 1.648429 1.624794 1.597790 1.570142 1.542230 1.501554 1.518789 1.474205 1.444563 1.412880 1.382575 1.351410 1.315280 1.283777 1.252571 1.218941 1.185431 1.151067 1.117002 1.083935 1.056804
1.481567 1.492718 1.502663 1.515287 1.529426 1.545438 1.563146 1.582766 1.605615 1.633039 1.666090 1.705306 1.750802 1.802325 1.859487 1.922274 1.988365 2.056446 2.070387 2.040402 2.010104 1.980170 1.951595 1.922909 1.898768 1.876856 1.856684 1.825604 1.807113 1.790446 1.769073 1.745413 1.725274 1.703099 1.672135 1.647733 1.621702 1.607076 1.580146 1.552702 1.539346 1.498515 1.466178 1.432308 1.430891 1.400320 1.370322 1.340055 1.304225 1.274405 1.245588 1.214665 1.184420 1.155723 1.129367 1.107646 1.096786
1.561331 1.570172 1.577655 1.583652 1.593787 1.606188 1.621019 1.639113 1.661396 1.688789 1.721887 1.760852 1.805483 1.855278 1.909881 1.967518 2.026588 2.079072 2.090695 2.065521 2.034127 2.001435 1.968981 1.937703 1.908047 1.884836 1.868631 1.829619 1.805913 1.785820 1.759124 1.733917 1.711548 1.687449 1.654297 1.629150 1.602685 1.589640 1.562791 1.551103 1.523120 1.477374 1.449858 1.428103 1.389360 1.363422 1.359845 1.330816 1.295689 1.269358 1.241946 1.213952 1.188822 1.166144 1.147582 1.136080 1.135816
1.645774 1.648296 1.650959 1.654364 1.659500 1.665051 1.676125 1.691576 1.712327 1.738975 1.771602 1.809796 1.853116 1.899558 1.948534 1.997867 2.043417 2.076712 2.085634 2.070914 2.043953 2.013154 1.980288 1.947803 1.918795 1.890041 1.865602 1.848793 1.802611 1.774846 1.749398 1.724212 1.695851 1.671587 1.636504 1.610697 1.583855 1.557572 1.561946 1.534565 1.487618 1.460841 1.434039 1.413199 1.375882 1.349748 1.325207 1.323260 1.289089 1.265152 1.238970 1.216066 1.195545 1.178610 1.167019 1.163224 1.169901
1.728118 1.724750 1.723785 1.721481 1.720981 1.723366 1.729765 1.739509 1.758024 1.783561 1.815577 1.852948 1.893704 1.936462 1.979306 2.019665 2.053614 2.075619 2.080818 2.069201 2.046231 2.016860 1.986335 1.954796 1.923065 1.892865 1.866976 1.844555 1.779887 1.757963 1.738315 1.709155 1.682418 1.655798 1.618507 1.592173 1.581673 1.555205 1.530699 1.512526 1.470590 1.444618 1.418754 1.393069 1.373996 1.338558 1.314171 1.289857 1.263386 1.261602 1.239860 1.220425 1.203999 1.191805 1.185471 1.186388 1.197972
1.812227 1.802578 1.793298 1.785221 1.780692 1.776740 1.777239 1.784741 1.798388 1.822968 1.854985 1.891479 1.930308 1.969230 2.006073 2.038394 2.063188 2.077142 2.078239 2.067620 2.046403 2.018624 1.987050 1.954612 1.922962 1.893550 1.864569 1.812853 1.770069 1.738971 1.709224 1.686028 1.658354 1.631409 1.615629 1.587640 1.562648 1.536348 1.507453 1.495545 1.453721 1.428627 1.403784 1.376592 1.359481 1.325134 1.307487 1.285740 1.257883 1.240398 1.240048 1.223646 1.210634 1.202149 1.199508 1.203984 1.218298
1.895588 1.879799 1.864563 1.850118 1.836933 1.827861 1.820998 1.821851 1.834882 1.859828 1.893021 1.927178 1.964591 2.000027 2.031721 2.057168 2.074627 2.082338 2.079320 2.066037 2.044206 2.016264 1.984687 1.951608 1.919791 1.888677 1.833723 1.802771 1.757673 1.724922 1.691851 1.662187 1.666916 1.638955 1.596891 1.568844 1.540649 1.507942 1.480156 1.456206 1.432280 1.408674 1.385423 1.367022 1.350671 1.329098 1.297670 1.274965 1.253151 1.236402 1.222250 1.225635 1.215236 1.209368 1.209267 1.215613 1.231098
1.975205 1.955004 1.934864 1.915030 1.895506 1.876912 1.863170 1.855118 1.864206 1.891327 1.928387 1.967300 2.004039 2.036349 2.059626 2.078479 2.089126 2.090544 2.082585 2.065901 2.041861 2.012397 1.979575 1.946564 1.912654 1.855753 1.821847 1.789508 1.735568 1.728246 1.696518 1.666203 1.637134 1.609135 1.577200 1.548751 1.521589 1.489286 1.461737 1.421373 1.412100 1.392616 1.375137 1.356192 1.335311 1.318430 1.283770 1.265211 1.246996 1.232461 1.219178 1.210408 1.217877 1.213504 1.214486 1.221337 1.236687
2.049861 2.026611 2.004261 1.981333 1.956871 1.931316 1.905365 1.884211 1.888419 1.924857 1.968430 2.009182 2.044659 2.073057 2.093854 2.106466 2.110518 2.105948 2.092954 2.072408 2.045601 2.013887 1.979758 1.944362 1.908743 1.855961 1.820872 1.787529 1.745160 1.708698 1.676116 1.645198 1.615786 1.587705 1.546403 1.528345 1.496069 1.470029 1.424718 1.404047 1.400981 1.378281 1.356341 1.337427 1.317335 1.300898 1.281099 1.255279 1.242335 1.227910 1.217808 1.206081 1.202272 1.212453 1.212883 1.220709 1.235448
2.120275 2.097281 2.073574 2.048803 2.022410 1.994170 1.962545 1.926265 1.920244 1.974025 2.021110 2.060704 2.092180 2.115115 2.129725 2.135117 2.131786 2.120145 2.100720 2.074572 2.043018 2.007177 1.970024 1.931910 1.878006 1.838440 1.798461 1.765106 1.723502 1.678679 1.653411 1.622183 1.592708 1.564801 1.523794 1.491783 1.475245 1.432779 1.410557 1.388787 1.385379 1.363941 1.343338 1.325838 1.307189 1.287729 1.271492 1.243481 1.232251 1.219177 1.211108 1.205694 1.201122 1.211444 1.210793 1.216696 1.228621
2.185966 2.165065 2.143106 2.119777 2.094903 2.068974 2.041330 2.017910 2.019337 2.052664 2.091213 2.124066 2.148700 2.164174 2.170331 2.168223 2.156894 2.137637 2.111215 2.077398 2.040025 1.999477 1.958208 1.916738 1.859573 1.815706 1.776203 1.733508 1.699158 1.653757 1.628361 1.597112 1.567852 1.540373 1.499376 1.468701 1.444091 1.416798 1.391462 1.370886 1.353318 1.349114 1.329853 1.313735 1.292317 1.275286 1.263209 1.236427 1.226560 1.218058 1.207690 1.203006 1.200257 1.196334 1.206597 1.209131 1.217824
2.248189 2.231460 2.212776 2.193107 2.173408 2.152841 2.134432 2.123492 2.128275 2.148633 2.175351 2.198139 2.213450 2.219599 2.216354 2.204138 2.183600 2.156146 2.121146 2.081537 2.037615 1.992316 1.946493 1.889143 1.841474 1.791906 1.750638 1.706750 1.670239 1.637936 1.600938 1.569963 1.541198 1.514407 1.469512 1.444685 1.408290 1.395984 1.371888 1.352574 1.334167 1.333781 1.315868 1.296577 1.279819 1.265145 1.253551 1.228864 1.220295 1.212986 1.203669 1.199749 1.197351 1.194455 1.194674 1.202027 1.205076
2.308111 2.295940 2.282085 2.267214 2.253427 2.240044 2.230589 2.227537 2.234022 2.249008 2.266244 2.279892 2.284662 2.279857 2.265655 2.242875 2.212340 2.174284 2.131597 2.083606 2.032297 1.980426 1.929083 1.865893 1.816911 1.770975 1.728406 1.684356 1.639720 1.607266 1.563873 1.540744 1.512766 1.486362 1.454287 1.406193 1.385317 1.365679 1.351834 1.333851 1.316807 1.310826 1.295543 1.283196 1.267778 1.254455 1.241608 1.220847 1.213551 1.207459 1.201914 1.196349 1.192022 1.192413 1.193685 1.199204 1.199731
2.368530 2.358474 2.349590 2.341189 2.332988 2.326283 2.323466 2.326302 2.335338 2.348386 2.360561 2.365537 2.359835 2.342707 2.316206 2.281387 2.240463 2.193186 2.140172 2.083030 2.023182 1.964528 1.896510 1.840535 1.788252 1.740058 1.697159 1.651425 1.614434 1.581024 1.543613 1.508125 1.482614 1.457459 1.412581 1.381239 1.361712 1.343465 1.323385 1.314748 1.294176 1.293481 1.280457 1.268350 1.255240 1.243233 1.231686 1.222351 1.206385 1.201566 1.197280 1.193021 1.190373 1.191954 1.194717 1.198946 1.207494
2.424359 2.420758 2.415833 2.411965 2.408212 2.407100 2.409865 2.417558 2.429945 2.444377 2.454836 2.453580 2.436188 2.404346 2.364129 2.318043 2.266865 2.209962 2.146165 2.078169 2.010843 1.944300 1.870702 1.810246 1.754894 1.704781 1.660737 1.615011 1.578250 1.545425 1.517249 1.483695 1.448982 1.405573 1.384986 1.355563 1.337545 1.320819 1.302389 1.281204 1.274072 1.276796 1.262927 1.254066 1.242242 1.230564 1.221235 1.213183 1.198794 1.195299 1.192402 1.186614 1.189143 1.192645 1.197803 1.205236 1.215331
2.478078 2.478873 2.478661 2.477153 2.477597 2.480293 2.486873 2.498286 2.514394 2.532592 2.546509 2.541686 2.509722 2.460700 2.404695 2.347042 2.287163 2.222357 2.148641 2.069957 1.991349 1.917446 1.838657 1.774137 1.716245 1.664797 1.620186 1.580096 1.539070 1.507287 1.479214 1.459170 1.410131 1.382788 1.356520 1.339349 1.312931 1.297850 1.279326 1.261688 1.256004 1.259821 1.246524 1.238218 1.228838 1.218396 1.210266 1.203444 1.189112 1.188570 1.184540 1.186900 1.187998 1.193699 1.200037 1.210283 1.224040
2.526722 2.531035 2.534389 2.536176 2.537460 2.542501 2.551090 2.564336 2.582739 2.605684 2.629583 2.628971 2.572621 2.501909 2.431916 2.364137 2.298104 2.229285 2.145986 2.053117 1.963834 1.874885 1.799136 1.731402 1.671835 1.619892 1.575495 1.536335 1.497073 1.466829 1.440414 1.407045 1.388566 1.351846 1.334992 1.312017 1.287373 1.270343 1.253595 1.242190 1.231558 1.242292 1.230742 1.223436 1.213003 1.205827 1.198798 1.193112 1.180668 1.179815 1.179781 1.183148 1.186441 1.192766 1.202772 1.215401 1.225427
2.572278 2.579937 2.583488 2.586765 2.590098 2.594750 2.602262 2.613581 2.629524 2.650544 2.676095 2.684277 2.601174 2.517018 2.437808 2.361979 2.289806 2.221937 2.127441 2.021570 1.924311 1.830724 1.751218 1.681524 1.621457 1.570715 1.519928 1.482293 1.444541 1.416475 1.386070 1.367905 1.348067 1.320297 1.305111 1.292467 1.262607 1.243525 1.233122 1.223444 1.214377 1.225707 1.215226 1.207716 1.199473 1.192094 1.186731 1.181749 1.170810 1.169239 1.172361 1.176981 1.182387 1.192218 1.204416 1.210496 1.231641
2.612061 2.622205 2.628123 2.631104 2.632670 2.634787 2.638588 2.644382 2.652351 2.661046 2.664435 2.642760 2.581184 2.501275 2.418743 2.338215 2.257101 2.173251 2.076453 1.971955 1.870587 1.772699 1.689954 1.619157 1.559250 1.509567 1.467682 1.432772 1.391984 1.360592 1.341507 1.322241 1.306286 1.293139 1.270788 1.260737 1.250733 1.229275 1.212941 1.204942 1.197393 1.196896 1.200206 1.193632 1.186284 1.179678 1.174076 1.170575 1.158462 1.160554 1.163585 1.169241 1.178321 1.175351 1.193709 1.213968 1.236060
2.648895 2.661001 2.666415 2.666915 2.665386 2.662834 2.660436 2.658436 2.655282 2.648619 2.632354 2.597254 2.538962 2.464353 2.381871 2.297600 2.208393 2.113344 2.013236 1.909070 1.807735 1.709479 1.625723 1.555305 1.498131 1.455704 1.417751 1.377617 1.339803 1.316974 1.299927 1.284659 1.270993 1.260353 1.251616 1.233752 1.219754 1.212935 1.197948 1.187166 1.181128 1.181567 1.184622 1.179953 1.173380 1.167383 1.162088 1.158482 1.148483 1.150510 1.155144 1.162246 1.159938 1.174500 1.194578 1.216472 1.239559
