data/rasters/precip/precipitation_20000103.ASC
NCOLS                  300
NROWS                  325
XLLCORNER       0.0000000E+00
YLLCORNER        300000.0
CELLSIZE         1000.000
NODATA_VALUE    0.0000000E+00
[rows 225 to 249 of 325, columns 57 to 113 of 300]
6.646156 6.544381 6.445256 6.362986 6.300883 6.251363 6.206778 6.161172 6.135055 6.098373 6.065393 6.033906 6.005703 5.980582 5.951771 5.943165 5.941992 5.949029 5.965914 5.994205 6.035500 6.067573 6.102458 6.136474 6.162269 6.178457 6.186458 6.180795 6.165639 6.141071 6.107431 6.065407 6.002696 5.934218 5.887012 5.826791 5.767304 5.713432 5.691303 5.726424 5.778506 5.838055 5.882337 5.948109 6.018661 6.082179 6.158892 6.239336 6.320364 6.407605 6.550434 6.645875 6.744126 6.845189 6.948944 7.047815 7.196870
6.677350 6.584313 6.489980 6.404739 6.327512 6.257668 6.193434 6.130446 6.086856 6.031529 5.979958 5.930912 5.884915 5.843726 5.809112 5.773067 5.758882 5.755015 5.765419 5.783643 5.819576 5.853554 5.891577 5.930113 5.961125 5.983385 5.997654 6.009519 6.004573 5.990077 5.966424 5.922603 5.883431 5.835264 5.785874 5.732540 5.677994 5.624259 5.597860 5.646032 5.703137 5.765048 5.810702 5.876402 5.946246 6.020111 6.088472 6.168229 6.255462 6.335363 6.468958 6.562297 6.658541 6.757863 6.860192 6.992209 7.094833
6.707666 6.619683 6.523587 6.442152 6.352289 6.266166 6.183285 6.103018 6.040794 5.965800 5.894550 5.829106 5.765161 5.706351 5.653336 5.610668 5.573742 5.560944 5.560148 5.573986 5.607235 5.644016 5.687889 5.733465 5.771173 5.805172 5.826680 5.851492 5.856969 5.852670 5.829258 5.806979 5.777667 5.738574 5.687644 5.657615 5.615470 5.582050 5.575101 5.605565 5.646026 5.704226 5.767383 5.811662 5.879607 5.951565 6.027461 6.111577 6.192949 6.265665 6.389772 6.480543 6.574209 6.671331 6.785942 6.891876 6.992615
6.749162 6.663972 6.569414 6.468061 6.363711 6.275152 6.174541 6.076195 5.996867 5.900849 5.811581 5.727928 5.646198 5.569670 5.499937 5.439559 5.390371 5.363571 5.354679 5.368494 5.397783 5.440558 5.492560 5.548298 5.595095 5.639568 5.676493 5.708026 5.723724 5.721303 5.717019 5.704548 5.679702 5.655272 5.614388 5.585521 5.570290 5.551668 5.552466 5.573245 5.601329 5.653379 5.711848 5.753288 5.818268 5.887524 5.971825 6.048371 6.124614 6.202642 6.312969 6.400880 6.491299 6.585419 6.690429 6.793927 6.894282
6.809220 6.720328 6.617514 6.502049 6.383033 6.263353 6.145009 6.046380 5.948436 5.839132 5.730114 5.629089 5.530367 5.436668 5.349314 5.271736 5.208982 5.166756 5.151293 5.158666 5.191852 5.244406 5.308522 5.370157 5.432856 5.490525 5.538036 5.585865 5.598871 5.613297 5.618310 5.615070 5.598804 5.583993 5.552603 5.534382 5.532606 5.523530 5.528737 5.545666 5.580346 5.609236 5.662402 5.720956 5.761471 5.827354 5.907961 5.981625 6.059443 6.135205 6.238672 6.323969 6.411285 6.500000 6.600780 6.700605 6.799347
6.878481 6.780409 6.664487 6.534109 6.398956 6.262613 6.127503 5.993699 5.883337 5.774627 5.652450 5.531879 5.419110 5.309747 5.206401 5.109769 5.026928 4.972840 4.944163 4.949390 4.990726 5.058430 5.138925 5.221108 5.290974 5.358082 5.412526 5.458008 5.496979 5.519860 5.533125 5.538119 5.529526 5.523283 5.513486 5.490615 5.499235 5.496387 5.504413 5.518983 5.549321 5.569366 5.617379 5.670907 5.708390 5.780076 5.846886 5.917243 5.992287 6.068049 6.169869 6.250137 6.341987 6.425013 6.518077 6.613523 6.708724
6.972167 6.858995 6.727330 6.581535 6.431101 6.279793 6.129887 5.956426 5.812564 5.690535 5.573680 5.441618 5.313729 5.191529 5.074552 4.963978 4.865829 4.787227 4.738643 4.739974 4.797720 4.888478 4.989167 5.088433 5.170748 5.242886 5.308037 5.360484 5.418516 5.441176 5.461292 5.473162 5.471960 5.471930 5.469316 5.452596 5.452500 5.470264 5.473837 5.492786 5.519804 5.554176 5.575656 5.624137 5.688377 5.725308 5.788004 5.854695 5.926706 6.000588 6.113621 6.186365 6.265224 6.350908 6.441113 6.531657 6.622454
7.072047 6.937824 6.768310 6.602464 6.434694 6.268030 6.102754 5.942268 5.785517 5.648229 5.500431 5.362889 5.215376 5.083055 4.957036 4.836943 4.726840 4.622648 4.538737 4.531327 4.623793 4.746351 4.868913 4.979421 5.071838 5.156413 5.228072 5.286134 5.344793 5.378769 5.402465 5.419596 5.423530 5.428996 5.431862 5.434174 5.423636 5.445443 5.449345 5.467231 5.491415 5.521643 5.536679 5.592545 5.639048 5.690415 5.730841 5.793551 5.862432 5.950819 6.025540 6.115350 6.190958 6.274040 6.361859 6.456834 6.543206
7.156518 6.989921 6.809689 6.626289 6.424259 6.243451 6.068264 5.897213 5.730195 5.582376 5.425364 5.273483 5.132184 4.993082 4.861483 4.732042 4.617194 4.501972 4.384076 4.349733 4.504574 4.651208 4.784734 4.906757 5.005283 5.094401 5.169571 5.230568 5.292356 5.329242 5.350346 5.370584 5.384368 5.393723 5.400465 5.406366 5.397906 5.413859 5.425963 5.442652 5.464234 5.507036 5.536162 5.551322 5.592111 5.637704 5.675102 5.733478 5.816274 5.882260 5.956503 6.043720 6.120733 6.208066 6.290859 6.374235 6.457062
7.214402 7.010176 6.805775 6.606554 6.412475 6.205466 6.023011 5.844895 5.671287 5.514819 5.349876 5.191529 5.041666 4.904600 4.774701 4.660167 4.550121 4.447123 4.366983 4.371048 4.477788 4.612938 4.746021 4.868403 4.967694 5.057182 5.132401 5.193328 5.255476 5.292984 5.321294 5.338755 5.347423 5.359005 5.368169 5.382757 5.377754 5.371829 5.404077 5.419437 5.457638 5.478364 5.502865 5.513031 5.547889 5.587134 5.655278 5.691138 5.749790 5.815942 5.891587 5.974687 6.054646 6.140573 6.221974 6.303062 6.382967
7.208096 6.978760 6.761425 6.553978 6.357814 6.168447 5.966585 5.785468 5.606731 5.430671 5.273080 5.109764 4.957357 4.818747 4.703887 4.595853 4.505678 4.439363 4.406043 4.421901 4.506179 4.622200 4.745292 4.862144 4.956620 5.043622 5.115402 5.173170 5.232908 5.268744 5.296125 5.314708 5.324440 5.337007 5.347337 5.356706 5.352246 5.346869 5.377439 5.413865 5.429068 5.447232 5.468289 5.475494 5.540744 5.566330 5.600121 5.640081 5.684994 5.753016 5.830660 5.913213 5.992336 6.077085 6.157207 6.236258 6.313588
7.102239 6.879261 6.666996 6.470309 6.279694 6.095749 5.915924 5.734896 5.537474 5.357682 5.190255 5.022661 4.868859 4.740589 4.626262 4.537328 4.473027 4.435354 4.437216 4.479416 4.562878 4.658003 4.772904 4.882839 4.971050 5.051295 5.116382 5.168003 5.222740 5.254760 5.279420 5.298173 5.307965 5.320400 5.330925 5.325355 5.336129 5.371146 5.383501 5.394429 5.407557 5.422908 5.489165 5.487203 5.503532 5.521186 5.544503 5.573847 5.627184 5.694530 5.776734 5.855041 5.938816 6.018723 6.097404 6.174435 6.249364
6.906233 6.719320 6.530890 6.346245 6.169974 5.998981 5.829706 5.658354 5.481635 5.299243 5.096412 4.933890 4.783519 4.650352 4.546790 4.469213 4.433045 4.429730 4.458968 4.520533 4.612575 4.722007 4.824163 4.930223 5.013851 5.076859 5.132190 5.174866 5.222365 5.248751 5.271778 5.287874 5.296793 5.308260 5.302280 5.338899 5.347858 5.357340 5.374697 5.443635 5.449877 5.457160 5.465329 5.474142 5.475035 5.486660 5.500320 5.511619 5.564719 5.650538 5.733824 5.789747 5.887967 5.966508 6.043284 6.118091 6.190613
6.656877 6.509727 6.351408 6.190380 6.034935 5.883056 5.731231 5.573953 5.403345 5.218086 5.033046 4.851515 4.678924 4.538647 4.447773 4.398155 4.387834 4.414779 4.469361 4.552953 4.660647 4.779762 4.896755 4.998758 5.070721 5.122740 5.166664 5.199321 5.239365 5.260070 5.279235 5.292634 5.304178 5.399271 5.408083 5.415458 5.421972 5.428092 5.455328 5.442421 5.433991 5.440004 5.446661 5.453804 5.457280 5.471431 5.480390 5.494640 5.544758 5.622026 5.706254 5.749462 5.844998 5.921093 5.995295 6.067516 6.137484
6.388180 6.273956 6.144531 6.008599 5.876832 5.748363 5.620834 5.485534 5.327136 5.141583 4.934857 4.732296 4.559253 4.426248 4.344523 4.315893 4.328094 4.385262 4.467735 4.575453 4.703940 4.840483 4.969007 5.070831 5.138608 5.169692 5.197488 5.216890 5.247513 5.314528 5.329282 5.341518 5.358034 5.390850 5.399121 5.406278 5.412726 5.418807 5.443488 5.430751 5.421032 5.426721 5.433142 5.440371 5.450001 5.466784 5.481754 5.507430 5.554261 5.613336 5.688785 5.752745 5.828442 5.882564 5.953510 6.022743 6.089941
6.117986 6.026505 5.920146 5.806536 5.697399 5.592880 5.492857 5.394695 5.255972 5.051484 4.823100 4.606548 4.421424 4.281407 4.210090 4.208817 4.261398 4.347026 4.459337 4.591034 4.742579 4.904163 5.057058 5.167191 5.221116 5.244356 5.256544 5.268708 5.299735 5.311337 5.321637 5.330801 5.364970 5.383884 5.391671 5.398680 5.405186 5.411437 5.433288 5.437391 5.426190 5.416949 5.424134 5.432674 5.450892 5.471557 5.491946 5.522439 5.555499 5.613837 5.688375 5.733565 5.803896 5.898542 5.917643 5.983559 6.047787
5.854829 5.776379 5.685591 5.589010 5.491015 5.412503 5.334716 5.264008 5.200000 4.944323 4.701685 4.474593 4.271814 4.113046 4.051863 4.091780 4.182632 4.298198 4.436038 4.585412 4.755849 4.940749 5.129689 5.254834 5.267669 5.262844 5.247546 5.271258 5.297496 5.304507 5.335427 5.343504 5.350937 5.377626 5.385182 5.392261 5.399045 5.405726 5.412488 5.429505 5.419597 5.426460 5.418646 5.429105 5.463499 5.481343 5.505229 5.537675 5.564903 5.618164 5.688390 5.720414 5.785320 5.879562 5.946746 6.021273 6.010759
5.601742 5.524222 5.437797 5.360761 5.282663 5.210833 5.142867 5.070487 4.962659 4.779236 4.563593 4.346754 4.136357 3.940629 3.886144 3.992843 4.116651 4.252730 4.401228 4.564655 4.741584 4.932036 5.131607 5.265844 5.258457 5.246129 5.227040 5.282960 5.286998 5.313979 5.321278 5.328461 5.335385 5.371476 5.379190 5.386647 5.393987 5.401372 5.416760 5.423047 5.429984 5.423359 5.433454 5.445780 5.473340 5.493653 5.519636 5.552797 5.574651 5.635243 5.691918 5.711371 5.771274 5.837005 5.936928 5.999855 6.061784
5.370862 5.292933 5.204611 5.126647 5.057571 4.995451 4.932949 4.857782 4.751760 4.604589 4.428978 4.243133 4.060257 3.899884 3.860831 3.955424 4.080215 4.218537 4.369208 4.531080 4.700703 4.874361 5.034599 5.145015 5.187011 5.190659 5.187051 5.212875 5.287273 5.295222 5.303001 5.310574 5.317902 5.365038 5.373355 5.381539 5.389723 5.398071 5.409772 5.417581 5.426211 5.421763 5.433896 5.448478 5.505488 5.507200 5.534408 5.543936 5.597370 5.644702 5.697620 5.705142 5.773133 5.831553 5.889621 5.982536 6.041279
5.152122 5.063647 4.970876 4.890984 4.830162 4.779674 4.726896 4.659913 4.569108 4.451239 4.313690 4.168745 4.033836 3.935257 3.912112 3.968869 4.071248 4.196613 4.335917 4.478503 4.644176 4.792647 4.927508 5.028039 5.088258 5.115645 5.132037 5.194930 5.191311 5.270967 5.280763 5.289855 5.298425 5.343873 5.367486 5.376727 5.386022 5.395554 5.403208 5.412704 5.423141 5.434924 5.435187 5.468680 5.520717 5.544473 5.549205 5.569986 5.609770 5.654851 5.720591 5.714791 5.766354 5.821395 5.875728 5.968655 6.024259
4.956935 4.849312 4.743170 4.657528 4.609100 4.576398 4.538621 4.485907 4.413951 4.323007 4.219658 4.114373 4.021376 3.961074 3.950670 3.991855 4.074045 4.181889 4.305507 4.431247 4.583229 4.711074 4.828455 4.922288 4.983770 5.027931 5.057106 5.159535 5.155129 5.169016 5.255332 5.266745 5.277199 5.332478 5.361533 5.372107 5.382727 5.393607 5.396816 5.408092 5.420364 5.434032 5.468710 5.472993 5.536374 5.561105 5.611547 5.644292 5.640107 5.683089 5.730392 5.713372 5.761469 5.813635 5.864516 5.916100 6.010214
4.792385 4.668187 4.536114 4.429064 4.409660 4.399906 4.377378 4.339012 4.284871 4.217223 4.142551 4.069339 4.008233 3.973254 3.973250 4.010383 4.076637 4.168665 4.276142 4.384453 4.518950 4.634677 4.742290 4.820983 4.889797 4.941211 5.067544 5.099800 5.125787 5.120842 5.245404 5.260818 5.274638 5.341496 5.352578 5.389455 5.379754 5.392088 5.390416 5.403502 5.417582 5.456580 5.495578 0.0000000E+00 5.567183 5.649639 5.628851 5.662995 5.701472 5.744216 5.740802 5.712988 5.758050 5.807806 5.855524 5.904057 5.952960
4.665932 4.535040 4.395702 4.278283 4.269448 4.265242 4.248763 4.219774 4.179443 4.130159 4.077941 4.029240 3.991344 3.974030 3.982428 4.018119 4.078853 4.153514 4.246820 4.329685 4.443511 4.568095 4.652284 4.734758 4.803359 4.858496 5.002053 5.039245 5.069939 5.070740 5.090787 5.235179 5.251351 5.329601 5.342139 5.385349 5.399405 5.413505 5.408377 5.423245 5.438934 0.0000000E+00 0.0000000E+00 0.0000000E+00 0.0000000E+00 0.0000000E+00 0.0000000E+00 0.0000000E+00 5.718747 5.759984 5.804741 5.774055 5.755797 5.803558 5.848391 5.894099 5.940276
4.570055 4.448299 4.329498 4.239110 4.195438 4.173552 4.152849 4.126163 4.094125 4.058138 4.022825 3.992111 3.971757 3.966286 3.982685 4.018515 4.073953 4.145858 4.194728 4.278461 4.388051 4.493699 4.579818 4.657268 4.724434 4.890937 4.939195 4.979787 5.014145 5.043568 5.043871 5.209497 5.227968 5.318057 5.332065 5.345175 5.397251 5.412868 5.401953 5.418636 0.0000000E+00 0.0000000E+00 0.0000000E+00 0.0000000E+00 0.0000000E+00 0.0000000E+00 0.0000000E+00 0.0000000E+00 0.0000000E+00 0.0000000E+00 0.0000000E+00 0.0000000E+00 0.0000000E+00 0.0000000E+00 0.0000000E+00 0.0000000E+00 5.929574
4.503689 4.389570 4.284530 4.200984 4.144687 4.107820 4.079389 4.053138 4.025279 3.999136 3.975698 3.958032 3.949811 3.953653 3.973723 4.010024 4.061819 4.126992 4.166942 4.220490 4.324150 4.435465 4.514553 4.587377 4.652504 4.830326 4.879748 4.922519 4.959567 4.991838 5.020183 5.021062 5.204996 5.307180 5.322584 5.337012 5.395530 5.377329 0.0000000E+00 0.0000000E+00 0.0000000E+00 0.0000000E+00 0.0000000E+00 0.0000000E+00 0.0000000E+00 0.0000000E+00 0.0000000E+00 0.0000000E+00 0.0000000E+00 0.0000000E+00 0.0000000E+00 0.0000000E+00 0.0000000E+00 0.0000000E+00 0.0000000E+00 0.0000000E+00 0.0000000E+00
