data/rasters/precip/precipitation_20000105.ASC
NCOLS                  300
NROWS                  325
XLLCORNER       0.0000000E+00
YLLCORNER        300000.0
CELLSIZE         1000.000
NODATA_VALUE    0.0000000E+00
[rows 184 to 206 of 325, columns 156 to 207 of 300]
9.3863063E-02 9.8615669E-02 0.1043445 0.1041833 0.1023188 9.9728040E-02 0.1131685 0.1092778 0.1039643 0.1092778 0.1152961 0.1152961 0.1153252 0.1153424 0.1203738 0.1360206 0.1495923 0.1495923 0.1392726 0.1313479 0.1202106 0.1156398 0.1156503 0.1077007 0.1102346 0.1090887 0.1090887 0.1090887 0.1090887 0.1090887 0.1077538 0.1223938 0.1145278 0.1013383 9.6069008E-02 9.6069008E-02 9.6069008E-02 9.6069008E-02 9.5910646E-02 8.7052912E-02 7.2180681E-02 0.0000000E+00 0.0000000E+00 0.0000000E+00 7.5933836E-02 9.0426348E-02 8.4673412E-02 7.7625431E-02 8.7635659E-02 8.7635659E-02 8.7994851E-02 8.7994851E-02
9.7037964E-02 0.1028292 0.1045750 0.1073534 0.1058284 0.1021790 0.1073978 0.1077594 0.1039643 0.1092778 0.1152961 0.1152961 0.1092778 0.1092778 0.1153949 0.1180595 0.1271909 0.1271930 0.1281889 0.1261320 0.1214699 0.1136082 0.1098492 0.1058981 0.1062879 0.1034820 0.1033458 0.1033458 0.1033458 0.1090887 0.1077538 0.1077538 0.1096680 0.1026370 0.1026370 0.1026370 0.1026370 9.6069008E-02 0.1026370 9.8667741E-02 8.9428432E-02 7.9753645E-02 7.7851154E-02 8.4207267E-02 9.4937526E-02 9.1289043E-02 8.4673412E-02 7.7625431E-02 7.7625431E-02 7.7625431E-02 8.7994851E-02 8.7994851E-02
0.1053069 0.1078812 0.1040676 0.1044800 0.1042898 0.1076087 9.8991565E-02 0.1077594 0.1131685 0.1092778 0.1152961 0.1152961 0.1152961 0.1092778 0.1092778 0.1153252 0.1216051 0.1216291 0.1135306 0.1207697 0.1155291 0.1021403 0.1105270 0.1065502 0.1068336 0.1036224 0.1033458 0.1090887 0.1090887 0.1077538 0.1077538 0.1030428 9.7336516E-02 9.6069008E-02 9.6069008E-02 9.6069008E-02 9.6069008E-02 9.6069008E-02 0.1006055 0.1006055 9.9966720E-02 9.8602310E-02 9.7603142E-02 8.9520417E-02 9.1432869E-02 9.1462277E-02 9.1462277E-02 7.7625431E-02 7.7625431E-02 7.7625431E-02 7.2742663E-02 8.7994851E-02
0.1053069 0.1078812 0.1056067 0.1062901 0.1077417 0.1038634 9.8991565E-02 0.1077594 0.1131685 0.1131685 0.1152961 0.1152961 0.1152961 0.1092778 0.1092778 0.1092778 0.1039643 0.1092778 0.1089427 0.1060057 0.1110914 0.1093279 0.1101335 0.1094162 0.1113283 0.1091613 0.1090887 0.1090887 0.1077538 0.1030428 0.1030428 0.1030428 9.7336516E-02 9.6069008E-02 9.6069008E-02 9.6069008E-02 9.0504043E-02 9.0504043E-02 8.8278294E-02 9.4333887E-02 9.4333887E-02 9.1462277E-02 9.1462277E-02 9.1462277E-02 9.1462277E-02 9.1462277E-02 9.1462277E-02 8.3887860E-02 8.3925471E-02 7.7625804E-02 7.2742663E-02 7.9183109E-02
0.1036035 0.1068382 0.1078521 0.1078048 0.1064115 0.1021790 9.8998107E-02 0.1110909 0.1131685 0.1131685 0.1092778 0.1152961 0.1152961 9.9249564E-02 9.9249564E-02 9.9249564E-02 9.9249564E-02 9.9249564E-02 9.4541810E-02 9.7863317E-02 0.1060057 0.1138780 0.1136141 0.1121880 0.1163379 0.1090887 0.1033458 0.1018782 9.7336516E-02 0.1030428 0.1030428 0.1030428 0.1030428 9.0504043E-02 9.6069008E-02 9.6069008E-02 9.0504043E-02 8.8278294E-02 7.4678741E-02 7.9183109E-02 8.4673412E-02 9.1462277E-02 9.1462277E-02 9.1462277E-02 9.1462277E-02 9.1673508E-02 8.5879311E-02 8.7725252E-02 8.7942138E-02 8.6363770E-02 8.4289588E-02 9.1462277E-02
0.1055285 0.1077294 0.1102345 0.1088768 0.1062804 0.1039691 0.1087192 0.1087192 0.1152961 0.1192650 0.1168609 0.1192650 0.1092778 0.1039643 0.1039643 0.1039643 9.6339181E-02 9.6339181E-02 9.8479286E-02 9.9128172E-02 0.1006852 9.9987596E-02 0.1044890 0.1031169 0.1084579 0.1156673 0.1046087 0.1030428 0.1030428 9.7336516E-02 9.7336516E-02 9.7336516E-02 9.8050274E-02 8.2966432E-02 8.2966432E-02 8.7947652E-02 7.4678741E-02 7.4678741E-02 7.4678741E-02 7.4678741E-02 8.4673412E-02 8.4673412E-02 8.4673412E-02 9.1462277E-02 9.1501027E-02 9.3889348E-02 9.0898104E-02 0.1002543 0.1005104 9.8460004E-02 8.7383702E-02 8.0248557E-02
0.1042352 0.1047383 0.1053742 0.1053007 0.1033874 0.1087192 0.1087192 0.1087192 0.1092778 0.1131685 0.1077594 0.1077594 0.1131685 0.1077594 0.1077594 0.1003392 9.6339181E-02 9.2158929E-02 9.8479286E-02 9.8479286E-02 9.8479286E-02 9.6913889E-02 9.6865915E-02 0.1084579 0.1035159 0.1035159 0.1017377 9.5591739E-02 9.5591739E-02 9.5591739E-02 9.5591739E-02 9.5591739E-02 9.0305269E-02 7.7493437E-02 7.7493437E-02 7.9183109E-02 7.4678741E-02 7.4678741E-02 7.4678741E-02 7.9183109E-02 8.4673412E-02 8.4673412E-02 8.4673412E-02 9.1462277E-02 0.1005877 0.1040385 0.1011330 0.1031680 0.1032378 0.1018647 9.0713575E-02 8.1503972E-02
0.1042352 0.1042352 0.1042352 0.1056909 0.1087192 0.1087192 0.1030077 0.1030077 0.1030077 0.1039643 0.1077594 0.1077594 0.1053443 0.1012080 9.6339181E-02 0.1003392 0.1003392 9.6339181E-02 9.3833126E-02 9.8479286E-02 9.8479286E-02 9.6861742E-02 9.2300422E-02 9.7490475E-02 0.1035159 0.1017377 9.5591739E-02 9.5591739E-02 9.5591739E-02 9.0338916E-02 8.5331045E-02 8.5331045E-02 8.0107391E-02 7.3641531E-02 0.0000000E+00 0.0000000E+00 7.4678741E-02 7.4678741E-02 7.4678741E-02 7.9183109E-02 8.4673412E-02 9.1462277E-02 9.1462277E-02 9.1462277E-02 9.2570022E-02 9.7455435E-02 0.1021974 0.1027840 0.1020754 0.1028010 9.2057027E-02 8.2150057E-02
9.9491671E-02 9.9491671E-02 0.1057333 0.1042352 0.1030077 0.1030077 0.1030077 9.7992048E-02 9.7992048E-02 9.6339181E-02 9.6339181E-02 0.1003392 0.1053443 0.1012080 9.6339181E-02 9.6339181E-02 9.6339181E-02 9.2158929E-02 9.3833126E-02 9.4121389E-02 8.9558534E-02 8.7523095E-02 8.7523095E-02 8.7523095E-02 8.5331045E-02 9.0305269E-02 9.0305269E-02 9.0305269E-02 9.0305269E-02 9.0305269E-02 8.5331045E-02 8.0169283E-02 7.9322875E-02 7.7840701E-02 7.3099971E-02 0.0000000E+00 0.0000000E+00 0.0000000E+00 7.9183109E-02 7.9183109E-02 8.4673412E-02 8.4673412E-02 8.4673412E-02 8.4673412E-02 9.2147507E-02 8.9304455E-02 9.5314503E-02 0.1031502 0.1032290 0.1018218 9.0661310E-02 8.1480153E-02
9.9491671E-02 0.1057333 9.9491671E-02 9.4115563E-02 9.0189554E-02 9.0189554E-02 8.5874453E-02 8.5874453E-02 8.5874453E-02 9.6339181E-02 9.6339181E-02 9.6339181E-02 0.1053443 0.1012080 9.2158929E-02 9.2158929E-02 9.2158929E-02 8.7797791E-02 8.9651689E-02 9.4121389E-02 8.9651689E-02 8.7797791E-02 8.7523095E-02 8.5331045E-02 8.5331045E-02 8.5331045E-02 9.0305269E-02 9.0305269E-02 9.0305269E-02 9.0305269E-02 9.0636685E-02 9.0935625E-02 8.9338481E-02 9.4191328E-02 8.6940624E-02 7.5245261E-02 0.0000000E+00 0.0000000E+00 7.4678741E-02 7.9183109E-02 7.9183109E-02 8.4673412E-02 8.4673412E-02 8.4673412E-02 8.4709145E-02 8.0439687E-02 8.5317858E-02 9.4017759E-02 0.1004173 9.8370701E-02 8.7310046E-02 8.0228709E-02
9.0142079E-02 9.5665716E-02 8.5420601E-02 8.5420601E-02 9.0189554E-02 8.5874453E-02 8.5874453E-02 8.5874453E-02 8.5874453E-02 8.5874453E-02 9.2158929E-02 9.2158929E-02 9.6861742E-02 0.1012080 9.6861742E-02 9.2158929E-02 9.2158929E-02 8.7797791E-02 8.5725836E-02 8.5725836E-02 8.9651689E-02 8.5813746E-02 9.0338916E-02 8.5331045E-02 8.5331045E-02 8.5331045E-02 9.0305269E-02 9.0305269E-02 9.0305269E-02 9.0305269E-02 8.6358152E-02 0.1006650 0.1167964 0.1284774 0.1161101 8.9606874E-02 7.3882490E-02 7.4685268E-02 7.4678741E-02 7.4678741E-02 7.9183109E-02 8.4673412E-02 8.4673412E-02 8.4673412E-02 7.7625431E-02 7.7844612E-02 7.9810038E-02 8.1779376E-02 8.7823071E-02 9.3830548E-02 8.8237658E-02 7.9941459E-02
9.0142079E-02 9.0142079E-02 8.5420601E-02 8.5420601E-02 8.5874453E-02 8.3847024E-02 8.5874453E-02 8.5874453E-02 8.5874453E-02 8.4122084E-02 8.1311658E-02 8.6528502E-02 8.9313507E-02 9.6756659E-02 0.1012080 9.2158929E-02 8.7797791E-02 8.3866015E-02 8.5725836E-02 8.5725836E-02 8.7797791E-02 8.5813746E-02 9.0338916E-02 9.0338916E-02 9.0338916E-02 8.5331045E-02 8.5331045E-02 9.0305269E-02 8.7947652E-02 8.2151309E-02 9.0659693E-02 0.1119880 0.1414114 0.1705167 0.1486007 0.1067650 8.6353078E-02 0.0000000E+00 7.4678741E-02 7.4678741E-02 7.4678741E-02 7.9183109E-02 8.4673412E-02 8.4673412E-02 7.7625431E-02 7.7625431E-02 7.7625431E-02 7.7737652E-02 7.7773921E-02 7.7625431E-02 8.7780952E-02 7.9941459E-02
8.8170603E-02 9.0189554E-02 8.5420601E-02 8.5420601E-02 8.5874453E-02 8.3847024E-02 8.5874453E-02 8.5874453E-02 8.2396597E-02 7.3476762E-02 0.0000000E+00 0.0000000E+00 7.5594053E-02 9.0235159E-02 9.6758559E-02 9.2158929E-02 8.3866015E-02 8.3866015E-02 8.1887409E-02 8.3866015E-02 8.7797791E-02 9.0338916E-02 9.0338916E-02 9.0338916E-02 9.0338916E-02 9.0338916E-02 8.5331045E-02 8.7947652E-02 8.7947652E-02 8.2180589E-02 9.1032594E-02 0.1100690 0.1439423 0.1776559 0.1517233 0.1159778 8.6816423E-02 7.5402036E-02 7.9183109E-02 7.9183109E-02 7.9183109E-02 8.4673412E-02 7.9183109E-02 7.7625431E-02 7.7625431E-02 7.7625431E-02 7.7625431E-02 7.7625431E-02 7.7625431E-02 8.3758205E-02 7.9941459E-02 7.7889353E-02
8.8170603E-02 8.8170603E-02 8.8170603E-02 8.5874453E-02 9.0229265E-02 8.5874453E-02 8.3847024E-02 8.4911950E-02 7.4876651E-02 0.0000000E+00 0.0000000E+00 0.0000000E+00 0.0000000E+00 7.8915372E-02 8.9334071E-02 8.7797791E-02 7.7414401E-02 8.1887409E-02 8.1887409E-02 8.3866015E-02 8.7797791E-02 9.0338916E-02 9.0338916E-02 9.0338916E-02 8.8221595E-02 8.8221595E-02 8.8221595E-02 8.2966432E-02 8.2080849E-02 8.2080849E-02 8.7109417E-02 9.9680699E-02 0.1207414 0.1340477 0.1293865 0.1090692 8.6516514E-02 7.4730895E-02 7.9183109E-02 7.9183109E-02 7.9183109E-02 8.4673412E-02 8.4673412E-02 7.7625431E-02 8.3758205E-02 8.3758205E-02 8.3758205E-02 8.3758205E-02 8.3758205E-02 7.9941459E-02 0.0000000E+00 0.0000000E+00
8.8170603E-02 8.8170603E-02 8.3847024E-02 8.3847024E-02 8.8389240E-02 8.8389240E-02 8.8389240E-02 8.5701801E-02 0.0000000E+00 0.0000000E+00 0.0000000E+00 0.0000000E+00 0.0000000E+00 0.0000000E+00 8.4972091E-02 8.5813746E-02 8.1078641E-02 7.7414401E-02 8.1887409E-02 8.3866015E-02 8.7797791E-02 8.8221595E-02 8.8221595E-02 8.8221595E-02 8.8221595E-02 8.8221595E-02 8.8221595E-02 8.2966432E-02 8.2080849E-02 8.2080849E-02 8.2767427E-02 8.6853497E-02 9.6830279E-02 0.1077690 0.1039943 9.4358265E-02 8.0730870E-02 7.4678741E-02 7.4678741E-02 7.9183109E-02 7.9183109E-02 8.4673412E-02 7.7625431E-02 7.7625431E-02 8.3758205E-02 8.3758205E-02 8.3758205E-02 8.3758205E-02 7.5591624E-02 0.0000000E+00 0.0000000E+00 0.0000000E+00
8.8170603E-02 8.8170603E-02 8.3847024E-02 8.3847024E-02 8.8389240E-02 8.8389240E-02 8.6419165E-02 8.4122106E-02 0.0000000E+00 0.0000000E+00 0.0000000E+00 0.0000000E+00 0.0000000E+00 0.0000000E+00 8.3682798E-02 8.3687358E-02 7.8744397E-02 7.5134188E-02 7.5134188E-02 8.1078641E-02 8.3687358E-02 8.8221595E-02 8.8221595E-02 8.8221595E-02 8.8221595E-02 8.8221595E-02 8.2966432E-02 8.2966432E-02 8.2966432E-02 8.2080849E-02 7.9183109E-02 7.9543225E-02 8.7713949E-02 8.9512259E-02 8.8259518E-02 8.5447527E-02 7.9183109E-02 7.9183109E-02 7.4678741E-02 7.9183109E-02 7.9183109E-02 8.4673412E-02 7.7625431E-02 7.7625431E-02 7.7625431E-02 8.3758205E-02 7.5591624E-02 7.5591624E-02 7.5591624E-02 0.0000000E+00 0.0000000E+00 0.0000000E+00
8.5995115E-02 8.1677958E-02 8.1677958E-02 8.1677958E-02 8.6419165E-02 8.6419165E-02 8.4306642E-02 8.3799407E-02 7.5537644E-02 0.0000000E+00 0.0000000E+00 0.0000000E+00 0.0000000E+00 0.0000000E+00 0.0000000E+00 7.9780586E-02 7.5134188E-02 7.5134188E-02 0.0000000E+00 7.7414401E-02 7.5134188E-02 7.8744397E-02 7.8744397E-02 8.3687358E-02 8.3687358E-02 7.8744397E-02 7.8744397E-02 8.2966432E-02 8.2966432E-02 8.7947652E-02 7.9179190E-02 8.4673412E-02 8.4673412E-02 8.4673412E-02 8.4673412E-02 8.4673412E-02 7.9183109E-02 7.9183109E-02 7.9183109E-02 7.9183109E-02 7.9183109E-02 7.7625431E-02 7.7625431E-02 7.7625431E-02 0.0000000E+00 0.0000000E+00 7.5591624E-02 7.5591624E-02 0.0000000E+00 0.0000000E+00 0.0000000E+00 0.0000000E+00
8.1677958E-02 8.1677958E-02 8.1677958E-02 8.1677958E-02 8.6419165E-02 8.6419165E-02 8.4306642E-02 8.4306642E-02 7.8538351E-02 7.2184369E-02 0.0000000E+00 0.0000000E+00 0.0000000E+00 7.5123817E-02 7.3349535E-02 7.3349535E-02 7.9780586E-02 7.5134188E-02 7.8744397E-02 7.5134188E-02 7.5134188E-02 7.8744397E-02 7.8744397E-02 7.8744397E-02 7.3641531E-02 7.3641531E-02 7.8744397E-02 7.8729466E-02 7.6473258E-02 7.9030380E-02 7.7635653E-02 8.0464259E-02 8.4049813E-02 8.4673412E-02 8.4673412E-02 8.4673412E-02 7.9183109E-02 7.9183109E-02 7.9183109E-02 8.4673412E-02 7.2742663E-02 0.0000000E+00 0.0000000E+00 0.0000000E+00 0.0000000E+00 0.0000000E+00 0.0000000E+00 7.5591624E-02 0.0000000E+00 0.0000000E+00 0.0000000E+00 0.0000000E+00
8.1677958E-02 8.1677958E-02 8.1677958E-02 8.1677958E-02 8.6419165E-02 8.6419165E-02 8.0324329E-02 7.7626377E-02 7.3557809E-02 0.0000000E+00 0.0000000E+00 7.3523067E-02 7.6151252E-02 7.7958003E-02 7.3349535E-02 7.3349535E-02 7.3349535E-02 7.8744397E-02 7.8744397E-02 7.8744397E-02 7.5134188E-02 7.8744397E-02 7.8744397E-02 7.3641531E-02 7.3641531E-02 7.3641531E-02 7.3641531E-02 0.0000000E+00 0.0000000E+00 0.0000000E+00 0.0000000E+00 0.0000000E+00 0.0000000E+00 7.7186659E-02 7.7625431E-02 7.7625431E-02 7.7625431E-02 7.2742663E-02 7.2742663E-02 0.0000000E+00 0.0000000E+00 0.0000000E+00 0.0000000E+00 0.0000000E+00 0.0000000E+00 0.0000000E+00 0.0000000E+00 0.0000000E+00 0.0000000E+00 0.0000000E+00 0.0000000E+00 0.0000000E+00
8.1677958E-02 8.1677958E-02 8.1677958E-02 8.1677958E-02 7.7958003E-02 8.2439035E-02 7.7110820E-02 0.0000000E+00 0.0000000E+00 0.0000000E+00 0.0000000E+00 0.0000000E+00 7.8952074E-02 7.5685322E-02 7.7958003E-02 7.3349535E-02 7.6766938E-02 0.0000000E+00 7.8744397E-02 7.6244891E-02 7.2711758E-02 7.8744397E-02 7.3641531E-02 7.3641531E-02 7.3641531E-02 7.3641531E-02 7.6777332E-02 0.0000000E+00 0.0000000E+00 0.0000000E+00 0.0000000E+00 0.0000000E+00 0.0000000E+00 0.0000000E+00 7.7625431E-02 7.7625431E-02 7.2742663E-02 0.0000000E+00 0.0000000E+00 0.0000000E+00 0.0000000E+00 0.0000000E+00 0.0000000E+00 0.0000000E+00 0.0000000E+00 0.0000000E+00 0.0000000E+00 0.0000000E+00 0.0000000E+00 0.0000000E+00 0.0000000E+00 0.0000000E+00
8.5995115E-02 8.5995115E-02 8.5995115E-02 7.7958003E-02 7.7958003E-02 8.2032189E-02 0.0000000E+00 0.0000000E+00 0.0000000E+00 0.0000000E+00 0.0000000E+00 0.0000000E+00 0.0000000E+00 7.5685322E-02 7.5685322E-02 7.9355069E-02 7.6766938E-02 0.0000000E+00 0.0000000E+00 7.6244891E-02 7.6244891E-02 7.3641531E-02 7.3641531E-02 7.7493437E-02 7.7493437E-02 7.7493437E-02 7.5833969E-02 0.0000000E+00 0.0000000E+00 0.0000000E+00 0.0000000E+00 0.0000000E+00 0.0000000E+00 0.0000000E+00 0.0000000E+00 0.0000000E+00 7.2742663E-02 0.0000000E+00 0.0000000E+00 0.0000000E+00 0.0000000E+00 0.0000000E+00 0.0000000E+00 0.0000000E+00 0.0000000E+00 0.0000000E+00 0.0000000E+00 0.0000000E+00 0.0000000E+00 0.0000000E+00 0.0000000E+00 0.0000000E+00
7.7958003E-02 7.7958003E-02 7.7958003E-02 7.7958003E-02 8.1677958E-02 8.5304223E-02 0.0000000E+00 0.0000000E+00 0.0000000E+00 0.0000000E+00 0.0000000E+00 0.0000000E+00 0.0000000E+00 7.5646304E-02 7.9355069E-02 7.9355069E-02 7.9355069E-02 0.0000000E+00 0.0000000E+00 0.0000000E+00 0.0000000E+00 7.9183109E-02 8.2080849E-02 7.7493437E-02 7.7493437E-02 7.7493437E-02 7.6290175E-02 0.0000000E+00 0.0000000E+00 0.0000000E+00 0.0000000E+00 0.0000000E+00 0.0000000E+00 0.0000000E+00 0.0000000E+00 0.0000000E+00 0.0000000E+00 0.0000000E+00 0.0000000E+00 0.0000000E+00 0.0000000E+00 0.0000000E+00 0.0000000E+00 0.0000000E+00 0.0000000E+00 0.0000000E+00 0.0000000E+00 0.0000000E+00 0.0000000E+00 0.0000000E+00 0.0000000E+00 0.0000000E+00
7.3479764E-02 7.3796801E-02 7.7899590E-02 7.7958003E-02 7.7958003E-02 8.1917055E-02 7.4239954E-02 0.0000000E+00 0.0000000E+00 0.0000000E+00 0.0000000E+00 0.0000000E+00 7.3979862E-02 8.3646849E-02 8.3646849E-02 8.3646849E-02 8.3646849E-02 7.2489694E-02 0.0000000E+00 0.0000000E+00 0.0000000E+00 0.0000000E+00 7.3581345E-02 8.2080849E-02 7.7493437E-02 7.7493437E-02 7.4596547E-02 0.0000000E+00 0.0000000E+00 0.0000000E+00 0.0000000E+00 0.0000000E+00 0.0000000E+00 0.0000000E+00 0.0000000E+00 0.0000000E+00 0.0000000E+00 0.0000000E+00 0.0000000E+00 0.0000000E+00 0.0000000E+00 0.0000000E+00 0.0000000E+00 0.0000000E+00 0.0000000E+00 0.0000000E+00 0.0000000E+00 0.0000000E+00 0.0000000E+00 0.0000000E+00 0.0000000E+00 0.0000000E+00
