data/rasters/precip/precipitation_20000109.ASC
NCOLS                  300
NROWS                  325
XLLCORNER       0.0000000E+00
YLLCORNER        300000.0
CELLSIZE         1000.000
NODATA_VALUE    0.0000000E+00
[rows 44 to 65 of 325, columns 250 to 299 of 300]
5.9388582E-02 5.9920058E-02 5.8861326E-02 5.8137707E-02 6.2968411E-02 6.2765464E-02 5.5567801E-02 5.5682816E-02 5.5897482E-02 5.6153871E-02 5.6362826E-02 5.6383055E-02 5.8526631E-02 6.3197568E-02 6.0120914E-02 5.6036651E-02 0.0000000E+00 0.0000000E+00 0.0000000E+00 0.0000000E+00 0.0000000E+00 0.0000000E+00 0.0000000E+00 0.0000000E+00 5.8713723E-02 6.8626739E-02 7.1689218E-02 7.3823370E-02 7.5307861E-02 9.9172667E-02 0.1003077 0.1011018 0.0000000E+00 0.0000000E+00 0.0000000E+00 0.0000000E+00 0.0000000E+00 0.0000000E+00 0.0000000E+00 0.0000000E+00 0.0000000E+00 0.0000000E+00 0.0000000E+00 0.0000000E+00 0.0000000E+00 0.0000000E+00 0.0000000E+00 0.0000000E+00 0.0000000E+00 0.0000000E+00
6.3359566E-02 6.1193299E-02 5.9679613E-02 6.1081063E-02 6.3412696E-02 6.3201606E-02 6.3268229E-02 5.6306213E-02 5.6740955E-02 5.7302330E-02 6.0653124E-02 6.1119821E-02 6.1201781E-02 6.6669688E-02 6.4097106E-02 6.3331567E-02 0.0000000E+00 0.0000000E+00 0.0000000E+00 0.0000000E+00 0.0000000E+00 0.0000000E+00 0.0000000E+00 0.0000000E+00 5.9782356E-02 0.0000000E+00 6.1069075E-02 7.4188568E-02 7.5559400E-02 7.6513395E-02 0.1004514 0.1012011 0.0000000E+00 0.0000000E+00 0.0000000E+00 0.0000000E+00 0.0000000E+00 0.0000000E+00 0.0000000E+00 0.0000000E+00 0.0000000E+00 0.0000000E+00 0.0000000E+00 0.0000000E+00 0.0000000E+00 0.0000000E+00 0.0000000E+00 0.0000000E+00 0.0000000E+00 0.0000000E+00
6.5184437E-02 6.2210936E-02 6.2609643E-02 6.1379462E-02 6.0739264E-02 6.3447490E-02 6.3660212E-02 6.4192332E-02 6.0434390E-02 6.1454199E-02 6.2669024E-02 6.3952029E-02 6.7946747E-02 6.8257511E-02 7.0617959E-02 7.1366295E-02 6.4416103E-02 0.0000000E+00 0.0000000E+00 0.0000000E+00 0.0000000E+00 0.0000000E+00 0.0000000E+00 5.8150295E-02 6.1766636E-02 0.0000000E+00 5.5769540E-02 6.2949881E-02 7.5973265E-02 7.6791875E-02 0.1006930 0.1013644 0.0000000E+00 0.0000000E+00 0.0000000E+00 0.0000000E+00 0.0000000E+00 0.0000000E+00 0.0000000E+00 0.0000000E+00 0.0000000E+00 0.0000000E+00 0.0000000E+00 0.0000000E+00 0.0000000E+00 0.0000000E+00 0.0000000E+00 0.0000000E+00 0.0000000E+00 0.0000000E+00
6.6487342E-02 6.5076403E-02 6.2666111E-02 6.1274458E-02 6.3469179E-02 6.6821925E-02 6.7303263E-02 6.8209313E-02 6.9526419E-02 6.3009374E-02 6.8152286E-02 7.0654422E-02 7.3336944E-02 7.5672604E-02 8.0454402E-02 8.3589159E-02 7.8193381E-02 7.0420608E-02 6.0164347E-02 0.0000000E+00 5.6719735E-02 0.0000000E+00 5.9505764E-02 6.2118251E-02 6.4330772E-02 5.5800389E-02 5.6602668E-02 5.7175726E-02 6.4163938E-02 6.4566165E-02 0.1010147 0.1015811 0.0000000E+00 0.0000000E+00 0.0000000E+00 0.0000000E+00 0.0000000E+00 0.0000000E+00 0.0000000E+00 0.0000000E+00 0.0000000E+00 0.0000000E+00 0.0000000E+00 0.0000000E+00 0.0000000E+00 0.0000000E+00 0.0000000E+00 0.0000000E+00 0.0000000E+00 0.0000000E+00
7.1856804E-02 6.7388326E-02 6.4715549E-02 6.3316293E-02 6.2835410E-02 6.6354029E-02 6.7182399E-02 6.8529770E-02 7.0429862E-02 7.6772027E-02 7.0927389E-02 7.5116783E-02 8.0267720E-02 8.5944995E-02 9.4816484E-02 0.1015508 9.7524352E-02 8.9248657E-02 7.6764412E-02 7.3517352E-02 6.9160834E-02 6.0482498E-02 6.5676510E-02 6.6275932E-02 6.7097723E-02 5.7200346E-02 5.7529815E-02 5.7794452E-02 6.4653851E-02 6.4897746E-02 7.7895381E-02 0.1018364 0.0000000E+00 0.0000000E+00 0.0000000E+00 0.0000000E+00 0.0000000E+00 0.0000000E+00 0.0000000E+00 0.0000000E+00 0.0000000E+00 0.0000000E+00 0.0000000E+00 0.0000000E+00 0.0000000E+00 0.0000000E+00 0.0000000E+00 0.0000000E+00 0.0000000E+00 0.0000000E+00
7.5029708E-02 7.0231289E-02 6.2891081E-02 6.1721075E-02 6.1578754E-02 6.5378472E-02 6.6674091E-02 6.8547077E-02 7.4803323E-02 7.8339554E-02 7.3703922E-02 7.9940483E-02 8.8430032E-02 9.9325001E-02 0.1153516 0.1284288 0.1254957 0.1131870 0.1036336 8.8107444E-02 8.0239154E-02 7.3690616E-02 7.1272679E-02 7.0162557E-02 6.9761321E-02 5.8583669E-02 5.8465816E-02 5.8430623E-02 5.8430512E-02 6.5249071E-02 6.5316640E-02 0.0000000E+00 0.0000000E+00 0.0000000E+00 0.0000000E+00 0.0000000E+00 0.0000000E+00 0.0000000E+00 0.0000000E+00 0.0000000E+00 0.0000000E+00 0.0000000E+00 0.0000000E+00 0.0000000E+00 0.0000000E+00 0.0000000E+00 0.0000000E+00 0.0000000E+00 0.0000000E+00 0.0000000E+00
7.0827119E-02 6.6208415E-02 6.3976653E-02 6.3457981E-02 6.4095967E-02 6.3807949E-02 6.9087319E-02 7.1700051E-02 7.5040214E-02 7.9456978E-02 8.5524380E-02 8.4322646E-02 9.6570551E-02 0.1144743 0.1426716 0.1697040 0.1676533 0.1479811 0.1233331 0.1054445 8.9558952E-02 8.0206074E-02 7.5956382E-02 7.3500127E-02 7.2119147E-02 5.9848439E-02 5.9345972E-02 5.9044100E-02 5.8859002E-02 6.5601438E-02 0.0000000E+00 0.0000000E+00 0.0000000E+00 0.0000000E+00 0.0000000E+00 0.0000000E+00 0.0000000E+00 0.0000000E+00 0.0000000E+00 0.0000000E+00 0.0000000E+00 0.0000000E+00 0.0000000E+00 0.0000000E+00 0.0000000E+00 0.0000000E+00 0.0000000E+00 0.0000000E+00 0.0000000E+00 0.0000000E+00
6.1812416E-02 6.0018733E-02 5.8610883E-02 5.9149567E-02 6.0857713E-02 6.9728740E-02 7.2941311E-02 7.0781671E-02 7.4749596E-02 7.9862297E-02 8.6877614E-02 9.7018227E-02 9.8086245E-02 0.1222777 0.1651716 0.2260997 0.2274029 0.1708875 0.1325200 0.1088184 0.1009840 7.7755801E-02 7.2307467E-02 6.8930581E-02 6.6824161E-02 5.5556614E-02 6.0133368E-02 5.9610806E-02 5.9265833E-02 5.9033774E-02 0.0000000E+00 0.0000000E+00 0.0000000E+00 0.0000000E+00 0.0000000E+00 0.0000000E+00 0.0000000E+00 0.0000000E+00 0.0000000E+00 0.0000000E+00 0.0000000E+00 0.0000000E+00 0.0000000E+00 0.0000000E+00 0.0000000E+00 0.0000000E+00 0.0000000E+00 0.0000000E+00 0.0000000E+00 0.0000000E+00
0.0000000E+00 0.0000000E+00 0.0000000E+00 5.5502046E-02 5.9081137E-02 6.6372953E-02 7.0639610E-02 7.5020544E-02 7.5224429E-02 7.4967504E-02 8.2139254E-02 9.2505105E-02 9.8754458E-02 0.1235126 0.1671389 0.2323378 0.2319856 0.1754130 0.1367818 0.1127024 0.1047496 8.0328427E-02 7.4422486E-02 7.0625365E-02 6.8152845E-02 5.6341592E-02 0.0000000E+00 0.0000000E+00 0.0000000E+00 5.9312820E-02 7.9061456E-02 0.0000000E+00 0.0000000E+00 0.0000000E+00 0.0000000E+00 0.0000000E+00 0.0000000E+00 0.0000000E+00 0.0000000E+00 0.0000000E+00 0.0000000E+00 0.0000000E+00 0.0000000E+00 0.0000000E+00 0.0000000E+00 0.0000000E+00 0.0000000E+00 0.0000000E+00 0.0000000E+00 0.0000000E+00
0.0000000E+00 0.0000000E+00 0.0000000E+00 0.0000000E+00 0.0000000E+00 6.2753730E-02 6.4311817E-02 6.8985373E-02 7.3874258E-02 7.9550579E-02 8.6771443E-02 9.0226233E-02 0.1038926 0.1176729 0.1483903 0.1787431 0.1790626 0.1551935 0.1299515 0.1183554 0.1053908 8.6981706E-02 7.5628318E-02 7.1793236E-02 6.9178268E-02 5.7004645E-02 5.5871055E-02 0.0000000E+00 0.0000000E+00 5.9667364E-02 5.9362657E-02 0.0000000E+00 0.0000000E+00 0.0000000E+00 0.0000000E+00 0.0000000E+00 0.0000000E+00 0.0000000E+00 0.0000000E+00 0.0000000E+00 0.0000000E+00 0.0000000E+00 0.0000000E+00 0.0000000E+00 0.0000000E+00 0.0000000E+00 0.0000000E+00 0.0000000E+00 0.0000000E+00 0.0000000E+00
0.0000000E+00 0.0000000E+00 0.0000000E+00 0.0000000E+00 0.0000000E+00 5.6397874E-02 6.2127743E-02 6.7227826E-02 7.2234668E-02 7.7703267E-02 8.4250540E-02 9.2579097E-02 0.1012092 0.1045622 0.1242056 0.1419421 0.1427221 0.1327461 0.1263330 0.1138638 0.1040596 8.7030359E-02 7.6255016E-02 7.2637387E-02 7.0026599E-02 5.7610530E-02 5.6374911E-02 6.1134309E-02 6.0440920E-02 5.9932522E-02 5.9559982E-02 0.0000000E+00 0.0000000E+00 0.0000000E+00 0.0000000E+00 0.0000000E+00 0.0000000E+00 0.0000000E+00 0.0000000E+00 0.0000000E+00 0.0000000E+00 0.0000000E+00 0.0000000E+00 0.0000000E+00 0.0000000E+00 0.0000000E+00 0.0000000E+00 0.0000000E+00 0.0000000E+00 0.0000000E+00
0.0000000E+00 0.0000000E+00 0.0000000E+00 0.0000000E+00 0.0000000E+00 0.0000000E+00 6.0364362E-02 6.5599896E-02 7.0512794E-02 7.5590841E-02 8.5583180E-02 9.2510924E-02 0.1006919 0.1030191 0.1127794 0.1190939 0.1202743 0.1161637 0.1165937 0.1090006 0.1022002 8.6775243E-02 8.2405470E-02 7.3434606E-02 7.0868939E-02 5.8247458E-02 6.2665395E-02 6.1599880E-02 6.0799636E-02 6.0202535E-02 5.9759762E-02 0.0000000E+00 0.0000000E+00 0.0000000E+00 0.0000000E+00 0.0000000E+00 0.0000000E+00 0.0000000E+00 0.0000000E+00 0.0000000E+00 0.0000000E+00 0.0000000E+00 0.0000000E+00 0.0000000E+00 0.0000000E+00 0.0000000E+00 0.0000000E+00 0.0000000E+00 0.0000000E+00 0.0000000E+00
0.0000000E+00 0.0000000E+00 0.0000000E+00 0.0000000E+00 0.0000000E+00 0.0000000E+00 5.9153177E-02 6.4209841E-02 7.2560169E-02 7.7449247E-02 8.2572311E-02 8.8178597E-02 9.4340414E-02 0.1007933 0.1007438 0.1050163 0.1066409 0.1129637 0.1096978 0.1054393 9.1111995E-02 8.6978823E-02 8.3283931E-02 7.4494183E-02 7.1897410E-02 6.4897619E-02 6.3327275E-02 6.2110800E-02 6.1183326E-02 6.0485225E-02 5.9965197E-02 0.0000000E+00 0.0000000E+00 0.0000000E+00 0.0000000E+00 0.0000000E+00 0.0000000E+00 0.0000000E+00 0.0000000E+00 0.0000000E+00 0.0000000E+00 0.0000000E+00 0.0000000E+00 0.0000000E+00 0.0000000E+00 0.0000000E+00 0.0000000E+00 0.0000000E+00 0.0000000E+00 0.0000000E+00
0.0000000E+00 0.0000000E+00 0.0000000E+00 0.0000000E+00 0.0000000E+00 5.5498473E-02 6.1230227E-02 6.6302262E-02 7.0936710E-02 7.5372361E-02 7.9829596E-02 8.4466681E-02 8.9317568E-02 9.9495485E-02 0.1011836 9.6448407E-02 0.1061070 0.1067273 0.1059086 0.1039786 9.1462679E-02 8.8310912E-02 8.4986448E-02 8.4137529E-02 6.8208873E-02 6.5943629E-02 6.4117864E-02 6.2691674E-02 6.1602455E-02 6.0784090E-02 6.0176633E-02 0.0000000E+00 0.0000000E+00 0.0000000E+00 0.0000000E+00 0.0000000E+00 0.0000000E+00 0.0000000E+00 0.0000000E+00 0.0000000E+00 0.0000000E+00 0.0000000E+00 0.0000000E+00 0.0000000E+00 0.0000000E+00 0.0000000E+00 0.0000000E+00 0.0000000E+00 0.0000000E+00 0.0000000E+00
0.0000000E+00 0.0000000E+00 0.0000000E+00 0.0000000E+00 0.0000000E+00 0.0000000E+00 6.0419273E-02 6.5076776E-02 6.9383010E-02 7.3448800E-02 7.7418201E-02 8.1415117E-02 8.5496485E-02 9.4800957E-02 0.1062524 0.1075570 0.1017527 0.1039304 0.1051007 0.1050721 9.4025031E-02 9.9702626E-02 9.6311562E-02 9.2658162E-02 7.0052028E-02 6.7283422E-02 6.5063708E-02 6.3348770E-02 6.2055226E-02 6.1094914E-02 6.0389731E-02 0.0000000E+00 0.0000000E+00 0.0000000E+00 0.0000000E+00 0.0000000E+00 0.0000000E+00 0.0000000E+00 0.0000000E+00 0.0000000E+00 0.0000000E+00 0.0000000E+00 0.0000000E+00 0.0000000E+00 0.0000000E+00 0.0000000E+00 0.0000000E+00 0.0000000E+00 0.0000000E+00 0.0000000E+00
0.0000000E+00 0.0000000E+00 0.0000000E+00 0.0000000E+00 0.0000000E+00 0.0000000E+00 5.6099370E-02 6.3697711E-02 6.7805946E-02 7.1627736E-02 7.5280614E-02 7.8896075E-02 8.7541237E-02 9.1474310E-02 0.1113533 0.1045459 0.1086263 0.1038621 0.1071903 0.1182835 0.1076713 0.1051954 0.1010240 9.6266337E-02 7.2500519E-02 6.8924025E-02 6.6145569E-02 6.4058997E-02 6.2522173E-02 6.1403215E-02 6.0594346E-02 0.0000000E+00 0.0000000E+00 0.0000000E+00 0.0000000E+00 0.0000000E+00 0.0000000E+00 0.0000000E+00 0.0000000E+00 0.0000000E+00 0.0000000E+00 0.0000000E+00 0.0000000E+00 0.0000000E+00 0.0000000E+00 0.0000000E+00 0.0000000E+00 0.0000000E+00 0.0000000E+00 0.0000000E+00
0.0000000E+00 0.0000000E+00 0.0000000E+00 0.0000000E+00 0.0000000E+00 0.0000000E+00 0.0000000E+00 6.2046696E-02 6.6128992E-02 6.9829777E-02 7.3298894E-02 7.6710343E-02 8.5070267E-02 9.5769733E-02 0.1088023 0.1126140 0.1179452 0.1237281 0.1208829 0.1157191 0.1172296 0.1141214 0.1078971 8.9043431E-02 7.5475723E-02 7.0758455E-02 6.7276098E-02 6.4761378E-02 6.2963493E-02 6.1683789E-02 6.0774717E-02 0.0000000E+00 0.0000000E+00 0.0000000E+00 0.0000000E+00 0.0000000E+00 0.0000000E+00 0.0000000E+00 0.0000000E+00 0.0000000E+00 0.0000000E+00 0.0000000E+00 0.0000000E+00 0.0000000E+00 0.0000000E+00 0.0000000E+00 0.0000000E+00 0.0000000E+00 0.0000000E+00 0.0000000E+00
0.0000000E+00 0.0000000E+00 0.0000000E+00 0.0000000E+00 0.0000000E+00 0.0000000E+00 0.0000000E+00 5.6870088E-02 6.4305685E-02 6.7948394E-02 7.1300104E-02 9.3165636E-02 9.7303100E-02 0.1016910 0.1170694 0.1113269 0.1180972 0.1262720 0.1356939 0.1284291 0.1329894 0.1276109 0.1168539 9.4574332E-02 7.8581616E-02 7.2514907E-02 6.8288736E-02 6.5357953E-02 6.3322261E-02 6.1903547E-02 6.0911492E-02 6.7900397E-02 0.0000000E+00 0.0000000E+00 0.0000000E+00 0.0000000E+00 0.0000000E+00 0.0000000E+00 0.0000000E+00 0.0000000E+00 0.0000000E+00 0.0000000E+00 0.0000000E+00 0.0000000E+00 0.0000000E+00 0.0000000E+00 0.0000000E+00 0.0000000E+00 0.0000000E+00 0.0000000E+00
0.0000000E+00 0.0000000E+00 0.0000000E+00 0.0000000E+00 0.0000000E+00 0.0000000E+00 0.0000000E+00 0.0000000E+00 6.2415391E-02 6.5957308E-02 7.3948808E-02 8.2753994E-02 8.6670309E-02 9.9134840E-02 0.1044501 0.1209031 0.1178713 0.1283256 0.1419961 0.1456295 0.1584863 0.1455123 0.1154413 9.9379122E-02 8.8444538E-02 7.3765032E-02 6.8961769E-02 6.5732248E-02 6.3535996E-02 6.2028244E-02 6.0985532E-02 6.7946769E-02 0.0000000E+00 0.0000000E+00 0.0000000E+00 0.0000000E+00 0.0000000E+00 0.0000000E+00 0.0000000E+00 0.0000000E+00 0.0000000E+00 0.0000000E+00 0.0000000E+00 0.0000000E+00 0.0000000E+00 0.0000000E+00 0.0000000E+00 0.0000000E+00 0.0000000E+00 0.0000000E+00
0.0000000E+00 0.0000000E+00 0.0000000E+00 0.0000000E+00 0.0000000E+00 0.0000000E+00 0.0000000E+00 0.0000000E+00 5.7272445E-02 6.3841350E-02 7.5999275E-02 7.9609171E-02 8.3576798E-02 9.5905744E-02 0.1015871 0.1084952 0.1074091 0.1194918 0.1366340 0.1617804 0.2000000 0.1569274 0.1197416 0.1010484 8.9147471E-02 7.4072495E-02 6.9094226E-02 6.5786526E-02 6.3554995E-02 6.2031690E-02 6.8702497E-02 6.7940019E-02 0.0000000E+00 0.0000000E+00 0.0000000E+00 0.0000000E+00 0.0000000E+00 0.0000000E+00 0.0000000E+00 0.0000000E+00 0.0000000E+00 0.0000000E+00 0.0000000E+00 0.0000000E+00 0.0000000E+00 0.0000000E+00 0.0000000E+00 0.0000000E+00 0.0000000E+00 0.0000000E+00
0.0000000E+00 0.0000000E+00 0.0000000E+00 0.0000000E+00 0.0000000E+00 0.0000000E+00 0.0000000E+00 0.0000000E+00 0.0000000E+00 6.4569540E-02 6.7399859E-02 7.0573084E-02 7.9681940E-02 9.1831632E-02 9.7841904E-02 0.1049650 0.1040065 0.1153406 0.1233559 0.1430342 0.1552838 0.1345218 0.1137744 9.8231398E-02 8.7650523E-02 7.3250011E-02 6.8604641E-02 6.5482520E-02 6.3360266E-02 6.1904073E-02 6.8609886E-02 6.7877218E-02 0.0000000E+00 0.0000000E+00 0.0000000E+00 0.0000000E+00 0.0000000E+00 0.0000000E+00 0.0000000E+00 0.0000000E+00 0.0000000E+00 0.0000000E+00 0.0000000E+00 0.0000000E+00 0.0000000E+00 0.0000000E+00 0.0000000E+00 0.0000000E+00 0.0000000E+00 0.0000000E+00
0.0000000E+00 0.0000000E+00 0.0000000E+00 0.0000000E+00 0.0000000E+00 0.0000000E+00 0.0000000E+00 0.0000000E+00 0.0000000E+00 5.7168528E-02 6.2860645E-02 6.5869875E-02 7.5077690E-02 8.6728662E-02 9.3165353E-02 0.1003784 9.9039175E-02 0.1008271 0.1119339 0.1229327 0.1285095 0.1068218 0.1024467 9.2349038E-02 8.4449202E-02 7.1495295E-02 6.7577742E-02 6.4859398E-02 6.2971063E-02 6.1655372E-02 6.8435483E-02 6.7761540E-02 0.0000000E+00 0.0000000E+00 0.0000000E+00 0.0000000E+00 0.0000000E+00 0.0000000E+00 0.0000000E+00 0.0000000E+00 0.0000000E+00 0.0000000E+00 0.0000000E+00 0.0000000E+00 0.0000000E+00 0.0000000E+00 0.0000000E+00 0.0000000E+00 0.0000000E+00 0.0000000E+00
