data/rasters/precip/precipitation_20000110.ASC
NCOLS                  300
NROWS                  325
XLLCORNER       0.0000000E+00
YLLCORNER        300000.0
CELLSIZE         1000.000
NODATA_VALUE    0.0000000E+00
[rows 66 to 87 of 325, columns 150 to 199 of 300]
0.0000000E+00 0.0000000E+00 0.0000000E+00 0.0000000E+00 0.0000000E+00 5.8795292E-02 5.8754411E-02 5.8684256E-02 5.8684256E-02 6.3725553E-02 8.5781179E-02 8.5781179E-02 8.5781179E-02 8.5781179E-02 8.5781179E-02 7.7443928E-02 7.7443928E-02 6.9939911E-02 6.3884079E-02 5.0765712E-02 0.0000000E+00 0.0000000E+00 0.0000000E+00 0.0000000E+00 0.0000000E+00 5.1015068E-02 5.4219779E-02 5.4419782E-02 5.4419782E-02 5.4487318E-02 5.4487318E-02 6.1072167E-02 6.1072167E-02 6.1169192E-02 6.1287541E-02 5.4570135E-02 5.7983972E-02 5.7983972E-02 6.2151264E-02 5.7983972E-02 5.4565582E-02 5.4565582E-02 5.4565582E-02 5.1726069E-02 5.1726069E-02 5.1252183E-02 0.0000000E+00 0.0000000E+00 0.0000000E+00 0.0000000E+00
0.0000000E+00 0.0000000E+00 0.0000000E+00 0.0000000E+00 0.0000000E+00 5.8684256E-02 5.8684256E-02 5.8684256E-02 5.8684256E-02 6.3725553E-02 6.3725553E-02 7.0202522E-02 8.5781179E-02 8.5781179E-02 8.5781179E-02 8.5781179E-02 7.8104205E-02 7.4459061E-02 7.0014626E-02 6.5536581E-02 5.5000253E-02 4.9112212E-02 0.0000000E+00 4.8418064E-02 5.0352804E-02 5.6154847E-02 5.7124443E-02 5.7124443E-02 5.7124443E-02 5.7124443E-02 5.7519715E-02 6.1933279E-02 6.6317476E-02 7.0916682E-02 7.2177663E-02 6.5759182E-02 6.0906816E-02 5.8018524E-02 6.2151264E-02 6.2151264E-02 5.4565582E-02 5.4565582E-02 5.4565582E-02 5.1726069E-02 5.1726069E-02 5.1003721E-02 0.0000000E+00 0.0000000E+00 0.0000000E+00 0.0000000E+00
0.0000000E+00 0.0000000E+00 0.0000000E+00 0.0000000E+00 5.8684256E-02 5.8684256E-02 5.8684256E-02 5.8684256E-02 5.8684256E-02 5.8684256E-02 6.3725553E-02 7.0202522E-02 7.0202522E-02 8.5781179E-02 8.5781179E-02 8.6568020E-02 8.3642028E-02 7.9832472E-02 8.7249257E-02 8.8119604E-02 7.7153809E-02 6.4514361E-02 5.7535209E-02 5.5235121E-02 5.6853380E-02 5.4487318E-02 5.7124443E-02 5.7124443E-02 5.7124443E-02 6.0291182E-02 5.8791034E-02 7.1394332E-02 8.5816450E-02 9.9024691E-02 0.1026034 9.0053447E-02 7.5487494E-02 6.3205376E-02 5.8007989E-02 5.7983972E-02 5.1726069E-02 5.1726069E-02 5.1726069E-02 4.9341142E-02 4.9341142E-02 4.8890285E-02 0.0000000E+00 0.0000000E+00 0.0000000E+00 0.0000000E+00
0.0000000E+00 0.0000000E+00 0.0000000E+00 0.0000000E+00 5.8684256E-02 5.8684256E-02 5.8684256E-02 5.8684256E-02 5.8684256E-02 5.8684256E-02 6.3725553E-02 6.3725553E-02 7.0202522E-02 7.0202522E-02 7.0211753E-02 9.0057611E-02 9.2564754E-02 9.5959999E-02 0.1106685 0.1159962 0.1033459 8.3535776E-02 6.8977401E-02 5.9932720E-02 5.7519801E-02 5.7519801E-02 5.7124443E-02 5.7124443E-02 6.0291182E-02 6.0351465E-02 7.1956903E-02 8.9312375E-02 0.1202938 0.1507133 0.1595007 0.1300924 9.7382762E-02 7.1163796E-02 5.7152320E-02 5.4565582E-02 5.4565582E-02 5.1726069E-02 5.1726069E-02 4.9341142E-02 0.0000000E+00 0.0000000E+00 0.0000000E+00 0.0000000E+00 0.0000000E+00 0.0000000E+00
0.0000000E+00 0.0000000E+00 0.0000000E+00 0.0000000E+00 5.8684256E-02 5.8684256E-02 5.8684256E-02 5.8684256E-02 5.8684256E-02 5.8684256E-02 6.3725553E-02 6.3725553E-02 7.0202522E-02 7.0202522E-02 7.0776142E-02 7.1716644E-02 0.1012035 0.1232839 0.1398108 0.1520547 0.1300670 9.8830439E-02 7.6527514E-02 6.2785767E-02 5.7566810E-02 5.7519801E-02 5.7519801E-02 6.0291182E-02 6.0291182E-02 6.1672416E-02 8.0156393E-02 0.1097463 0.1631991 0.2226936 0.2423797 0.1914860 0.1286402 8.4637530E-02 6.1454736E-02 5.4565582E-02 5.7489689E-02 5.7489689E-02 5.4482143E-02 0.0000000E+00 0.0000000E+00 0.0000000E+00 0.0000000E+00 0.0000000E+00 0.0000000E+00 0.0000000E+00
0.0000000E+00 0.0000000E+00 0.0000000E+00 0.0000000E+00 5.1450081E-02 5.4681890E-02 5.4681890E-02 5.8684256E-02 5.8684256E-02 5.8684256E-02 6.3725553E-02 6.3725553E-02 6.3725553E-02 7.0202522E-02 6.4704210E-02 7.3479846E-02 9.1600813E-02 0.1198259 0.1535776 0.1934422 0.1491858 0.1063017 7.9935133E-02 6.4139508E-02 5.7717759E-02 5.4487318E-02 5.7519715E-02 5.7519715E-02 5.7124369E-02 5.9490599E-02 7.6830760E-02 0.1203542 0.1827965 0.2886145 0.3579563 0.2341873 0.1473981 9.2151105E-02 6.7220137E-02 5.7579212E-02 0.0000000E+00 4.8840251E-02 4.8840251E-02 0.0000000E+00 0.0000000E+00 0.0000000E+00 0.0000000E+00 0.0000000E+00 0.0000000E+00 0.0000000E+00
0.0000000E+00 0.0000000E+00 0.0000000E+00 0.0000000E+00 5.1450081E-02 5.1450081E-02 5.1450081E-02 5.4681890E-02 5.4681890E-02 5.4681890E-02 6.3725553E-02 6.3725553E-02 6.3725553E-02 6.3725553E-02 6.4352080E-02 7.2008364E-02 8.8188909E-02 0.1124932 0.1375732 0.1495898 0.1242801 8.7972209E-02 7.3833577E-02 5.9866432E-02 5.4551542E-02 5.7519715E-02 5.7519715E-02 5.7519715E-02 5.7124369E-02 5.8904536E-02 7.8114346E-02 0.1142271 0.1643505 0.2447877 0.2755534 0.2051705 0.1339557 7.5056113E-02 5.1696416E-02 0.0000000E+00 0.0000000E+00 4.8840251E-02 4.8840251E-02 4.8840251E-02 0.0000000E+00 0.0000000E+00 0.0000000E+00 0.0000000E+00 0.0000000E+00 0.0000000E+00
0.0000000E+00 0.0000000E+00 0.0000000E+00 0.0000000E+00 5.1450081E-02 5.1450081E-02 5.1450081E-02 5.1450081E-02 5.4681890E-02 5.4681890E-02 5.4681890E-02 5.8684256E-02 5.8684256E-02 5.8684256E-02 6.3756123E-02 6.8285242E-02 7.9570420E-02 9.5637009E-02 0.1113719 0.1088732 9.2857257E-02 7.2818570E-02 5.7838783E-02 5.1249016E-02 4.8801940E-02 4.8801940E-02 0.0000000E+00 0.0000000E+00 0.0000000E+00 5.2052617E-02 6.1227694E-02 7.8644261E-02 0.1116261 0.1470850 0.1637367 0.1350150 9.3825109E-02 6.3443057E-02 4.8174627E-02 0.0000000E+00 0.0000000E+00 0.0000000E+00 0.0000000E+00 0.0000000E+00 0.0000000E+00 0.0000000E+00 0.0000000E+00 0.0000000E+00 0.0000000E+00 0.0000000E+00
0.0000000E+00 0.0000000E+00 0.0000000E+00 0.0000000E+00 5.1450081E-02 5.1450081E-02 5.1450081E-02 5.1450081E-02 5.1450081E-02 5.4681890E-02 5.4681890E-02 5.4681890E-02 5.4681890E-02 5.4681890E-02 6.3725553E-02 6.4720854E-02 7.0485681E-02 7.3953673E-02 8.1908815E-02 8.0366224E-02 7.2410271E-02 5.8525622E-02 5.3236533E-02 4.9082641E-02 4.8801940E-02 0.0000000E+00 0.0000000E+00 0.0000000E+00 4.8840251E-02 4.8840251E-02 5.4389447E-02 6.2976837E-02 7.4401036E-02 9.1021076E-02 9.5695511E-02 8.4427752E-02 6.6311710E-02 5.1862009E-02 0.0000000E+00 0.0000000E+00 0.0000000E+00 0.0000000E+00 0.0000000E+00 0.0000000E+00 0.0000000E+00 0.0000000E+00 0.0000000E+00 0.0000000E+00 0.0000000E+00 0.0000000E+00
0.0000000E+00 0.0000000E+00 0.0000000E+00 0.0000000E+00 0.0000000E+00 5.1450081E-02 5.1450081E-02 5.1450081E-02 5.1450081E-02 5.4681890E-02 5.4681890E-02 5.4681890E-02 5.4681890E-02 5.4681890E-02 5.4681890E-02 5.4681890E-02 5.5559870E-02 5.8720417E-02 6.1952420E-02 6.3062131E-02 5.7866335E-02 5.1761087E-02 0.0000000E+00 0.0000000E+00 0.0000000E+00 0.0000000E+00 0.0000000E+00 0.0000000E+00 0.0000000E+00 4.8840251E-02 4.8840251E-02 5.1801592E-02 5.8067441E-02 6.0858306E-02 6.0170185E-02 5.6310501E-02 5.0008278E-02 0.0000000E+00 0.0000000E+00 0.0000000E+00 0.0000000E+00 0.0000000E+00 0.0000000E+00 0.0000000E+00 0.0000000E+00 0.0000000E+00 0.0000000E+00 0.0000000E+00 0.0000000E+00 0.0000000E+00
0.0000000E+00 0.0000000E+00 0.0000000E+00 0.0000000E+00 0.0000000E+00 5.1788148E-02 5.1450081E-02 5.1450081E-02 5.1450081E-02 5.1450081E-02 5.1450081E-02 5.1450081E-02 5.1450081E-02 4.8802000E-02 4.8802000E-02 5.1450081E-02 5.1450081E-02 5.8690213E-02 5.9106324E-02 5.9340045E-02 5.1727790E-02 5.1450007E-02 4.8801940E-02 0.0000000E+00 0.0000000E+00 0.0000000E+00 0.0000000E+00 0.0000000E+00 0.0000000E+00 0.0000000E+00 0.0000000E+00 4.9751386E-02 4.9563032E-02 0.0000000E+00 4.8224531E-02 0.0000000E+00 0.0000000E+00 0.0000000E+00 0.0000000E+00 0.0000000E+00 0.0000000E+00 0.0000000E+00 0.0000000E+00 0.0000000E+00 0.0000000E+00 0.0000000E+00 0.0000000E+00 0.0000000E+00 0.0000000E+00 0.0000000E+00
0.0000000E+00 5.0948448E-02 5.0960131E-02 4.9151830E-02 0.0000000E+00 5.4734543E-02 5.5357482E-02 5.4681797E-02 5.1450007E-02 4.8801940E-02 0.0000000E+00 5.1450081E-02 4.8802000E-02 5.1450007E-02 5.1450007E-02 5.8684140E-02 5.8684140E-02 5.8684140E-02 6.3725404E-02 6.3725404E-02 5.4681797E-02 5.1450007E-02 0.0000000E+00 0.0000000E+00 0.0000000E+00 0.0000000E+00 0.0000000E+00 0.0000000E+00 0.0000000E+00 0.0000000E+00 0.0000000E+00 0.0000000E+00 0.0000000E+00 0.0000000E+00 0.0000000E+00 0.0000000E+00 0.0000000E+00 0.0000000E+00 0.0000000E+00 0.0000000E+00 0.0000000E+00 0.0000000E+00 0.0000000E+00 0.0000000E+00 0.0000000E+00 0.0000000E+00 0.0000000E+00 0.0000000E+00 0.0000000E+00 0.0000000E+00
5.2599542E-02 5.8583058E-02 6.2994108E-02 6.2994108E-02 5.6449685E-02 6.2746346E-02 5.4456707E-02 5.1647529E-02 5.4681797E-02 5.1450007E-02 5.1450007E-02 5.1447302E-02 5.4519702E-02 5.4492880E-02 5.4659508E-02 5.8684140E-02 5.8684140E-02 5.8684140E-02 5.4681797E-02 5.8684140E-02 5.4681797E-02 5.1450007E-02 0.0000000E+00 0.0000000E+00 0.0000000E+00 0.0000000E+00 0.0000000E+00 0.0000000E+00 0.0000000E+00 4.9341142E-02 0.0000000E+00 0.0000000E+00 0.0000000E+00 0.0000000E+00 0.0000000E+00 0.0000000E+00 0.0000000E+00 0.0000000E+00 0.0000000E+00 0.0000000E+00 0.0000000E+00 0.0000000E+00 0.0000000E+00 4.8840251E-02 4.8750740E-02 0.0000000E+00 0.0000000E+00 0.0000000E+00 0.0000000E+00 0.0000000E+00
5.7750221E-02 6.7528017E-02 7.6105379E-02 7.6105379E-02 6.7528017E-02 6.7621291E-02 5.7091124E-02 5.2440930E-02 4.8801940E-02 5.1450007E-02 5.0827958E-02 4.9297914E-02 5.0812598E-02 5.0663836E-02 5.1882498E-02 5.7507452E-02 5.8678295E-02 5.4681797E-02 5.4681797E-02 5.4681797E-02 5.1450007E-02 5.1450007E-02 4.8801940E-02 0.0000000E+00 0.0000000E+00 4.8840251E-02 4.8840251E-02 4.8840251E-02 4.9341142E-02 4.9341142E-02 0.0000000E+00 0.0000000E+00 0.0000000E+00 0.0000000E+00 0.0000000E+00 0.0000000E+00 0.0000000E+00 0.0000000E+00 0.0000000E+00 4.8840251E-02 0.0000000E+00 0.0000000E+00 0.0000000E+00 4.8840251E-02 4.8769996E-02 0.0000000E+00 0.0000000E+00 0.0000000E+00 0.0000000E+00 0.0000000E+00
6.0848974E-02 7.3758043E-02 8.9404404E-02 8.8634245E-02 7.2099932E-02 6.0848974E-02 6.1769638E-02 5.6233507E-02 4.8801940E-02 0.0000000E+00 0.0000000E+00 0.0000000E+00 0.0000000E+00 0.0000000E+00 0.0000000E+00 5.2668314E-02 5.3163998E-02 5.4681797E-02 5.4681797E-02 5.1450007E-02 4.8801940E-02 6.1136976E-02 6.1136976E-02 5.4487247E-02 5.7489689E-02 5.7489689E-02 5.7489689E-02 6.0240433E-02 6.0240433E-02 5.7489689E-02 5.1932298E-02 5.1932298E-02 5.1932298E-02 4.9341142E-02 0.0000000E+00 0.0000000E+00 0.0000000E+00 0.0000000E+00 0.0000000E+00 4.8840251E-02 4.8840251E-02 0.0000000E+00 0.0000000E+00 4.8840251E-02 4.8840251E-02 0.0000000E+00 0.0000000E+00 0.0000000E+00 0.0000000E+00 0.0000000E+00
5.7767741E-02 7.1701527E-02 8.2895622E-02 8.2895622E-02 6.9953531E-02 5.9879445E-02 6.1313950E-02 5.2824736E-02 4.8621669E-02 0.0000000E+00 0.0000000E+00 0.0000000E+00 0.0000000E+00 0.0000000E+00 0.0000000E+00 0.0000000E+00 5.0033309E-02 5.4078981E-02 6.1136976E-02 6.1136976E-02 5.7519715E-02 5.7519715E-02 6.1136976E-02 6.1136976E-02 5.7659805E-02 5.9110735E-02 6.3285112E-02 6.3268639E-02 5.9076667E-02 5.4631792E-02 5.4482143E-02 5.4482143E-02 5.1932298E-02 4.9341142E-02 4.9341142E-02 4.9341142E-02 5.1726069E-02 5.1726069E-02 0.0000000E+00 0.0000000E+00 0.0000000E+00 0.0000000E+00 0.0000000E+00 4.8840251E-02 4.8840251E-02 0.0000000E+00 0.0000000E+00 0.0000000E+00 0.0000000E+00 0.0000000E+00
5.3356081E-02 5.9767794E-02 6.8046458E-02 6.8046458E-02 6.1482944E-02 5.5523891E-02 5.9173748E-02 4.9408868E-02 4.8037253E-02 0.0000000E+00 0.0000000E+00 0.0000000E+00 0.0000000E+00 0.0000000E+00 0.0000000E+00 0.0000000E+00 5.4854687E-02 6.3111924E-02 6.1136976E-02 6.1136976E-02 5.7519715E-02 5.7519715E-02 6.1136976E-02 6.6122606E-02 6.6077091E-02 6.8155348E-02 7.5250275E-02 7.2251603E-02 6.8045080E-02 5.9189107E-02 5.5123419E-02 5.4482143E-02 5.4482143E-02 5.4565582E-02 5.4565582E-02 5.1726069E-02 5.1726069E-02 5.1726069E-02 5.1726069E-02 5.1726069E-02 0.0000000E+00 0.0000000E+00 0.0000000E+00 4.8840251E-02 0.0000000E+00 0.0000000E+00 4.8205171E-02 0.0000000E+00 0.0000000E+00 0.0000000E+00
6.2518336E-02 5.0878890E-02 5.5974022E-02 5.5974022E-02 5.2689381E-02 5.0294384E-02 0.0000000E+00 4.8813704E-02 0.0000000E+00 0.0000000E+00 0.0000000E+00 0.0000000E+00 0.0000000E+00 0.0000000E+00 0.0000000E+00 0.0000000E+00 5.3046409E-02 5.8360334E-02 6.1136976E-02 6.1136976E-02 5.7519715E-02 6.1072167E-02 6.1251063E-02 7.0484892E-02 8.0582775E-02 9.1434814E-02 9.3859166E-02 9.3752265E-02 8.4464915E-02 6.8929985E-02 6.2266283E-02 5.7634600E-02 5.7489689E-02 5.4565582E-02 5.4565582E-02 5.4565582E-02 5.4565582E-02 5.4565582E-02 5.4565582E-02 5.4565582E-02 5.4565582E-02 5.4565582E-02 0.0000000E+00 5.1469814E-02 4.8840251E-02 5.1469814E-02 5.1469814E-02 0.0000000E+00 0.0000000E+00 0.0000000E+00
5.8343876E-02 4.9543697E-02 0.0000000E+00 0.0000000E+00 0.0000000E+00 0.0000000E+00 0.0000000E+00 4.8801940E-02 0.0000000E+00 0.0000000E+00 0.0000000E+00 0.0000000E+00 0.0000000E+00 0.0000000E+00 0.0000000E+00 0.0000000E+00 5.8375366E-02 6.2983178E-02 6.5500684E-02 6.5500684E-02 6.5387018E-02 6.1072167E-02 6.2752083E-02 7.1945243E-02 0.1010012 0.1186294 0.1319596 0.1283735 0.1096615 8.4362216E-02 6.7950182E-02 5.9032977E-02 5.7489689E-02 5.4565582E-02 5.4565582E-02 5.4565582E-02 5.4565582E-02 5.4565582E-02 5.4565582E-02 5.4565582E-02 5.4565582E-02 5.4565582E-02 5.1726069E-02 5.4565582E-02 4.8215698E-02 0.0000000E+00 0.0000000E+00 0.0000000E+00 0.0000000E+00 0.0000000E+00
6.0195420E-02 0.0000000E+00 0.0000000E+00 0.0000000E+00 0.0000000E+00 0.0000000E+00 0.0000000E+00 0.0000000E+00 4.8570167E-02 4.8044413E-02 4.8425123E-02 0.0000000E+00 0.0000000E+00 0.0000000E+00 0.0000000E+00 5.2401360E-02 5.8539640E-02 6.4495698E-02 6.5500684E-02 7.0649661E-02 6.5387018E-02 6.5387018E-02 6.8528190E-02 8.0601804E-02 0.1068079 0.1360024 0.1672320 0.1666062 0.1314367 9.3475923E-02 7.2068729E-02 6.0373019E-02 5.7489689E-02 5.4565582E-02 5.4565582E-02 5.4565582E-02 5.4565582E-02 5.4565582E-02 5.4565582E-02 5.4565582E-02 5.1726069E-02 5.1726069E-02 5.1726069E-02 5.1726069E-02 5.1726069E-02 0.0000000E+00 0.0000000E+00 0.0000000E+00 0.0000000E+00 0.0000000E+00
6.0195420E-02 0.0000000E+00 0.0000000E+00 0.0000000E+00 0.0000000E+00 0.0000000E+00 0.0000000E+00 0.0000000E+00 4.8801940E-02 5.9642665E-02 5.5077538E-02 0.0000000E+00 0.0000000E+00 0.0000000E+00 0.0000000E+00 6.1631072E-02 6.2983178E-02 7.0644662E-02 7.0649661E-02 7.0649661E-02 7.0649661E-02 6.5387018E-02 6.5231994E-02 8.0587536E-02 0.1018148 0.1359365 0.1691228 0.1664212 0.1313690 9.7073451E-02 7.2054736E-02 6.0368259E-02 5.4565582E-02 5.4565582E-02 5.4565582E-02 5.1726069E-02 5.1726069E-02 5.1726069E-02 5.1726069E-02 5.1726069E-02 5.1726069E-02 4.9341142E-02 5.1726069E-02 5.1726069E-02 4.9341142E-02 0.0000000E+00 0.0000000E+00 0.0000000E+00 0.0000000E+00 0.0000000E+00
6.0195420E-02 0.0000000E+00 0.0000000E+00 0.0000000E+00 0.0000000E+00 0.0000000E+00 0.0000000E+00 0.0000000E+00 5.1450007E-02 6.1136976E-02 5.9947874E-02 5.4287303E-02 5.2565556E-02 5.2386336E-02 5.3861335E-02 5.9500102E-02 7.0587277E-02 6.5387018E-02 6.5387018E-02 6.5387018E-02 6.5387018E-02 5.7983972E-02 5.9613988E-02 7.1911708E-02 8.8412859E-02 0.1185033 0.1356526 0.1354355 0.1134724 8.8019878E-02 7.1653418E-02 6.2638029E-02 5.1726069E-02 5.1236525E-02 5.0231546E-02 4.9666930E-02 4.9997330E-02 5.0960422E-02 5.1702034E-02 5.1726069E-02 4.9341142E-02 5.1726069E-02 5.1726069E-02 5.4565582E-02 4.9341142E-02 0.0000000E+00 0.0000000E+00 0.0000000E+00 0.0000000E+00 0.0000000E+00
