data/rasters/precip/precipitation_20000104.ASC
NCOLS                  300
NROWS                  325
XLLCORNER       0.0000000E+00
YLLCORNER        300000.0
CELLSIZE         1000.000
NODATA_VALUE    0.0000000E+00
[rows 225 to 249 of 325, columns 0 to 56 of 300]
0.0000000E+00 0.0000000E+00 0.0000000E+00 0.0000000E+00 0.0000000E+00 0.0000000E+00 0.0000000E+00 0.0000000E+00 0.0000000E+00 0.0000000E+00 0.0000000E+00 0.0000000E+00 0.0000000E+00 0.0000000E+00 0.0000000E+00 0.0000000E+00 0.0000000E+00 3.707385 3.704408 3.700004 3.693414 3.683288 3.665115 3.650769 3.642356 3.636297 3.633405 3.636228 3.639302 3.645040 3.652084 3.659760 3.669170 3.680685 3.693555 3.706026 3.715193 3.716650 3.703462 3.660816 3.594832 3.500642 3.378148 3.233374 3.078977 2.932462 2.845066 2.915599 3.102326 3.316746 3.528114 3.722810 3.890768 4.038348 4.174088 4.292056 4.405731
0.0000000E+00 0.0000000E+00 0.0000000E+00 0.0000000E+00 0.0000000E+00 0.0000000E+00 0.0000000E+00 0.0000000E+00 0.0000000E+00 0.0000000E+00 0.0000000E+00 0.0000000E+00 0.0000000E+00 0.0000000E+00 0.0000000E+00 0.0000000E+00 0.0000000E+00 3.754305 3.754302 3.752540 3.746260 3.733361 3.716310 3.705600 3.696829 3.691412 3.690177 3.694787 3.701827 3.713044 3.727990 3.746078 3.767687 3.792911 3.821170 3.850976 3.879563 3.902192 3.911134 3.892681 3.837601 3.730417 3.588085 3.417651 3.230386 3.035828 2.840857 2.973861 3.231699 3.483320 3.719264 3.924961 4.093087 4.228914 4.345621 4.442919 4.536148
0.0000000E+00 0.0000000E+00 0.0000000E+00 0.0000000E+00 0.0000000E+00 0.0000000E+00 0.0000000E+00 0.0000000E+00 0.0000000E+00 0.0000000E+00 0.0000000E+00 0.0000000E+00 0.0000000E+00 0.0000000E+00 0.0000000E+00 0.0000000E+00 3.769063 3.797734 3.801218 3.802962 3.795275 3.784700 3.766749 3.753140 3.743189 3.737891 3.739108 3.745018 3.756847 3.772402 3.794822 3.823072 3.856557 3.897008 3.941381 3.989897 4.040534 4.089348 4.124943 4.139902 4.105273 4.002678 3.842062 3.651620 3.452915 3.270616 3.154272 3.239140 3.462761 3.714727 3.959756 4.170132 4.325283 4.433917 4.511161 4.583345 4.650091
0.0000000E+00 0.0000000E+00 0.0000000E+00 0.0000000E+00 0.0000000E+00 0.0000000E+00 0.0000000E+00 0.0000000E+00 0.0000000E+00 0.0000000E+00 0.0000000E+00 0.0000000E+00 0.0000000E+00 0.0000000E+00 0.0000000E+00 0.0000000E+00 3.808542 3.835743 3.835902 3.846650 3.846201 3.830178 3.809048 3.792611 3.781476 3.774350 3.776595 3.785069 3.800779 3.821565 3.852445 3.888521 3.934925 3.987215 4.046816 4.111409 4.184179 4.259090 4.336152 4.399564 4.407893 4.302428 4.114807 3.910263 3.722111 3.576695 3.515482 3.581666 3.759103 3.995265 4.244588 4.457828 4.587393 4.646016 4.674054 4.700096 4.742777
0.0000000E+00 0.0000000E+00 0.0000000E+00 0.0000000E+00 0.0000000E+00 0.0000000E+00 0.0000000E+00 0.0000000E+00 0.0000000E+00 0.0000000E+00 0.0000000E+00 0.0000000E+00 0.0000000E+00 0.0000000E+00 0.0000000E+00 0.0000000E+00 3.841476 3.854238 3.866908 3.883952 3.890192 3.861845 3.837418 3.819310 3.807076 3.802136 3.805210 3.815888 3.835429 3.863340 3.900327 3.941728 3.997982 4.059866 4.132356 4.213941 4.301975 4.402954 4.514091 4.634457 4.737293 4.602751 4.369574 4.158357 3.986426 3.871254 3.835503 3.896880 4.050683 4.274439 4.537859 4.776396 4.860277 4.833523 4.798298 4.783952 4.795259
0.0000000E+00 0.0000000E+00 0.0000000E+00 0.0000000E+00 0.0000000E+00 0.0000000E+00 0.0000000E+00 0.0000000E+00 0.0000000E+00 0.0000000E+00 0.0000000E+00 0.0000000E+00 0.0000000E+00 0.0000000E+00 0.0000000E+00 0.0000000E+00 3.851079 3.874193 3.883646 3.892482 3.890480 3.871357 3.849663 3.832300 3.820634 3.816534 3.821298 3.834101 3.856356 3.888698 3.931589 3.982852 4.042844 4.117384 4.199233 4.287724 4.389362 4.501538 4.624376 4.756117 4.864098 4.753133 4.543524 4.355707 4.209526 4.118951 4.097809 4.154755 4.290257 4.496146 4.763240 5.084617 5.070044 4.941057 4.856478 4.815419 4.813293
0.0000000E+00 0.0000000E+00 0.0000000E+00 0.0000000E+00 0.0000000E+00 0.0000000E+00 0.0000000E+00 0.0000000E+00 0.0000000E+00 0.0000000E+00 0.0000000E+00 0.0000000E+00 0.0000000E+00 0.0000000E+00 0.0000000E+00 0.0000000E+00 3.868608 3.885463 3.888245 3.887940 3.880906 3.866050 3.848203 3.833017 3.824009 3.820478 3.825818 3.840411 3.865207 3.901200 3.949204 4.005926 4.076313 4.155263 4.246140 4.339203 4.442531 4.552495 4.664312 4.763885 4.811495 4.755009 4.624995 4.486776 4.374772 4.306902 4.294633 4.343831 4.454311 4.619156 4.822935 5.008465 5.016998 4.913863 4.826399 4.783511 4.787113
0.0000000E+00 0.0000000E+00 0.0000000E+00 0.0000000E+00 0.0000000E+00 0.0000000E+00 0.0000000E+00 0.0000000E+00 0.0000000E+00 0.0000000E+00 0.0000000E+00 0.0000000E+00 0.0000000E+00 0.0000000E+00 0.0000000E+00 0.0000000E+00 0.0000000E+00 3.891257 3.887354 3.880170 3.869040 3.854139 3.837645 3.825377 3.816407 3.814421 3.820119 3.836013 3.862545 3.900424 3.952405 4.018098 4.093889 4.180229 4.267861 4.367262 4.468672 4.569378 4.661813 4.733904 4.762219 4.731027 4.653580 4.562140 4.483945 4.436265 4.429115 4.466287 4.545493 4.656480 4.774986 4.857386 4.854743 4.787893 4.720305 4.695028 4.722417
0.0000000E+00 0.0000000E+00 0.0000000E+00 0.0000000E+00 0.0000000E+00 0.0000000E+00 0.0000000E+00 0.0000000E+00 0.0000000E+00 0.0000000E+00 0.0000000E+00 0.0000000E+00 0.0000000E+00 0.0000000E+00 0.0000000E+00 0.0000000E+00 0.0000000E+00 0.0000000E+00 3.884344 3.871268 3.855860 3.841043 3.823573 3.809630 3.800800 3.799208 3.806218 3.822446 3.849342 3.889142 3.944489 4.016847 4.099990 4.191496 4.281552 4.378513 4.474953 4.565117 4.643106 4.698301 4.718944 4.702445 4.656485 4.599222 4.548234 4.516829 4.512255 4.536344 4.585057 4.646957 4.701512 4.722627 4.692467 4.624949 4.564521 4.558867 4.624284
0.0000000E+00 0.0000000E+00 0.0000000E+00 0.0000000E+00 0.0000000E+00 0.0000000E+00 0.0000000E+00 0.0000000E+00 0.0000000E+00 0.0000000E+00 0.0000000E+00 0.0000000E+00 0.0000000E+00 0.0000000E+00 0.0000000E+00 0.0000000E+00 0.0000000E+00 0.0000000E+00 0.0000000E+00 3.862456 3.845522 3.824516 3.804361 3.788770 3.778948 3.777198 3.784648 3.801496 3.829883 3.869524 3.925848 4.008192 4.099248 4.189439 4.285538 4.380659 4.470773 4.554501 4.619557 4.664745 4.683015 4.673645 4.645982 4.611496 4.580922 4.561972 4.558854 4.571931 4.597202 4.623393 4.634766 4.616309 4.557715 4.467906 4.385390 4.393841 4.518879
0.0000000E+00 0.0000000E+00 0.0000000E+00 0.0000000E+00 0.0000000E+00 0.0000000E+00 0.0000000E+00 0.0000000E+00 0.0000000E+00 0.0000000E+00 0.0000000E+00 0.0000000E+00 0.0000000E+00 0.0000000E+00 0.0000000E+00 0.0000000E+00 0.0000000E+00 0.0000000E+00 0.0000000E+00 0.0000000E+00 3.833187 3.807519 3.783195 3.764427 3.752363 3.749828 3.756184 3.776172 3.808229 3.851755 3.912273 4.001273 4.098315 4.189394 4.286384 4.379844 4.465505 4.540519 4.601015 4.639420 4.654519 4.648338 4.628506 4.609444 4.594523 4.585253 4.583938 4.590189 4.599904 4.604653 4.592198 4.552467 4.476726 4.364011 4.226263 4.226693 4.453969
0.0000000E+00 0.0000000E+00 0.0000000E+00 0.0000000E+00 0.0000000E+00 0.0000000E+00 0.0000000E+00 0.0000000E+00 0.0000000E+00 0.0000000E+00 0.0000000E+00 0.0000000E+00 0.0000000E+00 0.0000000E+00 0.0000000E+00 0.0000000E+00 0.0000000E+00 0.0000000E+00 0.0000000E+00 0.0000000E+00 0.0000000E+00 3.791484 3.761586 3.738046 3.722302 3.716062 3.724375 3.747334 3.785495 3.839275 3.910684 3.999966 4.091476 4.190965 4.289025 4.381616 4.464267 4.534894 4.589152 4.624037 4.638490 4.631615 4.609344 4.603601 4.601511 4.598876 4.599131 4.602701 4.606090 4.601640 4.583054 4.540893 4.470865 4.373679 4.269286 4.295954 4.513906
0.0000000E+00 0.0000000E+00 0.0000000E+00 0.0000000E+00 0.0000000E+00 0.0000000E+00 0.0000000E+00 0.0000000E+00 0.0000000E+00 0.0000000E+00 0.0000000E+00 0.0000000E+00 0.0000000E+00 0.0000000E+00 0.0000000E+00 0.0000000E+00 0.0000000E+00 0.0000000E+00 0.0000000E+00 0.0000000E+00 0.0000000E+00 0.0000000E+00 3.742412 3.711129 3.689896 3.680283 3.688249 3.714584 3.760010 3.824072 3.905462 4.000554 4.094481 4.197694 4.297623 4.390529 4.471657 4.539800 4.591312 4.624279 4.638067 4.634481 4.619628 4.613955 4.611897 4.610523 4.612002 4.617932 4.622962 4.621482 4.609449 4.580773 4.536969 4.487202 4.463111 4.526088 4.686009
0.0000000E+00 0.0000000E+00 0.0000000E+00 0.0000000E+00 0.0000000E+00 0.0000000E+00 0.0000000E+00 0.0000000E+00 0.0000000E+00 0.0000000E+00 0.0000000E+00 0.0000000E+00 0.0000000E+00 0.0000000E+00 0.0000000E+00 0.0000000E+00 0.0000000E+00 0.0000000E+00 0.0000000E+00 0.0000000E+00 0.0000000E+00 0.0000000E+00 3.711898 3.685551 3.654112 3.641331 3.647657 3.677254 3.730725 3.806012 3.899049 4.004358 4.103637 4.212401 4.315909 4.410421 4.491303 4.558374 4.608581 4.640947 4.655848 4.656201 4.649013 4.638974 4.630729 4.626277 4.629177 4.639250 4.652815 4.662947 4.665980 4.661130 4.651367 4.648613 4.675664 4.760756 4.899229
0.0000000E+00 0.0000000E+00 0.0000000E+00 0.0000000E+00 0.0000000E+00 0.0000000E+00 0.0000000E+00 0.0000000E+00 0.0000000E+00 0.0000000E+00 0.0000000E+00 0.0000000E+00 0.0000000E+00 0.0000000E+00 0.0000000E+00 0.0000000E+00 0.0000000E+00 0.0000000E+00 0.0000000E+00 0.0000000E+00 0.0000000E+00 3.758096 3.703100 3.647523 3.607613 3.599967 3.602485 3.635095 3.698233 3.787512 3.895595 4.003411 4.122935 4.239397 4.347701 4.444723 4.526189 4.592982 4.642563 4.674696 4.690317 4.696006 4.686687 4.671946 4.656184 4.646310 4.650270 4.670303 4.698880 4.726807 4.750381 4.771560 4.794295 4.828748 4.888164 4.988035 5.132260
0.0000000E+00 0.0000000E+00 0.0000000E+00 0.0000000E+00 0.0000000E+00 0.0000000E+00 0.0000000E+00 0.0000000E+00 0.0000000E+00 0.0000000E+00 0.0000000E+00 0.0000000E+00 0.0000000E+00 0.0000000E+00 0.0000000E+00 0.0000000E+00 0.0000000E+00 3.988175 3.939314 3.885071 3.834872 3.771108 3.705162 3.636454 3.581224 3.547094 3.543092 3.588264 3.664395 3.772652 3.900587 4.024427 4.157049 4.282632 4.396923 4.496641 4.578858 4.645472 4.694391 4.725959 4.747786 4.748435 4.737332 4.717478 4.692462 4.670912 4.674376 4.712171 4.761479 4.810854 4.855868 4.901753 4.952346 5.014192 5.099275 5.213481 5.364271
0.0000000E+00 0.0000000E+00 0.0000000E+00 0.0000000E+00 0.0000000E+00 0.0000000E+00 0.0000000E+00 0.0000000E+00 0.0000000E+00 0.0000000E+00 0.0000000E+00 0.0000000E+00 0.0000000E+00 0.0000000E+00 4.137368 4.112723 4.076510 4.033104 3.983820 3.927841 3.864553 3.801505 3.721717 3.642096 3.565162 3.507631 3.491287 3.530107 3.626080 3.768394 3.922202 4.065680 4.212669 4.347510 4.467090 4.567048 4.651259 4.717257 4.764874 4.803701 4.817824 4.817757 4.805191 4.782061 4.749764 4.710516 4.704697 4.776213 4.846729 4.914927 4.976824 5.043362 5.117174 5.202578 5.306585 5.432876 5.590195
0.0000000E+00 0.0000000E+00 0.0000000E+00 0.0000000E+00 0.0000000E+00 0.0000000E+00 0.0000000E+00 0.0000000E+00 0.0000000E+00 0.0000000E+00 0.0000000E+00 0.0000000E+00 0.0000000E+00 4.226285 4.196678 4.165218 4.131259 4.090260 4.043008 3.988146 3.924235 3.855682 3.767663 3.672340 3.571319 3.481007 3.436889 3.478405 3.607374 3.781946 3.966679 4.130322 4.289697 4.439361 4.562201 4.665276 4.745376 4.809068 4.864343 4.892638 4.905469 4.904942 4.892748 4.871194 4.842606 4.812926 4.818809 4.885223 4.961327 5.037368 5.114443 5.196517 5.286315 5.388410 5.506347 5.642927 5.807503
0.0000000E+00 0.0000000E+00 0.0000000E+00 0.0000000E+00 0.0000000E+00 0.0000000E+00 0.0000000E+00 0.0000000E+00 0.0000000E+00 0.0000000E+00 0.0000000E+00 4.321473 4.301516 4.280115 4.253962 4.226284 4.196360 4.160158 4.118011 4.068130 4.008395 3.934034 3.850572 3.745743 3.622459 3.487898 3.385375 3.429885 3.623538 3.850488 4.065697 4.245041 4.411680 4.555525 4.677360 4.777835 4.854162 4.924591 4.966696 4.992452 5.003956 5.004237 4.995117 4.981382 4.965164 4.957830 4.977168 5.030286 5.100378 5.178135 5.261154 5.354789 5.456531 5.570761 5.699727 5.845280 6.003617
0.0000000E+00 0.0000000E+00 0.0000000E+00 0.0000000E+00 0.0000000E+00 0.0000000E+00 0.0000000E+00 0.0000000E+00 0.0000000E+00 0.0000000E+00 0.0000000E+00 4.374205 4.357452 4.350439 4.325485 4.295429 4.271294 4.242422 4.208822 4.168477 4.119020 4.055496 3.978408 3.881235 3.754347 3.591961 3.388568 3.436858 3.740200 4.005431 4.232262 4.412436 4.575473 4.714070 4.830021 4.924258 5.004519 5.058682 5.094573 5.115005 5.122821 5.122036 5.114948 5.106225 5.101234 5.107515 5.134530 5.183935 5.248988 5.327842 5.410892 5.508941 5.617127 5.742406 5.879045 6.031466 6.199300
0.0000000E+00 0.0000000E+00 0.0000000E+00 0.0000000E+00 0.0000000E+00 0.0000000E+00 0.0000000E+00 0.0000000E+00 0.0000000E+00 0.0000000E+00 4.442738 4.430683 4.417757 4.413781 4.394256 4.371695 4.354764 4.335605 4.313972 4.287692 4.252824 4.211392 4.158393 4.088800 3.997039 3.878570 3.759221 3.814525 4.047238 4.277468 4.466740 4.635434 4.780901 4.905557 5.010063 5.094223 5.165473 5.210381 5.237577 5.250093 5.252181 5.248749 5.242405 5.238196 5.240838 5.255439 5.287861 5.338179 5.403194 5.480307 5.563880 5.664331 5.777353 5.903475 6.044142 6.203863 6.375770
0.0000000E+00 0.0000000E+00 0.0000000E+00 0.0000000E+00 0.0000000E+00 0.0000000E+00 0.0000000E+00 0.0000000E+00 0.0000000E+00 0.0000000E+00 4.492193 4.490323 4.492281 4.481716 4.468379 4.457305 4.444427 4.437370 4.430572 4.421791 4.408536 4.394681 4.378088 4.358479 4.334439 4.314566 4.318337 4.384217 4.509260 4.650546 4.777971 4.903998 5.019955 5.123806 5.212858 5.292874 5.343841 5.376736 5.391989 5.393833 5.387466 5.378839 5.371236 5.369387 5.376983 5.399397 5.434082 5.485436 5.551963 5.628931 5.718901 5.813236 5.927266 6.054220 6.195290 6.351539 6.523588
0.0000000E+00 0.0000000E+00 0.0000000E+00 0.0000000E+00 0.0000000E+00 0.0000000E+00 0.0000000E+00 0.0000000E+00 0.0000000E+00 0.0000000E+00 4.550478 4.546325 4.558208 4.553342 4.548869 4.543870 4.541352 4.546404 4.554677 4.564580 4.574864 4.592106 4.617349 4.655543 4.714496 4.801710 4.916719 4.998137 5.028875 5.067704 5.120085 5.195068 5.276918 5.357883 5.430850 5.497574 5.535630 5.553922 5.553536 5.540631 5.522409 5.506407 5.495262 5.494085 5.507747 5.532012 5.570882 5.625085 5.690779 5.771265 5.859438 5.952026 6.064307 6.188680 6.326128 6.477538 6.643460
0.0000000E+00 0.0000000E+00 0.0000000E+00 0.0000000E+00 0.0000000E+00 0.0000000E+00 0.0000000E+00 0.0000000E+00 0.0000000E+00 0.0000000E+00 4.610091 4.610191 4.621481 4.627288 4.630164 4.634154 4.643886 4.659239 4.680894 4.705940 4.740924 4.787471 4.851086 4.940252 5.067838 5.251503 5.501690 5.619332 5.510880 5.457167 5.447002 5.478735 5.531465 5.593558 5.660589 5.710343 5.736364 5.737483 5.716616 5.683964 5.650054 5.622789 5.608591 5.609881 5.623559 5.652611 5.696266 5.753282 5.821936 5.902676 5.989460 6.078819 6.186845 6.305475 6.435474 6.577311 6.730801
0.0000000E+00 0.0000000E+00 0.0000000E+00 0.0000000E+00 0.0000000E+00 0.0000000E+00 0.0000000E+00 0.0000000E+00 0.0000000E+00 0.0000000E+00 4.670296 4.674516 4.689983 4.697939 4.708818 4.725717 4.743586 4.770286 4.803095 4.842689 4.896516 4.966156 5.057624 5.179258 5.341875 5.556538 5.815356 5.928913 5.829194 5.754572 5.718824 5.727581 5.763283 5.815183 5.876750 5.924045 5.943287 5.922367 5.873665 5.814884 5.761542 5.722634 5.703763 5.706002 5.724350 5.757680 5.807746 5.870714 5.942276 6.021738 6.110057 6.197299 6.294185 6.404323 6.523701 6.652319 6.789129
