data/rasters/precip/precipitation_20000106.ASC
NCOLS                  300
NROWS                  325
XLLCORNER       0.0000000E+00
YLLCORNER        300000.0
CELLSIZE         1000.000
NODATA_VALUE    0.0000000E+00
[rows 200 to 224 of 325, columns 171 to 227 of 300]
2.643525 2.613514 2.585015 2.553576 2.531711 2.514467 2.482325 2.455936 2.433104 2.407685 2.383461 2.362158 2.345165 2.335396 2.341139 2.348554 2.369551 2.396757 2.425708 2.452184 2.474006 2.483355 2.493713 2.500046 2.505004 2.505752 2.512125 2.507353 2.500461 2.491601 2.481813 2.467266 2.455857 2.458517 2.444176 2.426811 2.413020 2.399160 2.394843 2.382158 2.369829 2.386358 2.373782 2.362433 2.352461 2.444870 2.433081 2.424405 2.420724 2.416299 2.437725 2.447798 2.443368 2.461174 2.482245 2.505810 2.531157
2.555398 2.526379 2.501327 2.475507 2.445510 2.433950 2.401086 2.373067 2.344337 2.314907 2.285915 2.260314 2.235361 2.216767 2.215380 2.219050 2.241020 2.273468 2.309630 2.344419 2.375107 2.392188 2.410732 2.424567 2.430878 2.442469 2.454474 2.454962 2.453032 2.449044 2.443333 2.436208 2.424426 2.430577 2.415796 2.404860 2.393576 2.382042 2.383517 2.373219 2.363283 2.354229 2.375322 2.366174 2.358189 2.467017 2.456944 2.449764 2.447421 2.442866 2.446629 2.451916 0.0000000E+00 2.481617 2.500216 2.521162 0.0000000E+00
2.461976 2.443851 2.417732 2.395280 2.371264 2.355860 2.322966 2.293977 2.262992 2.230661 2.196968 2.162572 2.129010 2.100162 2.082472 2.089549 2.116365 2.158190 2.203924 2.247491 2.286355 2.319739 2.333971 2.354088 2.366090 2.377934 2.400577 2.405713 2.408111 2.408166 2.406234 2.402637 2.410903 2.399223 2.391603 2.383294 2.374446 2.365185 2.355617 2.364505 2.357323 2.349830 2.376908 2.369802 2.363785 2.487788 0.0000000E+00 0.0000000E+00 0.0000000E+00 0.0000000E+00 0.0000000E+00 0.0000000E+00 0.0000000E+00 0.0000000E+00 0.0000000E+00 0.0000000E+00 0.0000000E+00
2.371415 2.358606 2.342668 2.317975 2.305156 2.276127 2.249392 2.219967 2.188247 2.153875 2.116805 2.077582 2.035720 1.993541 1.959769 1.960028 2.000459 2.055978 2.111380 2.162063 2.207271 2.233402 2.253261 2.276228 2.289871 2.303838 2.323868 2.336823 2.340792 2.342287 2.341696 2.383272 2.380290 2.373053 2.368110 2.362298 2.355783 2.348710 2.341203 2.356369 2.350797 2.345425 2.340572 2.373230 2.368988 0.0000000E+00 0.0000000E+00 0.0000000E+00 0.0000000E+00 0.0000000E+00 0.0000000E+00 0.0000000E+00 0.0000000E+00 0.0000000E+00 0.0000000E+00 0.0000000E+00 0.0000000E+00
2.281646 2.278584 2.266439 2.250805 2.234193 2.211295 2.181253 2.152819 2.121836 2.086960 2.048614 2.006546 1.960093 1.909831 1.855488 1.838881 1.908686 1.972130 2.031273 2.083965 2.130189 2.169112 2.191707 2.218134 2.235095 2.252452 2.275724 2.285451 2.298426 2.302833 2.303707 2.319039 2.316768 2.309830 2.305493 2.342043 2.337730 2.332734 2.327297 2.320930 2.344390 2.341007 2.338057 0.0000000E+00 0.0000000E+00 0.0000000E+00 0.0000000E+00 0.0000000E+00 0.0000000E+00 0.0000000E+00 0.0000000E+00 0.0000000E+00 0.0000000E+00 0.0000000E+00 0.0000000E+00 0.0000000E+00 0.0000000E+00
2.204883 2.199734 2.191835 2.183140 2.174632 2.154876 2.118998 2.094642 2.063314 2.029747 1.992758 1.952324 1.908284 1.862494 1.820801 1.814247 1.861878 1.920462 1.977349 2.029207 2.075690 2.116705 2.151179 2.167432 2.186533 2.216311 2.231852 2.244031 2.251190 2.264555 2.285016 2.286664 2.286655 2.285266 2.279506 2.276345 2.274563 2.269674 2.313380 2.308753 2.337753 2.336594 0.0000000E+00 0.0000000E+00 0.0000000E+00 0.0000000E+00 0.0000000E+00 0.0000000E+00 0.0000000E+00 0.0000000E+00 0.0000000E+00 0.0000000E+00 0.0000000E+00 0.0000000E+00 0.0000000E+00 0.0000000E+00 0.0000000E+00
2.137024 2.134103 2.126502 2.125901 2.111113 2.092060 2.070822 2.043879 2.014358 1.982661 1.949220 1.913199 1.879061 1.845276 1.821148 1.821897 1.850729 1.894996 1.943935 1.991472 2.035750 2.075984 2.111905 2.128688 2.149400 2.172770 2.190125 2.204328 2.215746 2.240828 2.246437 2.256006 2.257952 2.258476 2.257112 2.255377 2.252827 2.249617 2.245886 2.241755 0.0000000E+00 0.0000000E+00 0.0000000E+00 0.0000000E+00 0.0000000E+00 0.0000000E+00 0.0000000E+00 0.0000000E+00 0.0000000E+00 0.0000000E+00 0.0000000E+00 0.0000000E+00 0.0000000E+00 0.0000000E+00 0.0000000E+00 0.0000000E+00 0.0000000E+00
2.077082 2.075217 2.069646 2.068408 2.058036 2.036571 2.017903 1.996221 1.971556 1.950615 1.919813 1.890147 1.861714 1.838065 1.824931 1.828511 1.849284 1.882542 1.922019 1.964055 2.004361 2.042142 2.076509 2.091412 2.111841 2.143071 2.161413 2.176787 2.199831 2.209164 2.216344 2.221661 2.228127 2.235373 2.232835 2.232716 2.231747 2.230078 2.227844 0.0000000E+00 0.0000000E+00 0.0000000E+00 0.0000000E+00 0.0000000E+00 0.0000000E+00 0.0000000E+00 0.0000000E+00 0.0000000E+00 0.0000000E+00 0.0000000E+00 0.0000000E+00 0.0000000E+00 0.0000000E+00 0.0000000E+00 0.0000000E+00 0.0000000E+00 0.0000000E+00
2.024975 2.023605 2.026363 2.019173 2.008879 1.992261 1.981685 1.962936 1.940977 1.918462 1.894797 1.871612 1.849363 1.834103 1.827727 1.833112 1.850109 1.876431 1.908910 1.945097 1.981054 2.015813 2.048502 2.078684 2.082963 2.112477 2.131116 2.163344 2.175954 2.189502 2.197454 2.197786 2.202555 2.205971 2.208226 2.210931 2.211382 2.211114 0.0000000E+00 0.0000000E+00 0.0000000E+00 0.0000000E+00 0.0000000E+00 0.0000000E+00 0.0000000E+00 0.0000000E+00 0.0000000E+00 0.0000000E+00 0.0000000E+00 0.0000000E+00 0.0000000E+00 0.0000000E+00 0.0000000E+00 0.0000000E+00 0.0000000E+00 0.0000000E+00 0.0000000E+00
1.973875 1.978924 1.975635 1.975743 1.972235 1.959118 1.945823 1.930192 1.913103 1.893591 1.874834 1.857337 1.842914 1.832190 1.830061 1.836982 1.851985 1.874033 1.901408 1.932651 1.964477 1.995957 2.026178 2.054606 2.085329 2.087122 2.123860 2.139131 2.152035 2.162784 2.171596 2.178685 2.184254 2.183090 2.186552 2.185692 2.187733 2.189086 0.0000000E+00 0.0000000E+00 0.0000000E+00 0.0000000E+00 0.0000000E+00 0.0000000E+00 0.0000000E+00 0.0000000E+00 0.0000000E+00 0.0000000E+00 0.0000000E+00 0.0000000E+00 0.0000000E+00 0.0000000E+00 0.0000000E+00 0.0000000E+00 0.0000000E+00 0.0000000E+00 0.0000000E+00
1.932969 1.938011 1.935883 1.938630 1.927934 1.920195 1.910335 1.897533 1.888648 1.873004 1.858057 1.845337 1.835562 1.831437 1.833078 1.839663 1.853630 1.873042 1.896784 1.923222 1.952298 1.980629 2.008270 2.034685 2.078501 2.082128 2.099410 2.114126 2.127160 2.138286 2.147674 2.155494 2.161917 2.167101 2.171195 2.166192 2.169354 2.171848 0.0000000E+00 0.0000000E+00 0.0000000E+00 0.0000000E+00 0.0000000E+00 0.0000000E+00 0.0000000E+00 0.0000000E+00 0.0000000E+00 0.0000000E+00 0.0000000E+00 0.0000000E+00 0.0000000E+00 0.0000000E+00 0.0000000E+00 0.0000000E+00 0.0000000E+00 0.0000000E+00 0.0000000E+00
1.901282 1.907981 1.907420 1.905781 1.897529 1.891818 1.884423 1.874715 1.863325 1.852540 1.844044 1.834831 1.829366 1.828563 1.833034 1.842885 1.856830 1.875078 1.893765 1.917405 1.943343 1.968788 1.993894 2.035554 2.058380 2.079415 2.077396 2.092032 2.104554 2.115803 2.125530 2.133867 2.140947 2.146900 2.151850 2.153970 2.151785 2.173158 0.0000000E+00 0.0000000E+00 0.0000000E+00 0.0000000E+00 0.0000000E+00 0.0000000E+00 0.0000000E+00 0.0000000E+00 0.0000000E+00 0.0000000E+00 0.0000000E+00 0.0000000E+00 0.0000000E+00 0.0000000E+00 0.0000000E+00 0.0000000E+00 0.0000000E+00 0.0000000E+00 0.0000000E+00
1.874520 1.875965 1.876833 1.876524 1.869642 1.866560 1.861623 1.854484 1.846714 1.838382 1.830586 1.824879 1.822946 1.825347 1.832500 1.843870 1.857788 1.875083 1.894813 1.916212 1.939801 1.970747 1.987324 2.019814 2.040839 2.060474 2.078822 2.071745 2.084281 2.095099 2.104978 2.113655 2.140222 2.146297 2.151296 2.155314 2.157485 2.155170 0.0000000E+00 0.0000000E+00 0.0000000E+00 0.0000000E+00 0.0000000E+00 0.0000000E+00 0.0000000E+00 0.0000000E+00 0.0000000E+00 0.0000000E+00 0.0000000E+00 0.0000000E+00 0.0000000E+00 0.0000000E+00 0.0000000E+00 0.0000000E+00 0.0000000E+00 0.0000000E+00 0.0000000E+00
1.844510 1.847802 1.850029 1.846693 1.847416 1.846437 1.843671 1.839217 1.833061 1.826562 1.820236 1.815814 1.816086 1.822137 1.831699 1.844724 1.858876 1.875587 1.893852 1.919342 1.940775 1.961854 1.993061 2.014163 2.033653 2.051511 2.068192 2.069964 2.082339 2.093570 2.103413 2.112082 2.119644 2.126170 2.131735 2.136413 2.139348 2.142594 0.0000000E+00 0.0000000E+00 0.0000000E+00 0.0000000E+00 0.0000000E+00 0.0000000E+00 0.0000000E+00 0.0000000E+00 0.0000000E+00 0.0000000E+00 0.0000000E+00 0.0000000E+00 0.0000000E+00 0.0000000E+00 0.0000000E+00 0.0000000E+00 0.0000000E+00 0.0000000E+00 0.0000000E+00
1.817752 1.822834 1.827227 1.826075 1.828711 1.829744 1.828989 1.826455 1.822164 1.817177 1.811743 1.806976 1.808362 1.818843 1.831972 1.846136 1.860470 1.880847 1.898447 1.916455 1.935620 1.954328 1.981782 2.000593 2.017929 2.034532 2.050060 2.064598 2.062984 2.073708 2.083547 2.092268 2.100051 2.106941 2.112987 2.118243 2.121871 2.125835 0.0000000E+00 0.0000000E+00 0.0000000E+00 0.0000000E+00 0.0000000E+00 0.0000000E+00 0.0000000E+00 0.0000000E+00 0.0000000E+00 0.0000000E+00 0.0000000E+00 0.0000000E+00 0.0000000E+00 0.0000000E+00 0.0000000E+00 0.0000000E+00 0.0000000E+00 0.0000000E+00 0.0000000E+00
1.794738 1.801766 1.807751 1.808721 1.813147 1.816102 1.817189 1.816316 1.813740 1.810407 1.806555 1.802795 1.805274 1.818322 1.833977 1.849776 1.866389 1.881914 1.898187 1.914351 1.930321 1.955199 1.971475 1.988040 2.003530 2.018582 2.033145 2.047176 2.059492 2.055017 2.064536 2.073375 2.081318 2.088509 2.094974 2.100747 2.105014 2.109635 2.113683 0.0000000E+00 0.0000000E+00 0.0000000E+00 0.0000000E+00 0.0000000E+00 0.0000000E+00 0.0000000E+00 0.0000000E+00 0.0000000E+00 0.0000000E+00 0.0000000E+00 0.0000000E+00 0.0000000E+00 0.0000000E+00 0.0000000E+00 0.0000000E+00 0.0000000E+00 0.0000000E+00
1.773710 1.781839 1.787077 1.794252 1.800073 1.804902 1.807603 1.807859 1.806941 1.805790 1.804687 1.805233 1.810554 1.821755 1.836083 1.850855 1.866795 1.884510 1.898491 1.912785 1.932547 1.947676 1.962223 1.977808 1.991973 2.006074 2.020058 2.033864 2.047431 2.061705 2.053668 2.063482 2.063318 2.070773 2.077619 2.083866 2.088732 2.093965 2.098671 0.0000000E+00 0.0000000E+00 0.0000000E+00 0.0000000E+00 0.0000000E+00 0.0000000E+00 0.0000000E+00 0.0000000E+00 0.0000000E+00 0.0000000E+00 0.0000000E+00 0.0000000E+00 0.0000000E+00 0.0000000E+00 0.0000000E+00 0.0000000E+00 0.0000000E+00 0.0000000E+00
1.756339 1.763098 1.772626 1.781076 1.789282 1.795501 1.799494 1.800611 1.801204 1.801716 1.803133 1.806562 1.813430 1.824199 1.838301 1.853078 1.868870 1.884410 1.900701 1.912030 1.928379 1.941128 1.953529 1.965743 1.978227 1.990949 2.003840 2.016820 2.029805 2.042712 2.056409 2.068672 2.055997 2.065155 2.073827 2.081991 2.088544 2.078796 2.084125 0.0000000E+00 0.0000000E+00 0.0000000E+00 0.0000000E+00 0.0000000E+00 0.0000000E+00 0.0000000E+00 0.0000000E+00 0.0000000E+00 0.0000000E+00 0.0000000E+00 0.0000000E+00 0.0000000E+00 0.0000000E+00 0.0000000E+00 0.0000000E+00 0.0000000E+00 0.0000000E+00
1.743928 1.751775 1.761839 1.770764 1.778692 1.785575 1.790511 1.793351 1.795576 1.797872 1.801254 1.806484 1.814353 1.825164 1.838609 1.853872 1.870112 1.886045 1.899765 1.912562 1.922632 1.933092 1.942877 1.953249 1.964216 1.975715 1.987653 1.999926 2.012429 2.025059 2.037716 2.051156 2.063209 2.049216 2.058371 2.067092 2.074324 2.082229 2.089644 0.0000000E+00 0.0000000E+00 0.0000000E+00 0.0000000E+00 0.0000000E+00 0.0000000E+00 0.0000000E+00 0.0000000E+00 0.0000000E+00 0.0000000E+00 0.0000000E+00 0.0000000E+00 0.0000000E+00 0.0000000E+00 0.0000000E+00 0.0000000E+00 0.0000000E+00 0.0000000E+00
1.732817 1.744139 1.754067 1.762838 1.770613 1.777400 1.783211 1.786486 1.789961 1.793741 1.798294 1.804613 1.813056 1.823883 1.837487 1.852512 1.869128 1.886330 1.901770 1.908861 1.914248 1.917000 1.931080 1.939879 1.949575 1.960066 1.971235 1.982960 1.995117 2.007582 2.020236 2.032964 2.046307 2.058561 2.043428 2.052723 2.060644 2.037363 2.045106 0.0000000E+00 0.0000000E+00 0.0000000E+00 0.0000000E+00 0.0000000E+00 0.0000000E+00 0.0000000E+00 0.0000000E+00 0.0000000E+00 0.0000000E+00 0.0000000E+00 0.0000000E+00 0.0000000E+00 0.0000000E+00 0.0000000E+00 0.0000000E+00 0.0000000E+00 0.0000000E+00
1.732850 1.740290 1.749392 1.757421 1.764592 1.771021 1.776767 1.782338 1.785266 1.789093 1.794333 1.801152 1.809824 1.820343 1.833596 1.847947 1.864142 1.882942 1.900035 1.901371 1.904735 1.910076 1.910522 1.916337 1.923245 1.943760 1.954379 1.965744 1.977716 1.990158 2.002930 2.015896 2.028929 2.042436 2.054921 2.067135 2.017866 2.026470 0.0000000E+00 0.0000000E+00 0.0000000E+00 0.0000000E+00 0.0000000E+00 0.0000000E+00 0.0000000E+00 0.0000000E+00 0.0000000E+00 0.0000000E+00 0.0000000E+00 0.0000000E+00 0.0000000E+00 0.0000000E+00 0.0000000E+00 0.0000000E+00 0.0000000E+00 0.0000000E+00 0.0000000E+00
1.734364 1.743117 1.750636 1.754549 1.760671 1.766398 1.771843 1.777570 1.783036 1.785329 1.789638 1.796572 1.804763 1.814526 1.826917 1.839752 1.855429 1.869417 1.880720 1.885928 1.889681 1.894780 1.900645 1.901290 1.907701 1.915225 1.923761 1.933192 1.943383 1.954189 1.965464 1.977060 1.993945 2.006231 2.018414 1.890603 1.895702 1.900772 0.0000000E+00 0.0000000E+00 0.0000000E+00 0.0000000E+00 0.0000000E+00 0.0000000E+00 0.0000000E+00 0.0000000E+00 0.0000000E+00 0.0000000E+00 0.0000000E+00 0.0000000E+00 0.0000000E+00 0.0000000E+00 0.0000000E+00 0.0000000E+00 0.0000000E+00 0.0000000E+00 0.0000000E+00
1.740410 1.746796 1.752160 1.757008 1.758793 1.763466 1.768291 1.773281 1.779242 1.780766 1.786280 1.791040 1.798405 1.808334 1.817918 1.830637 1.841446 1.851971 1.860633 1.867100 1.871452 1.876161 1.882693 1.890506 1.890934 1.898359 1.906909 1.916478 1.926930 1.941770 1.954002 1.966636 1.979505 1.877485 1.883703 1.887989 1.893664 1.899257 1.904735 0.0000000E+00 0.0000000E+00 0.0000000E+00 0.0000000E+00 0.0000000E+00 0.0000000E+00 0.0000000E+00 0.0000000E+00 0.0000000E+00 0.0000000E+00 0.0000000E+00 0.0000000E+00 0.0000000E+00 0.0000000E+00 0.0000000E+00 0.0000000E+00 0.0000000E+00 0.0000000E+00
1.750930 1.754182 1.756636 1.758995 1.761839 1.765472 1.766149 1.770632 1.775918 1.781029 1.781599 1.787022 1.791302 1.802647 1.809818 1.817639 1.825774 1.833621 1.841522 1.846812 1.849543 1.855655 1.862516 1.870532 1.876274 1.880554 1.889329 1.901897 1.913280 1.925514 1.938403 1.859701 1.866066 1.872947 1.879914 1.886710 1.891697 1.897864 1.903849 1.919533 0.0000000E+00 0.0000000E+00 0.0000000E+00 0.0000000E+00 0.0000000E+00 0.0000000E+00 0.0000000E+00 0.0000000E+00 0.0000000E+00 0.0000000E+00 0.0000000E+00 0.0000000E+00 0.0000000E+00 0.0000000E+00 0.0000000E+00 0.0000000E+00 0.0000000E+00
1.756819 1.765313 1.764024 1.763165 1.763605 1.765700 1.769239 1.772940 1.778627 1.778667 1.784807 1.781674 1.790612 1.793443 1.798415 1.803818 1.809466 1.815059 1.821530 1.826064 1.827681 1.834013 1.841143 1.849426 1.859083 1.865372 1.873177 1.884084 1.834234 1.839858 1.846245 1.853208 1.860569 1.868166 1.876178 1.883770 1.889896 1.896679 1.912176 1.918686 1.924860 0.0000000E+00 0.0000000E+00 0.0000000E+00 0.0000000E+00 0.0000000E+00 0.0000000E+00 0.0000000E+00 0.0000000E+00 0.0000000E+00 0.0000000E+00 0.0000000E+00 0.0000000E+00 0.0000000E+00 0.0000000E+00 0.0000000E+00 0.0000000E+00
