data/rasters/precip/precipitation_20000101.ASC
NCOLS                  300
NROWS                  325
XLLCORNER       0.0000000E+00
YLLCORNER        300000.0
CELLSIZE         1000.000
NODATA_VALUE    0.0000000E+00
[rows 144 to 167 of 325, columns 220 to 274 of 300]
0.2894082 0.2952893 0.2726178 0.2693167 0.2745511 0.2858003 0.3229725 0.3364126 0.3500633 0.3636591 0.3730248 0.3871753 0.3774456 0.3646421 0.3531720 0.3471386 0.3481207 0.3568443 0.3617140 0.3720347 0.3748251 0.3653674 0.3381390 0.3011908 0.2674203 0.2288502 0.1925643 0.1661350 0.1624626 0.1713236 0.1996158 0.2462160 0.3127408 0.3787412 0.4411381 0.4900796 0.5202428 0.5210609 0.4986556 0.4259680 0.3965534 0.3684090 0.3479713 0.3353601 0.3293771 0.3280264 0.3269569 0.3265068 0.3267874 0.3273643 0.3279884 0.3283984 0.0000000E+00 0.0000000E+00 0.0000000E+00
0.2854109 0.2925481 0.2662233 0.2742095 0.2882813 0.3191017 0.3278899 0.3923987 0.4189313 0.4159178 0.4262614 0.4374779 0.4218995 0.4011667 0.3789558 0.3610905 0.3491473 0.3470410 0.3536673 0.3557641 0.3548090 0.3456327 0.3107167 0.2675622 0.2211910 0.1800460 0.0000000E+00 0.0000000E+00 0.0000000E+00 0.0000000E+00 0.0000000E+00 0.1766136 0.2308081 0.2977847 0.3575983 0.4074674 0.4429363 0.4541194 0.4427780 0.4241859 0.3651425 0.3475981 0.3370150 0.3337832 0.3334693 0.3327810 0.3292993 0.3286185 0.3284143 0.3284358 0.3284358 0.3284358 0.0000000E+00 0.0000000E+00 0.0000000E+00
0.2795246 0.2861400 0.2691470 0.2849751 0.3102260 0.3519666 0.3775972 0.4475132 0.4830586 0.5078365 0.5107922 0.5183581 0.4950635 0.4642974 0.4309926 0.3997301 0.3761489 0.3619838 0.3586344 0.3541335 0.3475254 0.3196268 0.2802629 0.2337138 0.1847658 0.0000000E+00 0.0000000E+00 0.0000000E+00 0.0000000E+00 0.0000000E+00 0.0000000E+00 0.0000000E+00 0.1761335 0.2327445 0.2951789 0.3470896 0.3841667 0.4035189 0.4027804 0.3915967 0.3459506 0.3378207 0.3346117 0.3338564 0.3337377 0.3332205 0.3323970 0.3289396 0.3284689 0.3284358 0.3284358 0.3284358 0.0000000E+00 0.0000000E+00 0.0000000E+00
0.2753099 0.2852457 0.3035111 0.3017174 0.3362995 0.3961167 0.4313580 0.5179361 0.5625549 0.5951884 0.6171427 0.6000893 0.5656361 0.5215876 0.4810315 0.4374046 0.4007618 0.3748656 0.3610724 0.3554540 0.3376154 0.3055161 0.2627138 0.2134775 0.1623927 0.0000000E+00 0.0000000E+00 0.0000000E+00 0.0000000E+00 0.0000000E+00 0.0000000E+00 0.0000000E+00 0.0000000E+00 0.1962507 0.2513169 0.3107342 0.3519782 0.3769589 0.3831892 0.3803636 0.3490169 0.3473325 0.3441802 0.3398410 0.3357196 0.3334876 0.3326975 0.3318236 0.3285448 0.3284358 0.3284358 0.2955790 0.0000000E+00 0.0000000E+00 0.0000000E+00
0.2741900 0.2879791 0.3135224 0.3493589 0.3704692 0.4390086 0.4907811 0.5981075 0.6556645 0.7001766 0.7267423 0.7011071 0.6515985 0.5905902 0.5282622 0.4712267 0.4233528 0.3868343 0.3715940 0.3571663 0.3288721 0.2951836 0.2515380 0.2020785 0.1511349 0.0000000E+00 0.0000000E+00 0.0000000E+00 0.0000000E+00 0.0000000E+00 0.0000000E+00 0.0000000E+00 0.0000000E+00 0.1845316 0.2421940 0.2966096 0.3475846 0.3765181 0.3870354 0.3859538 0.3715795 0.3692090 0.3628261 0.3539869 0.3447101 0.3370430 0.3329362 0.3319695 0.3312959 0.3284358 0.3284358 0.2955790 0.2955790 0.0000000E+00 0.0000000E+00
0.2748262 0.2910731 0.3241660 0.3703059 0.3983410 0.4613163 0.5452260 0.6361943 0.7619832 0.8405364 0.8620385 0.8229401 0.7529055 0.6727470 0.5949565 0.5258484 0.4684992 0.4244050 0.4041895 0.3836379 0.3501874 0.3140793 0.2514602 0.2033554 0.1540536 0.0000000E+00 0.0000000E+00 0.0000000E+00 0.0000000E+00 0.0000000E+00 0.0000000E+00 0.0000000E+00 0.0000000E+00 0.1964934 0.2564419 0.3154362 0.3656555 0.4041203 0.4116784 0.4062425 0.4066969 0.4013891 0.3900009 0.3752377 0.3597944 0.3460888 0.3362133 0.3320183 0.3313191 0.3311295 0.3284358 0.2955790 0.2955790 0.2955790 0.0000000E+00
0.2750728 0.2936225 0.3300944 0.3815989 0.4452574 0.4945038 0.6266499 0.7379525 0.8738933 0.9668003 0.9935458 0.9262501 0.8252041 0.7226686 0.6294923 0.5495806 0.4844068 0.4441045 0.4096866 0.3873366 0.3640387 0.3216399 0.2784078 0.2295417 0.1794508 0.0000000E+00 0.0000000E+00 0.0000000E+00 0.0000000E+00 0.0000000E+00 0.0000000E+00 0.0000000E+00 0.1625961 0.2227981 0.2874452 0.3511936 0.4057057 0.4444178 0.4612584 0.4617193 0.4548241 0.4430363 0.4242924 0.4019515 0.3792784 0.3589690 0.3431594 0.3335983 0.3312928 0.3311295 0.3033169 0.2955790 0.2955790 0.2955790 0.0000000E+00
0.2767096 0.2955372 0.3327056 0.4155793 0.5063760 0.5450031 0.6512065 0.7760411 0.9149462 1.076150 1.128631 0.9987017 0.8674185 0.7495425 0.6473607 0.5616143 0.5017259 0.4491490 0.4125210 0.3907045 0.3712518 0.3420771 0.2952070 0.2511125 0.2056190 0.1665905 0.0000000E+00 0.0000000E+00 0.0000000E+00 0.0000000E+00 0.0000000E+00 0.0000000E+00 0.1990873 0.2609158 0.3282932 0.3973520 0.4573345 0.4996483 0.5211809 0.5248669 0.5112060 0.4911151 0.4630145 0.4316577 0.4009580 0.3737623 0.3521021 0.3375121 0.3313107 0.3311295 0.3033169 0.2955790 0.2955790 0.2955790 0.0000000E+00
0.2796426 0.3225746 0.3566566 0.4147711 0.4849642 0.5725300 0.6422747 0.7656800 0.9023705 1.049887 1.090208 0.9836758 0.8593947 0.7445822 0.6441041 0.5682538 0.5002903 0.4482375 0.4120062 0.3917279 0.3790994 0.3567467 0.3160369 0.2782955 0.2387716 0.2062590 0.1742706 0.1519477 0.0000000E+00 0.1462358 0.1544252 0.1874196 0.2466597 0.3077661 0.3781819 0.4483022 0.5120416 0.5597783 0.5832305 0.5914330 0.5718004 0.5415714 0.5023552 0.4610569 0.4221361 0.3883161 0.3613160 0.3423397 0.3323991 0.3033169 0.3033169 0.3033169 0.2955790 0.4112705 0.0000000E+00
0.3006756 0.3153949 0.3462555 0.3962018 0.4656673 0.5411187 0.6319652 0.7084066 0.8192127 0.9171503 0.9528387 0.8964136 0.8055534 0.7095480 0.6288375 0.5524608 0.4897515 0.4544345 0.4212997 0.4034496 0.3983219 0.3836801 0.3582232 0.3178417 0.2841212 0.2581669 0.2303617 0.2109884 0.2038599 0.2068126 0.2241384 0.2525804 0.2977043 0.3598027 0.4276986 0.4979618 0.5633041 0.6140912 0.6472836 0.6594954 0.6333676 0.5892445 0.5373140 0.4861382 0.4398107 0.4004183 0.3691490 0.3468026 0.3340755 0.3033169 0.3033169 0.3033169 0.4112705 0.0000000E+00 0.0000000E+00
0.2944574 0.3026867 0.3241032 0.3576901 0.4246872 0.4901442 0.5678264 0.6520489 0.7065480 0.7848157 0.8199380 0.7857721 0.7358137 0.6736822 0.6025929 0.5384897 0.4847865 0.4433310 0.4152655 0.4016043 0.4004495 0.3953626 0.3794810 0.3563921 0.3216799 0.3039866 0.2818360 0.2662899 0.2614169 0.2638171 0.2800821 0.3180939 0.3640503 0.4179887 0.4706368 0.5374275 0.6005065 0.6554153 0.7065526 0.7303571 0.6909249 0.6254848 0.5614168 0.5025516 0.4510930 0.4081116 0.3742269 0.3498862 0.3076573 0.3033169 0.3033169 0.4000217 0.4000217 0.0000000E+00 0.0000000E+00
0.2821324 0.2813126 0.2950062 0.3195074 0.3742111 0.4282200 0.4921329 0.5598104 0.6218722 0.6612173 0.6763996 0.7002344 0.6577563 0.6042988 0.5580582 0.5067641 0.4632136 0.4298725 0.4084530 0.4004666 0.4004495 0.4004260 0.3947631 0.3814168 0.3545540 0.3453861 0.3291225 0.3175021 0.3148810 0.3198308 0.3379068 0.3670805 0.4084305 0.4822075 0.5366002 0.5688281 0.6221911 0.6730332 0.7375537 0.7935625 0.7130610 0.6425667 0.5680254 0.5067447 0.4539211 0.4101096 0.3756892 0.3509545 0.3081547 0.3033169 0.4000217 0.0000000E+00 0.0000000E+00 0.0000000E+00 0.0000000E+00
0.2640454 0.2577801 0.2588326 0.2849566 0.3202504 0.3634846 0.4154109 0.4703536 0.5205032 0.5957466 0.5869010 0.5800820 0.5826560 0.5442653 0.5029999 0.4739503 0.4409813 0.4165642 0.4027968 0.4004495 0.4004495 0.4004495 0.4004495 0.3970591 0.4000853 0.3777807 0.3675046 0.3631015 0.3629890 0.3683982 0.3797414 0.4038767 0.4385192 0.5059820 0.5490375 0.5906596 0.6154181 0.6668274 0.7147021 0.7312307 0.6778973 0.6237050 0.5637130 0.4977400 0.4478321 0.4061562 0.3733617 0.3219404 0.3075782 0.0000000E+00 0.0000000E+00 0.0000000E+00 0.0000000E+00 0.0000000E+00 0.0000000E+00
0.2418892 0.2313242 0.2271093 0.2421370 0.2673849 0.3017710 0.3450077 0.4067724 0.4508573 0.5056254 0.5351480 0.4999041 0.5172501 0.4907222 0.4615332 0.4338671 0.4212997 0.4059936 0.4004495 0.4004495 0.4004495 0.4004495 0.4004495 0.4004495 0.4214570 0.4234672 0.4056597 0.4017832 0.4089922 0.4096577 0.4167244 0.4240741 0.4497354 0.5073256 0.5402439 0.5771044 0.6160514 0.6334701 0.6655732 0.6770185 0.6174177 0.5836892 0.5362294 0.4890398 0.4342062 0.3970934 0.3399813 0.0000000E+00 0.0000000E+00 0.0000000E+00 0.0000000E+00 0.0000000E+00 0.0000000E+00 0.0000000E+00 0.0000000E+00
0.2198328 0.2064082 0.1981674 0.2026062 0.2199811 0.2517514 0.2984004 0.3410147 0.3809933 0.4135182 0.4661329 0.4752143 0.4714007 0.4467886 0.4275883 0.4099493 0.3966669 0.3903210 0.4004495 0.4004495 0.4097254 0.4138846 0.4138846 0.4138846 0.4272964 0.4272964 0.4272964 0.4334697 0.4183653 0.4231518 0.4253182 0.4354595 0.4532528 0.5045943 0.5327404 0.5638246 0.5872580 0.6160668 0.6138592 0.5827662 0.5714467 0.5447295 0.5008556 0.4632755 0.4276915 0.3842122 0.3314711 0.0000000E+00 0.0000000E+00 0.0000000E+00 0.0000000E+00 0.0000000E+00 0.0000000E+00 0.0000000E+00 0.0000000E+00
0.1999798 0.1829178 0.1733129 0.1691967 0.1819333 0.2145073 0.2515866 0.2912113 0.3365779 0.3687214 0.4131849 0.4365174 0.4396687 0.4323419 0.4117097 0.4037070 0.4003885 0.4098464 0.4100772 0.4215267 0.4215267 0.4215267 0.4215087 0.4343718 0.4265810 0.4324063 0.4322553 0.4323846 0.4327470 0.4230503 0.4236562 0.4300413 0.4435763 0.4905834 0.5133253 0.5382370 0.5628967 0.5842324 0.5987198 0.5250806 0.5174893 0.4988232 0.4839921 0.4348753 0.4067376 0.4431854 0.0000000E+00 0.0000000E+00 0.0000000E+00 0.0000000E+00 0.0000000E+00 0.0000000E+00 0.0000000E+00 0.0000000E+00 0.0000000E+00
0.1835368 0.1652662 0.1463772 0.0000000E+00 0.1538098 0.1887738 0.2271493 0.2662748 0.3018355 0.3310960 0.3735388 0.3978543 0.4052051 0.4045930 0.4101659 0.4424049 0.4033264 0.4062862 0.4087729 0.4100379 0.4215267 0.4211935 0.4203199 0.4319518 0.4367940 0.4358248 0.4354563 0.4286475 0.4295030 0.4363363 0.4220322 0.4251516 0.4343079 0.4484172 0.4937777 0.5127174 0.5312382 0.5469090 0.5572947 0.4892417 0.4840934 0.4566808 0.4494941 0.5019230 0.4469558 0.0000000E+00 0.0000000E+00 0.0000000E+00 0.0000000E+00 0.0000000E+00 0.0000000E+00 0.0000000E+00 0.0000000E+00 0.0000000E+00 0.0000000E+00
0.1810412 0.1602053 0.0000000E+00 0.0000000E+00 0.0000000E+00 0.1790016 0.2181214 0.2536662 0.2845880 0.3101675 0.3490881 0.3743080 0.3822133 0.3941230 0.3953865 0.3987400 0.4334983 0.4402579 0.4039678 0.4079191 0.4207532 0.4193996 0.4221386 0.4331765 0.4307761 0.4291035 0.4284745 0.4290117 0.4306103 0.4313509 0.4339991 0.4365431 0.4263254 0.4358257 0.4762473 0.4897098 0.5029766 0.5141462 0.5214819 0.4795496 0.4443700 0.4961342 0.4842141 0.4670897 0.0000000E+00 0.0000000E+00 0.0000000E+00 0.0000000E+00 0.0000000E+00 0.0000000E+00 0.0000000E+00 0.0000000E+00 0.0000000E+00 0.0000000E+00 0.0000000E+00
0.1916802 0.1721835 0.1477554 0.0000000E+00 0.1545230 0.1878934 0.2227601 0.2546230 0.2816987 0.3035215 0.3375779 0.3661255 0.3725226 0.3756336 0.3774529 0.3823957 0.3896337 0.4267984 0.4369079 0.4447849 0.4483881 0.4208924 0.4302840 0.4260311 0.4222941 0.4196956 0.4187175 0.4195530 0.4220366 0.4305026 0.4349801 0.4324803 0.4361265 0.4419548 0.4625442 0.4710469 0.4797934 0.4872817 0.5100791 0.5115658 0.5094723 0.4692643 0.0000000E+00 0.0000000E+00 0.0000000E+00 0.0000000E+00 0.0000000E+00 0.0000000E+00 0.0000000E+00 0.0000000E+00 0.0000000E+00 0.0000000E+00 0.0000000E+00 0.0000000E+00 0.0000000E+00
0.2195443 0.2014983 0.1854834 0.1716904 0.1867131 0.2099143 0.2365479 0.2618421 0.2831832 0.2999421 0.3189419 0.3493295 0.3536518 0.3530684 0.3556535 0.3626444 0.3727621 0.3844405 0.4003158 0.4406593 0.4461483 0.4460872 0.4714739 0.4618258 0.4534093 0.4475530 0.4061263 0.4073809 0.4151031 0.4207671 0.4272554 0.4336791 0.4393261 0.5460152 0.5531864 0.5578780 0.5314459 0.5354127 0.4888390 0.4897477 0.4884695 0.0000000E+00 0.0000000E+00 0.0000000E+00 0.0000000E+00 0.0000000E+00 0.0000000E+00 0.0000000E+00 0.0000000E+00 0.0000000E+00 0.0000000E+00 0.0000000E+00 0.0000000E+00 0.0000000E+00 0.0000000E+00
0.2525715 0.2378891 0.2238761 0.2073909 0.2172067 0.2366169 0.2548612 0.2733495 0.2938215 0.3041527 0.3100800 0.3310376 0.3298850 0.3268629 0.3305473 0.3431899 0.3573046 0.3731952 0.3877815 0.3989748 0.4348837 0.4497847 0.4432770 0.4456347 0.4340105 0.4257061 0.4225150 0.4252433 0.4384989 0.4505116 0.4641665 0.4777519 0.4899711 0.5396915 0.5487537 0.5528431 0.5540792 0.5014520 0.5026806 0.4684808 0.4678886 0.0000000E+00 0.0000000E+00 0.0000000E+00 0.0000000E+00 0.0000000E+00 0.0000000E+00 0.0000000E+00 0.0000000E+00 0.0000000E+00 0.0000000E+00 0.0000000E+00 0.0000000E+00 0.0000000E+00 0.0000000E+00
0.2876119 0.2775933 0.2691422 0.2639399 0.2505771 0.2590092 0.2697663 0.2919218 0.2988697 0.3017782 0.3014197 0.3080016 0.3051796 0.3003444 0.3048485 0.3189476 0.3377672 0.3577914 0.3753362 0.3887112 0.4084780 0.4104926 0.4307689 0.4286897 0.4129302 0.4010914 0.3963660 0.4004129 0.4160734 0.4323701 0.4501103 0.4672608 0.4825045 0.5334495 0.5449333 0.5517274 0.5528341 0.4985123 0.4929121 0.4929121 0.4929121 0.0000000E+00 0.0000000E+00 0.0000000E+00 0.0000000E+00 0.0000000E+00 0.0000000E+00 0.0000000E+00 0.0000000E+00 0.0000000E+00 0.0000000E+00 0.0000000E+00 0.0000000E+00 0.0000000E+00 0.0000000E+00
0.3234931 0.3150921 0.3086566 0.3023782 0.3153223 0.2857457 0.2985097 0.3017203 0.3019652 0.3032510 0.2936438 0.2797307 0.2738876 0.2672073 0.2761049 0.2956567 0.3202035 0.3443819 0.3647673 0.3800350 0.3999317 0.4021648 0.3969033 0.3843826 0.3919464 0.3747289 0.3672382 0.3736809 0.3936947 0.4153968 0.4375251 0.4580974 0.4760292 0.5279731 0.5416975 0.5500596 0.4929121 0.4929121 0.4929121 0.4929121 0.0000000E+00 0.0000000E+00 0.0000000E+00 0.0000000E+00 0.0000000E+00 0.0000000E+00 0.0000000E+00 0.0000000E+00 0.0000000E+00 0.0000000E+00 0.0000000E+00 0.0000000E+00 0.0000000E+00 0.0000000E+00 0.0000000E+00
0.3542880 0.3459158 0.3442501 0.3543498 0.3489070 0.3183331 0.3181903 0.3160237 0.3104196 0.3001274 0.2843240 0.2657894 0.2466740 0.2314509 0.2479766 0.2776533 0.3078375 0.3351597 0.3571259 0.3828707 0.3925736 0.3947962 0.3891362 0.3753127 0.3623329 0.3416288 0.3300904 0.3476159 0.3750634 0.4025546 0.4284912 0.4516998 0.4715599 0.5241906 0.5396480 0.5492933 0.4983891 0.4929121 0.4929121 0.0000000E+00 0.0000000E+00 0.0000000E+00 0.0000000E+00 0.0000000E+00 0.0000000E+00 0.0000000E+00 0.0000000E+00 0.0000000E+00 0.0000000E+00 0.0000000E+00 0.0000000E+00 0.0000000E+00 0.0000000E+00 0.0000000E+00 0.0000000E+00
