data/rasters/precip/precipitation_20000104.ASC
NCOLS                  300
NROWS                  325
XLLCORNER       0.0000000E+00
YLLCORNER        300000.0
CELLSIZE         1000.000
NODATA_VALUE    0.0000000E+00
[rows 200 to 224 of 325, columns 57 to 113 of 300]
2.527438 2.522280 2.540426 2.572643 2.614479 2.663100 2.718917 2.773963 2.834102 2.888384 2.930230 2.961018 2.978988 2.976727 2.979770 2.977744 2.978296 2.983580 2.995041 3.012515 3.039126 3.072938 3.122916 3.169385 3.232456 3.295288 3.362401 3.425075 3.495969 3.564858 3.626463 3.688364 3.745468 3.790518 3.835466 3.881785 3.930027 3.957146 3.975327 3.983430 3.996400 4.005877 4.027243 4.060400 4.104869 4.147985 4.201943 4.255772 4.315428 4.370382 4.424889 4.460187 4.501442 4.510175 4.553652 4.589817 4.621543
2.524051 2.512978 2.521526 2.542796 2.573865 2.609455 2.652280 2.700141 2.749440 2.796483 2.831434 2.862506 2.885316 2.889145 2.892626 2.899467 2.901320 2.905760 2.914730 2.929840 2.951338 2.977172 3.016866 3.070131 3.132056 3.193833 3.260673 3.330590 3.396225 3.467719 3.533120 3.600015 3.662471 3.720180 3.769648 3.812908 3.867740 3.897039 3.915994 3.923455 3.938854 3.948202 3.973700 4.013799 4.068583 4.123965 4.184605 4.257841 4.319667 4.379558 4.436662 4.428611 4.466794 4.507106 4.542647 4.576465 4.601204
2.512628 2.498154 2.498198 2.510431 2.529248 2.558220 2.591332 2.628765 2.668499 2.709494 2.747317 2.773863 2.787849 2.807428 2.814656 2.817662 2.825516 2.828467 2.834492 2.845736 2.858687 2.885150 2.921892 2.968537 3.033095 3.095346 3.163504 3.236083 3.304473 3.379309 3.449156 3.521312 3.589834 3.659190 3.709080 3.756765 3.817130 3.848851 3.858151 3.873989 3.875371 3.892378 3.920504 3.971376 4.033361 4.113480 4.185892 4.256873 4.332815 4.397517 4.414436 4.463825 4.475714 4.512835 4.543885 4.568522 4.585016
2.496828 2.477895 2.473266 2.476277 2.489353 2.508164 2.531566 2.559620 2.593494 2.630447 2.668117 2.698697 2.715362 2.735460 2.744750 2.748531 2.749052 2.755306 2.757422 2.759671 2.773174 2.794614 2.828660 2.874309 2.935058 3.003108 3.074107 3.149318 3.221990 3.301079 3.375961 3.453826 3.534549 3.605024 3.669087 3.715306 3.780053 3.806527 3.826656 3.836623 3.837610 3.847539 3.876535 3.934887 4.018114 4.100949 4.194971 4.275377 4.312042 4.373168 4.439716 4.488771 4.495005 4.529001 4.555717 4.574883 4.579835
2.473633 2.453702 2.444160 2.445423 2.452857 2.464120 2.478231 2.496535 2.523558 2.560659 2.601559 2.628596 2.654128 2.675152 2.685368 2.688452 2.686780 2.682772 2.681722 2.682234 2.689877 2.707177 2.738107 2.783714 2.846264 2.915246 2.993749 3.073821 3.155561 3.234569 3.314861 3.404016 3.486609 3.565841 3.637578 3.693431 3.762486 3.789959 3.813572 3.821634 3.822491 3.818033 3.836693 3.914172 4.017446 4.116475 4.210135 4.275441 4.347391 4.410748 4.465614 4.526175 4.526294 4.557133 4.579646 4.588710 4.592400
2.443109 2.426009 2.417481 2.417844 2.422751 2.429275 2.435430 2.442090 2.461303 2.503863 2.550326 2.583645 2.610307 2.631750 2.643541 2.644861 2.639861 2.624297 2.614074 2.612137 2.612015 2.623160 2.651197 2.697877 2.764431 2.840092 2.923534 3.011854 3.098812 3.186984 3.272111 3.362094 3.454020 3.544155 3.626706 3.687250 3.756243 3.802127 3.830938 3.842951 3.851653 3.835295 3.809404 3.932803 4.053848 4.161378 4.228398 4.309589 4.400661 4.464456 4.518722 4.563581 4.564334 4.617785 4.631425 4.640506 4.637053
2.412628 2.397539 2.393863 2.397242 2.402653 2.408886 2.411851 2.409097 2.410839 2.472329 2.519291 2.557979 2.583809 2.606546 2.613808 2.614594 2.601267 2.585927 2.567663 2.547696 2.536965 2.544944 2.568819 2.619282 2.691731 2.777773 2.871320 2.970802 3.064489 3.149499 3.239532 3.335538 3.439405 3.542426 3.628053 3.710412 3.792264 3.850521 3.882719 3.908776 3.919442 3.925296 3.950601 4.031641 4.138018 4.211679 4.300348 4.380038 4.450397 4.535581 4.606472 4.649989 4.640295 4.657803 4.671736 4.690209 4.681324
2.377895 2.370814 2.372495 2.382857 2.397274 2.408667 2.416819 2.422817 2.438821 2.481262 2.521856 2.557449 2.583234 2.598545 2.606105 2.596642 2.584473 2.562376 2.534962 2.505834 2.481154 2.471223 2.489142 2.547811 2.631738 2.736954 2.843768 2.949103 3.049788 3.138563 3.226331 3.325805 3.446984 3.565692 3.673337 3.770111 3.857400 3.918036 3.961488 3.999475 4.026520 4.056910 4.099887 4.169233 4.229946 4.312853 4.397375 4.472083 4.556442 4.615980 4.694620 4.731205 4.717861 4.732002 4.742244 4.742039 4.728501
2.352575 2.355799 2.371702 2.381277 2.403711 2.426492 2.444736 2.463080 2.488023 2.522498 2.550458 2.580565 2.600512 2.617389 2.611990 2.606099 2.589043 2.560755 2.524551 2.482812 2.440544 2.409744 2.415913 2.488294 2.596856 2.720314 2.843502 2.960953 3.069258 3.164897 3.249767 3.345252 3.488493 3.620304 3.738488 3.844928 3.941420 4.012883 4.073671 4.118237 4.159870 4.211939 4.264310 4.307386 4.378312 4.453608 4.535197 4.605518 4.660279 4.714509 4.790775 4.826437 4.806685 4.817548 4.812470 4.808750 4.805999
2.314760 2.334611 2.367502 2.399122 2.433239 2.464142 2.490849 2.518304 2.547398 2.575274 2.605255 2.630735 2.641171 2.651088 2.646314 2.634702 2.616087 2.585364 2.543030 2.491538 2.437784 2.375628 2.349855 2.446048 2.589591 2.734378 2.872742 3.002728 3.121815 3.230838 3.333663 3.443186 3.577136 3.710792 3.836882 3.948490 4.043847 4.134117 4.208323 4.269420 4.318077 4.383013 4.412933 4.470895 4.534516 4.610604 4.669523 4.731676 4.788143 4.837519 4.878808 4.945273 4.967012 4.931759 4.928873 4.924898 4.885388
2.280341 2.326466 2.380601 2.432639 2.475361 2.516856 2.553963 2.591140 2.623989 2.650528 2.678469 2.701519 2.717426 2.723920 2.714098 2.697845 2.674985 2.645140 2.602228 2.547790 2.483425 2.410274 2.349262 2.482431 2.643520 2.798110 2.944713 3.082494 3.211570 3.333595 3.444442 3.568890 3.700591 3.833208 3.962154 4.076870 4.184897 4.287268 4.362691 4.432782 4.506934 4.562254 4.594292 4.649241 4.708200 4.768176 4.824906 4.880410 4.931073 4.975489 5.012548 5.079151 5.097290 5.055267 5.053193 5.054827 4.998782
2.268513 2.347802 2.420397 2.485326 2.538507 2.588403 2.632473 2.675513 2.705416 2.738384 2.763992 2.784928 2.794960 2.803432 2.800572 2.787508 2.755191 2.724926 2.689676 2.644043 2.593878 2.551455 2.550325 2.633967 2.768503 2.914341 3.059662 3.200386 3.335744 3.454165 3.581754 3.714258 3.847534 3.980690 4.112771 4.234017 4.345434 4.454090 4.535152 4.611096 4.692817 4.735232 4.799946 4.834024 4.888185 4.942142 4.992476 5.041944 5.087192 5.126922 5.160007 5.185471 5.242007 5.197199 5.196176 5.151501 5.129755
2.339712 2.415464 2.491549 2.561017 2.623489 2.674629 2.723061 2.765786 2.806507 2.834415 2.860159 2.878568 2.887721 2.895347 2.893013 2.882079 2.869447 2.837091 2.807819 2.778136 2.749965 2.737630 2.759911 2.830997 2.942680 3.073727 3.211541 3.350593 3.489787 3.608779 3.741094 3.878261 4.018123 4.153643 4.285386 4.411156 4.533831 4.642197 4.728880 4.808675 4.872930 4.940380 4.997719 5.053249 5.076742 5.125312 5.172374 5.214200 5.254646 5.290223 5.319838 5.342489 5.342646 5.349967 5.316040 5.300450 5.275133
2.468732 2.529483 2.599127 2.668034 2.731884 2.788939 2.835972 2.880665 2.919826 2.951826 2.977557 2.994219 3.005195 3.008835 3.013374 3.007025 2.994501 2.975193 2.953694 2.942095 2.935706 2.943888 2.979403 3.047551 3.147303 3.266232 3.396228 3.530592 3.650023 3.785212 3.923663 4.060997 4.199874 4.340048 4.475009 4.605546 4.734002 4.846005 4.939751 5.020976 5.089106 5.147264 5.202534 5.253908 5.275953 5.320208 5.357925 5.395211 5.431603 5.463733 5.490563 5.513966 5.495331 5.528777 5.480165 5.465825 5.440301
2.617014 2.670065 2.733238 2.798750 2.861580 2.919130 2.970242 3.011872 3.051201 3.083957 3.109696 3.126543 3.139192 3.143253 3.150561 3.148918 3.144016 3.133266 3.127723 3.122958 3.133792 3.157799 3.206230 3.276350 3.370536 3.481459 3.604208 3.733513 3.846908 3.985952 4.116878 4.254786 4.395933 4.538341 4.676450 4.818600 4.947748 5.062333 5.166328 5.238774 5.309006 5.361734 5.411864 5.458553 5.504255 5.515711 5.554357 5.588212 5.616227 5.645735 5.673181 5.692472 5.682285 5.661579 5.657514 5.644658 5.621307
2.773867 2.826426 2.886927 2.949580 3.010120 3.066385 3.117054 3.161466 3.197027 3.227235 3.254196 3.273199 3.286525 3.293723 3.304302 3.306500 3.308994 3.312168 3.313998 3.327534 3.346136 3.384128 3.438245 3.513911 3.605566 3.711692 3.829966 3.933250 4.064217 4.191424 4.326068 4.462819 4.603935 4.747165 4.893773 5.032085 5.168363 5.295139 5.406995 5.473522 5.532418 5.577482 5.620178 5.664457 5.706206 5.747442 5.749643 5.783549 5.812010 5.842820 5.860606 5.896827 5.868794 5.848780 5.846549 5.836363 5.817404
2.938139 2.994275 3.054936 3.116311 3.175172 3.229322 3.278110 3.321215 3.358472 3.386338 3.411866 3.432579 3.446217 3.455198 3.463467 3.477693 3.486410 3.499103 3.513617 3.537657 3.572253 3.617464 3.679540 3.756376 3.847691 3.954773 4.044152 4.167768 4.291511 4.414749 4.545972 4.679952 4.819366 4.969226 5.107679 5.247128 5.387139 5.524276 5.660904 5.702930 5.749577 5.788723 5.827467 5.866019 5.907609 5.946213 5.984159 5.981211 6.008559 6.035972 6.076859 6.096049 6.024328 6.032751 6.045374 6.038934 6.017766
3.108462 3.170874 3.234930 3.296176 3.353632 3.405484 3.451295 3.491495 3.527550 3.557280 3.582390 3.602421 3.614604 3.625680 3.637063 3.656346 3.673751 3.695337 3.718796 3.755303 3.800838 3.858543 3.926227 4.007829 4.097125 4.199930 4.294834 4.410766 4.528439 4.645549 4.773457 4.903109 5.043859 5.185491 5.320907 5.457360 5.587925 5.723265 5.836809 5.897690 5.950955 5.990615 6.028597 6.065866 6.102974 6.145624 6.182505 6.177380 6.207426 6.247760 6.272376 6.292932 6.223654 6.234879 6.250101 6.248416 6.240314
3.285834 3.356298 3.424457 3.487531 3.543636 3.593130 3.635037 3.671304 3.703279 3.731148 3.759737 3.778414 3.789101 3.800959 3.815661 3.834104 3.864706 3.896607 3.934958 3.977483 4.033788 4.097633 4.180463 4.260210 4.356484 4.459132 4.550245 4.658193 4.771755 4.883496 5.003686 5.136201 5.264229 5.401096 5.531124 5.661207 5.782824 5.904161 6.003080 6.075273 6.135892 6.179746 6.222270 6.261468 6.298604 6.339453 6.376012 6.411829 6.417439 6.443587 6.469831 6.452485 6.420524 6.435322 6.461932 6.465296 6.463461
3.470722 3.551110 3.625688 3.691111 3.745410 3.789437 3.825405 3.855935 3.883243 3.906059 3.929941 3.948830 3.960857 3.975311 3.993877 4.017963 4.056132 4.095417 4.143526 4.196228 4.264974 4.343852 4.430040 4.520653 4.620932 4.710585 4.811222 4.913131 5.017375 5.122665 5.243922 5.359923 5.481446 5.614092 5.737417 5.851907 5.972133 6.082920 6.173617 6.247036 6.315551 6.363907 6.406151 6.448992 6.486798 6.524126 6.565568 6.615037 6.651257 6.637740 6.663565 6.604479 6.626723 6.645358 6.676289 6.684784 6.710020
3.661333 3.753551 3.836567 3.905138 3.956225 3.993201 4.020847 4.043578 4.064318 4.079702 4.098139 4.115006 4.134188 4.154266 4.170471 4.200743 4.238352 4.295446 4.353127 4.416012 4.496152 4.586421 4.683577 4.792209 4.889143 4.979784 5.075732 5.169667 5.260048 5.367892 5.473845 5.582170 5.694871 5.819714 5.939417 6.046752 6.159339 6.259515 6.347279 6.419415 6.477313 6.541079 6.585063 6.625396 6.665691 6.714216 6.758445 6.797153 6.835227 6.871991 6.872578 6.806816 6.832931 6.855648 6.874656 6.924938 6.932427
3.855006 3.961378 4.056100 4.128617 4.173662 4.199350 4.215662 4.228962 4.242387 4.249627 4.264542 4.280118 4.296719 4.323926 4.354133 4.380952 4.425554 4.487269 4.554556 4.630191 4.720600 4.824551 4.934556 5.054401 5.161392 5.253351 5.340487 5.424117 5.512185 5.601259 5.695801 5.798793 5.904272 6.022421 6.124236 6.237075 6.343777 6.437924 6.521190 6.590412 6.646727 6.711288 6.755233 6.795784 6.843625 6.888041 6.928640 6.975037 7.015916 7.056009 7.056405 7.018694 7.037189 7.084458 7.106021 7.138572 7.150820
4.047015 4.168458 4.281321 4.360925 4.392680 4.400470 4.403164 4.406853 4.413533 4.413603 4.425432 4.439262 4.456895 4.488513 4.521727 4.563909 4.616432 4.668123 4.748660 4.831691 4.936026 5.053427 5.178069 5.309638 5.430907 5.526025 5.609398 5.679251 5.747473 5.823499 5.909060 6.001714 6.103695 6.216102 6.313522 6.420076 6.524247 6.615024 6.695093 6.760581 6.813499 6.875910 6.925027 6.966131 7.006808 7.048099 7.095138 7.144384 7.188826 7.233094 7.263352 7.249860 7.268144 7.286458 7.311661 7.346617 7.362296
4.226325 4.360237 4.498328 4.599492 4.596175 4.583124 4.574645 4.571572 4.564244 4.568834 4.578907 4.592544 4.613790 4.644984 4.681158 4.727384 4.785090 4.854428 4.938169 5.042028 5.138074 5.263818 5.405930 5.557264 5.706903 5.798503 5.852730 5.902982 5.963330 6.032549 6.110539 6.196641 6.287320 6.390436 6.493090 6.596893 6.698119 6.789818 6.866920 6.931524 6.978778 7.036931 7.077558 7.117985 7.158833 7.201515 7.246337 7.325686 7.375130 7.386822 7.388512 7.432956 7.472823 7.492760 7.520365 7.546674 7.564011
4.384169 4.515177 4.649253 4.744812 4.744910 4.731978 4.722469 4.718723 4.709164 4.714451 4.723560 4.737013 4.759157 4.792537 4.830880 4.879478 4.941253 5.016763 5.106625 5.216407 5.330766 5.463507 5.621594 5.780143 5.948771 6.029577 6.060543 6.102272 6.155582 6.218904 6.291516 6.372607 6.453856 6.561919 6.661323 6.782139 6.880078 6.970407 7.038776 7.090819 7.129229 7.173657 7.231228 7.271110 7.317176 7.358582 7.407204 7.463070 7.522573 7.544031 7.556764 7.608403 7.654393 7.692312 7.710137 7.743382 7.766061
