data/rasters/precip/precipitation_20000105.ASC
NCOLS                  300
NROWS                  325
XLLCORNER       0.0000000E+00
YLLCORNER        300000.0
CELLSIZE         1000.000
NODATA_VALUE    0.0000000E+00
[rows 138 to 160 of 325, columns 156 to 207 of 300]
8.8860817E-02 8.6588174E-02 9.2008010E-02 9.2008010E-02 9.8466441E-02 0.1061106 0.1061106 0.1061106 0.1188627 0.1271970 0.1295269 9.5247254E-02 0.0000000E+00 0.0000000E+00 0.0000000E+00 0.0000000E+00 7.2944693E-02 0.1080587 0.1398105 0.1640929 0.1615142 0.1373061 0.1142620 0.1001694 9.7794078E-02 9.7794078E-02 8.9367472E-02 8.9367472E-02 8.5197732E-02 8.5197732E-02 8.5197732E-02 9.1522433E-02 9.4494700E-02 9.7708963E-02 9.9093504E-02 9.4596177E-02 9.5029965E-02 9.2128217E-02 8.0242068E-02 0.0000000E+00 0.0000000E+00 0.0000000E+00 0.0000000E+00 0.0000000E+00 0.0000000E+00 7.5525403E-02 9.2054270E-02 0.1021429 0.1143473 0.1143473 0.1032800 9.7801901E-02
9.3880929E-02 8.6588174E-02 9.2008010E-02 9.7587638E-02 0.1043396 0.1061106 0.1061106 0.1140763 0.1140763 0.1271970 0.1305729 9.9068612E-02 0.0000000E+00 0.0000000E+00 0.0000000E+00 0.0000000E+00 8.3290055E-02 0.1204381 0.1531813 0.1827956 0.1778731 0.1440011 0.1172685 0.1011101 9.7794078E-02 9.7794078E-02 0.1027922 9.3616873E-02 9.3616873E-02 8.9253329E-02 8.5197732E-02 8.7030865E-02 9.1385685E-02 8.8748612E-02 8.9545183E-02 8.7148048E-02 8.5711114E-02 8.5985303E-02 0.0000000E+00 0.0000000E+00 0.0000000E+00 0.0000000E+00 0.0000000E+00 0.0000000E+00 7.8011915E-02 8.9593798E-02 9.7177200E-02 0.1084063 0.1143473 0.1143473 0.1101288 9.7801901E-02
8.3177499E-02 8.8860817E-02 9.9516407E-02 9.9516407E-02 9.9516407E-02 0.1077198 0.1164002 0.1164002 0.1240605 0.1232393 0.1240767 0.1095563 9.0760328E-02 7.2341122E-02 0.0000000E+00 7.7075824E-02 9.4878376E-02 0.1291846 0.1473152 0.1641844 0.1573723 0.1387763 0.1172339 0.1046181 0.1027922 0.1027922 0.1027922 9.8455235E-02 9.3616873E-02 9.3616873E-02 8.5197732E-02 8.3461538E-02 8.7030865E-02 8.7030865E-02 8.5197732E-02 8.5197732E-02 8.9047767E-02 7.9402052E-02 0.0000000E+00 0.0000000E+00 0.0000000E+00 0.0000000E+00 0.0000000E+00 7.4878946E-02 9.2539616E-02 9.5889099E-02 0.1071627 0.1132605 0.1132605 0.1132605 0.1101288 0.1056607
8.3177499E-02 9.8656096E-02 9.9516407E-02 0.1012845 0.1012845 0.1164002 0.1164002 0.1164002 0.1240605 0.1284234 0.1207115 0.1176756 0.1107693 0.1010894 9.8079823E-02 9.8331779E-02 0.1129391 0.1242087 0.1298276 0.1385453 0.1377332 0.1205185 0.1087674 0.1042181 0.1041717 0.1027922 0.1027922 0.1027922 9.8455235E-02 8.9367472E-02 9.1040045E-02 8.7300390E-02 8.7030865E-02 8.5197732E-02 8.5197732E-02 8.5197732E-02 8.9232177E-02 8.1573129E-02 0.0000000E+00 0.0000000E+00 0.0000000E+00 0.0000000E+00 0.0000000E+00 7.9402052E-02 9.5734432E-02 0.1028606 0.1071627 0.1132605 0.1132605 0.1132605 0.1041327 0.1041327
9.0189554E-02 0.1060127 0.1012845 0.1012845 0.1012845 0.1164002 0.1164002 0.1240605 0.1240605 0.1207115 0.1207115 0.1139799 0.1139799 0.1173577 0.1056380 0.1117247 0.1170588 0.1176448 0.1216373 0.1192456 0.1189016 0.1148858 0.1030649 0.1027922 0.1027922 0.1041717 0.1041717 0.1027922 9.3616873E-02 9.3616873E-02 9.1040045E-02 8.7300390E-02 8.9464657E-02 8.9367472E-02 8.9367472E-02 8.9253329E-02 8.9253329E-02 8.6525001E-02 7.5475492E-02 0.0000000E+00 0.0000000E+00 0.0000000E+00 7.3440820E-02 8.5293703E-02 0.1006371 0.1028606 0.1132605 0.1132605 0.1132605 0.1088320 0.1024686 0.1024686
8.5874453E-02 9.0189554E-02 0.1060127 0.1012845 0.1084459 0.1164002 0.1164002 0.1240605 0.1240605 0.1207115 0.1207115 0.1139799 0.1139799 0.1139799 0.1066548 0.1119738 0.1179687 0.1179687 0.1170588 0.1109576 0.1109353 0.1108966 0.1108966 0.1027922 0.1029713 0.1036988 0.1079709 0.1037485 9.9282987E-02 9.7794078E-02 9.7794078E-02 9.3380921E-02 8.9464657E-02 9.3380921E-02 8.9367472E-02 9.3616873E-02 9.3616873E-02 9.3616873E-02 8.6322986E-02 8.0502413E-02 8.0674760E-02 7.9659976E-02 8.5368909E-02 8.9200228E-02 0.1006371 0.1049583 0.1132605 0.1088320 0.1074220 0.1074220 0.1024686 0.1024686
8.5874453E-02 8.8170603E-02 9.8656096E-02 0.1084459 0.1084459 0.1152909 0.1240605 0.1240605 0.1240605 0.1207115 0.1207115 0.1139799 0.1139799 0.1080689 0.1028502 0.1139799 0.1179687 0.1179687 0.1179687 0.1179687 0.1108966 0.1108966 0.1147672 0.1151126 0.1092907 0.1065074 0.1070272 0.1059566 0.1023436 9.6319444E-02 9.6225947E-02 9.7794078E-02 9.3380921E-02 8.9464657E-02 9.3616873E-02 9.3616873E-02 9.4590031E-02 9.4456315E-02 9.7316742E-02 9.5822200E-02 9.1167815E-02 9.3338698E-02 8.9253329E-02 9.9783488E-02 9.9012353E-02 0.1095810 0.1048904 9.9912532E-02 0.1074220 0.1024686 0.1024686 0.1024686
9.0189554E-02 8.8170603E-02 8.8170603E-02 0.1054608 0.1070213 0.1232393 0.1240605 0.1240605 0.1164002 0.1207115 0.1207115 0.1139799 0.1080689 0.1080689 0.1080689 0.1080689 0.1139799 0.1179687 0.1179687 0.1179687 0.1156818 0.1147672 0.1147925 0.1163094 0.1136106 0.1083420 0.1085171 0.1079699 0.1052920 9.7602516E-02 9.7794078E-02 9.7794078E-02 9.6225947E-02 9.1763653E-02 9.6225947E-02 9.2834748E-02 0.1012479 0.1091289 0.1167006 0.1132112 0.1018209 9.5347218E-02 9.8271951E-02 9.8271951E-02 9.9012353E-02 0.1095810 0.1048904 9.9912532E-02 9.9912532E-02 0.1024686 0.1024686 0.1024686
9.0189554E-02 8.8170603E-02 9.5120125E-02 9.5120125E-02 0.1009451 0.1223332 0.1232393 0.1232393 0.1152909 0.1139799 0.1139799 0.1080689 0.1028502 0.1028502 0.1080689 0.1028502 0.1080689 0.1139799 0.1179687 0.1179687 0.1217374 0.1156818 0.1140386 0.1112267 0.1133879 0.1107259 0.1053018 0.1083865 0.1070157 9.8856084E-02 9.7796269E-02 9.7794078E-02 9.7794078E-02 9.6225947E-02 0.1013069 0.1063171 0.1091289 0.1320786 0.1489543 0.1407522 0.1179573 9.8082438E-02 9.4408631E-02 9.9012353E-02 0.1048904 0.1095810 0.1095810 0.1095810 9.9912532E-02 9.4635934E-02 9.4635934E-02 0.1024686
9.0262562E-02 8.8170603E-02 9.5120125E-02 9.5120125E-02 0.1070213 0.1070213 0.1140763 0.1152909 0.1084459 0.1128795 0.1128795 0.1014879 0.1014879 0.1014879 0.1068142 0.1014879 0.1068142 0.1108966 0.1108966 0.1108966 0.1108966 0.1108966 0.1111874 0.1122593 0.1133908 0.1105540 0.1049520 0.1083583 0.1070560 9.8891675E-02 9.7797312E-02 9.7794078E-02 0.1027922 0.1027922 0.1013144 0.1091079 0.1246442 0.1518082 0.1872978 0.1619410 0.1245502 0.1043771 9.5354781E-02 9.9912532E-02 0.1048904 0.1095810 0.1095810 0.1095810 0.1095810 9.9912532E-02 9.4635934E-02 9.4635934E-02
9.8373391E-02 9.7670630E-02 9.0366982E-02 9.5120125E-02 9.5120125E-02 0.1070213 0.1070213 0.1084459 0.1084459 0.1128795 0.1128795 0.1068142 0.1014879 0.1068142 0.1068142 0.1108966 0.1108966 0.1108966 0.1108966 0.1108966 0.1108966 0.1108966 0.1006791 0.1031666 0.1106703 0.1108125 0.1114599 0.1062398 0.1066270 9.9208489E-02 9.9258557E-02 0.1041717 0.1041717 0.1000265 9.8455235E-02 9.8464832E-02 0.1172256 0.1404473 0.1640422 0.1519016 0.1231997 0.1023479 9.4884880E-02 9.9912532E-02 0.1095810 0.1095810 0.1095810 0.1095810 0.1095810 9.9912532E-02 9.9912532E-02 9.4635934E-02
0.1131908 0.1034267 9.7379692E-02 9.5113166E-02 9.4518304E-02 9.5041379E-02 0.1070213 0.1009451 0.1084459 0.1128795 0.1068142 0.1069172 0.1037550 0.1107977 0.1139344 0.1115322 0.1108966 0.1108966 0.1108966 0.1108966 0.1108966 0.1066548 0.1066548 0.1024959 0.1048409 0.1068393 0.1062796 0.1093555 0.1000155 9.3750954E-02 0.1000265 0.1000265 0.1000265 0.1000265 0.1000265 9.7712010E-02 0.1077555 0.1234936 0.1298093 0.1231997 0.1142657 0.1001003 0.1048978 0.1065519 0.1048904 0.1095810 0.1095810 0.1095810 0.1048904 0.1048904 9.9912532E-02 9.9912532E-02
0.1411816 0.1246269 0.1050213 9.1551051E-02 8.6001173E-02 8.7063521E-02 9.3085624E-02 0.1042717 0.1068142 0.1170588 0.1111877 0.1170497 0.1219588 0.1309227 0.1283229 0.1201223 0.1186378 0.1108966 0.1108966 0.1119738 0.1066548 0.1066548 0.1066548 0.1066548 0.1021637 0.1029930 0.1032875 0.1014525 0.1038108 0.1049583 0.1062715 0.1062715 0.1062715 0.1062715 0.1011937 0.1062715 0.1046412 0.1101293 0.1103870 0.1083931 0.1079335 0.1077502 0.1120811 0.1192987 0.1117152 0.1165423 0.1165423 0.1165423 0.1117152 0.1117152 0.1065519 9.3902811E-02
0.1612004 0.1292554 9.7221643E-02 7.3173992E-02 0.0000000E+00 0.0000000E+00 7.5217582E-02 8.6411096E-02 0.1050952 0.1108966 0.1147605 0.1337594 0.1528883 0.1581840 0.1529384 0.1340445 0.1254462 0.1120982 0.1119738 0.1119738 0.1066548 0.1066548 0.1066548 0.1066548 0.1066548 0.1072724 0.1072724 0.1061782 0.1112537 9.9783488E-02 0.1062715 0.1062715 0.1062715 0.1062715 0.1001106 9.9610478E-02 9.5633797E-02 9.3156695E-02 9.7838193E-02 0.1027680 0.1071701 0.1132605 0.1132605 0.1202459 0.1192987 0.1192987 0.1237606 0.1117152 0.1117152 0.1117152 9.9476822E-02 9.3902811E-02
0.1526881 0.1195062 8.3620377E-02 0.0000000E+00 0.0000000E+00 0.0000000E+00 0.0000000E+00 7.7124104E-02 9.2394575E-02 0.1054636 0.1243462 0.1456008 0.1681020 0.1862669 0.1748038 0.1518867 0.1373680 0.1227780 0.1156818 0.1102844 0.1102844 0.1066548 0.1066548 0.1122412 0.1122412 0.1122412 0.1072724 0.1122412 0.1112537 9.9783488E-02 0.1011937 0.1062715 0.1062715 0.1052023 9.0260118E-02 7.9522170E-02 0.0000000E+00 7.3632188E-02 8.5941739E-02 0.1017693 0.1071627 0.1132605 0.1132605 0.1132605 0.1202459 0.1202459 0.1192987 0.1192987 0.1192987 9.9476822E-02 9.9476822E-02 9.3902811E-02
0.1317426 0.1108393 7.5264715E-02 0.0000000E+00 0.0000000E+00 0.0000000E+00 0.0000000E+00 7.3282205E-02 9.5317483E-02 0.1040090 0.1257031 0.1487240 0.1702866 0.1881574 0.1751870 0.1518867 0.1373680 0.1263242 0.1192038 0.1102844 0.1102844 0.1156807 0.1156807 0.1156807 0.1156807 0.1156807 0.1177921 0.1122412 0.1122412 9.9783488E-02 0.1011937 0.1011937 0.1011937 9.5538184E-02 7.6979987E-02 0.0000000E+00 0.0000000E+00 0.0000000E+00 0.0000000E+00 9.1018923E-02 0.1061798 0.1071627 0.1071627 0.1071627 0.1132605 0.1132605 0.1088320 0.1009794 0.1073818 0.1009794 0.1009794 8.3511822E-02
0.1089333 9.8265655E-02 7.8958176E-02 0.0000000E+00 0.0000000E+00 0.0000000E+00 0.0000000E+00 8.1110902E-02 0.1023988 0.1081133 0.1120122 0.1407218 0.1562175 0.1651953 0.1562201 0.1413584 0.1325151 0.1254184 0.1192038 0.1189595 0.1189595 0.1156807 0.1156807 0.1156807 0.1212839 0.1212839 0.1212839 0.1212839 0.1156807 0.1074931 0.1011937 0.1011937 0.1011937 8.5028417E-02 0.0000000E+00 0.0000000E+00 0.0000000E+00 0.0000000E+00 0.0000000E+00 8.9965492E-02 0.1105738 0.1071627 0.1071627 0.1071627 0.1132605 0.1132605 9.7860351E-02 9.2635907E-02 9.7196579E-02 9.5464982E-02 9.5464982E-02 9.0681195E-02
0.1012477 9.9194251E-02 8.9985549E-02 8.1406213E-02 0.0000000E+00 0.0000000E+00 7.6638311E-02 9.6178763E-02 0.1051357 0.1040016 0.1084069 0.1154737 0.1304635 0.1407110 0.1366028 0.1256957 0.1268033 0.1253006 0.1245993 0.1245993 0.1189595 0.1189595 0.1156807 0.1212839 0.1212839 0.1212839 0.1212839 0.1212839 0.1212839 0.1177921 0.1003895 9.6688017E-02 9.6688017E-02 8.6363629E-02 0.0000000E+00 0.0000000E+00 0.0000000E+00 0.0000000E+00 0.0000000E+00 9.7347647E-02 0.1113947 0.1132605 0.1071627 0.1071627 0.1132605 9.2635907E-02 9.2635907E-02 9.2635907E-02 9.2635907E-02 9.7196579E-02 9.0681195E-02 9.0681195E-02
0.1012080 9.9672996E-02 0.1029248 0.1019582 9.6134745E-02 9.2853740E-02 0.1045563 9.9020958E-02 9.8904811E-02 0.1053443 0.1092783 0.1086316 0.1072096 9.7868569E-02 9.2289940E-02 9.8363176E-02 0.1153204 0.1241034 0.1245993 0.1251255 0.1312136 0.1251255 0.1251255 0.1219343 0.1212839 0.1212839 0.1212839 0.1247876 0.1244978 0.1219730 0.1102477 0.1007938 0.1011937 9.4307773E-02 8.1760265E-02 0.0000000E+00 0.0000000E+00 0.0000000E+00 8.6874612E-02 0.1078100 0.1142848 0.1132605 0.1132605 9.7860351E-02 9.2635907E-02 9.2635907E-02 9.2635907E-02 9.2635907E-02 9.2635907E-02 9.2635907E-02 9.2465281E-02 9.0681195E-02
0.1053443 0.1053443 0.1053443 0.1110132 0.1107142 0.1128400 0.1131029 0.1110132 0.1053443 0.1053443 0.1092783 0.1017099 8.2645364E-02 0.0000000E+00 0.0000000E+00 0.0000000E+00 9.3333624E-02 0.1174503 0.1312136 0.1312136 0.1312136 0.1312136 0.1251255 0.1251255 0.1219343 0.1219343 0.1226389 0.1388175 0.1544026 0.1589094 0.1379923 0.1205687 0.1105540 0.1003895 9.3108773E-02 8.9026183E-02 8.4786311E-02 8.3254047E-02 9.9978037E-02 0.1128450 0.1182023 0.1026156 0.1026156 9.2635907E-02 9.2842452E-02 9.7860351E-02 9.2635907E-02 9.2635907E-02 9.2635907E-02 9.2635907E-02 8.8103466E-02 9.2465281E-02
0.1150439 0.1110132 0.1174690 0.1174690 0.1174690 0.1131029 0.1131029 0.1121310 0.1065939 0.1065939 0.1060403 9.6131586E-02 0.0000000E+00 0.0000000E+00 0.0000000E+00 0.0000000E+00 8.3100215E-02 0.1072413 0.1222138 0.1312136 0.1312136 0.1313066 0.1317694 0.1254183 0.1251255 0.1180250 0.1405767 0.1715900 0.2040850 0.2078115 0.1793300 0.1394180 0.1161052 0.1050112 0.1050112 9.5402248E-02 8.2369879E-02 7.8911074E-02 7.6970421E-02 8.7015234E-02 0.1007180 9.8740011E-02 9.7196579E-02 8.7857686E-02 9.2842452E-02 9.7860351E-02 9.7860351E-02 9.7860351E-02 9.2635907E-02 8.8103466E-02 8.8103466E-02 8.8103466E-02
0.1150678 0.1175442 0.1248647 0.1248647 0.1248647 0.1204252 0.1248647 0.1184029 0.1131685 0.1131685 0.1124050 9.9287704E-02 0.0000000E+00 0.0000000E+00 0.0000000E+00 0.0000000E+00 7.9891950E-02 0.1109839 0.1283673 0.1288141 0.1310605 0.1361806 0.1392842 0.1463444 0.1291978 0.1291512 0.1494055 0.1920493 0.2478719 0.2658152 0.2057603 0.1503221 0.1201021 0.1061782 0.1005879 8.5345581E-02 0.0000000E+00 0.0000000E+00 0.0000000E+00 0.0000000E+00 8.3845086E-02 9.5961966E-02 9.2635907E-02 8.7857686E-02 9.2842452E-02 9.7860351E-02 9.7860351E-02 9.7860351E-02 9.7860351E-02 9.2635907E-02 9.2635907E-02 8.8103466E-02
0.1416776 0.1464959 0.1347762 0.1262079 0.1248647 0.1204252 0.1261707 0.1192650 0.1132468 0.1167237 0.1213724 0.1112185 8.5881278E-02 0.0000000E+00 0.0000000E+00 0.0000000E+00 9.4926476E-02 0.1239460 0.1288141 0.1306171 0.1398027 0.1512372 0.1528887 0.1493458 0.1381927 0.1246966 0.1419749 0.1789971 0.2270175 0.2392584 0.1910895 0.1382583 0.1099611 9.7703896E-02 9.8266363E-02 8.2390472E-02 0.0000000E+00 0.0000000E+00 0.0000000E+00 0.0000000E+00 7.8801133E-02 9.3838990E-02 9.7860351E-02 8.7857686E-02 9.2842452E-02 9.7860351E-02 9.7860351E-02 9.7860351E-02 9.7860351E-02 9.7860351E-02 9.7860351E-02 9.7860351E-02
