data/rasters/precipitation/NSL_201606020000.ASC
ncols        22
nrows        20
xllcorner    184225.000000000000
yllcorner    383293.000000000000
cellsize     1000.000000000000
NODATA_value  -999
 0.28999999165534973 0.31999999284744263 0.40999999642372131 0.73000001907348633 0.8399999737739563 1.0199999809265137 1.059999942779541 1.5099999904632568 1.5499999523162842 2.5799999237060547 3.0999999046325684 3.0699999332427979 2.5899999141693115 1.9700000286102295 1.440000057220459 0.93999999761581421 0.70999997854232788 0.69999998807907104 0.8399999737739563 0.92000001668930054 0 0
 0.31999999284744263 0.46000000834465027 0.62000000476837158 1.1799999475479126 1.1799999475479126 1.5 1.7999999523162842 2.4000000953674316 2.380000114440918 2.8199999332427979 3 2.6800000667572021 2.0899999141693115 1.7300000190734863 1.3200000524520874 0.94999998807907104 0.95999997854232788 1.0900000333786011 1.1100000143051147 0 0 0
 0.43000000715255737 0.64999997615814209 0.85000002384185791 1.4099999666213989 1.6599999666213989 2.0499999523162842 2.6800000667572021 2.7200000286102295 3.369999885559082 3.2799999713897705 2.8499999046325684 2.4600000381469727 1.9500000476837158 1.5 1.1599999666213989 1.1699999570846558 1.2799999713897705 1.3799999952316284 1.3899999856948853 1.2400000095367432 0.98000001907348633 0
 0.60000002384185791 0.88999998569488525 1.2799999713897705 1.6599999666213989 2.2400000095367432 2.6400001049041748 3.2699999809265137 3.7300000190734863 3.75 3.3900001049041748 2.6700000762939453 1.9600000381469727 1.7000000476837158 1.4299999475479126 1.3999999761581421 1.5299999713897705 1.5800000429153442 1.6100000143051147 1.2699999809265137 1.0700000524520874 1.5800000429153442 1.2599999904632568
 0.80000001192092896 1.4600000381469727 1.690000057220459 2.2000000476837158 3.2599999904632568 3.3199999332427979 3.8499999046325684 3.8599998950958252 3.5299999713897705 2.690000057220459 2.0799999237060547 1.8200000524520874 1.5900000333786011 1.4299999475479126 1.5199999809265137 1.6699999570846558 1.8500000238418579 1.1599999666213989 1.309999942779541 0.81000000238418579 0 0
 1.6200000047683716 2.2300000190734863 2.380000114440918 2.9700000286102295 3.9700000286102295 3.8900001049041748 3.6400001049041748 3.25 2.6600000858306885 2.2000000476837158 1.940000057220459 1.75 1.6699999570846558 1.2899999618530273 1.3700000047683716 1.559999942779541 1.7599999904632568 0.81000000238418579 0.2800000011920929 0.4699999988079071 0 0
 2.2599999904632568 2.5999999046325684 3.2899999618530273 3.7200000286102295 3.9200000762939453 3.9200000762939453 3.6600000858306885 3.0099999904632568 2.5299999713897705 2.2300000190734863 1.940000057220459 1.8700000047683716 1.809999942779541 1.5700000524520874 1.6599999666213989 1.4299999475479126 1.3200000524520874 0.56000000238418579 0 0.5899999737739563 0 0
 2.7999999523162842 3.0999999046325684 3.7100000381469727 3.8499999046325684 3.8299999237060547 3.6700000762939453 3.5899999141693115 3.1800000667572021 2.5299999713897705 2.3199999332427979 2.1600000858306885 2.0699999332427979 1.8400000333786011 1.690000057220459 1.2899999618530273 1.0800000429153442 0.52999997138977051 0.059999998658895493 0 0 0 0.019999999552965164
 3.1400001049041748 3.7100000381469727 3.8900001049041748 3.8599998950958252 3.6400001049041748 3.3399999141693115 3.1500000953674316 2.8900001049041748 2.6500000953674316 2.369999885559082 2.0799999237060547 2.4800000190734863 1.5900000333786011 1.190000057220459 1.25 0.43000000715255737 0.2199999988079071 0.070000000298023224 0 0 0 0.56000000238418579
 3.7400000095367432 3.8299999237060547 3.8199999332427979 3.880000114440918 3.6500000953674316 3.2100000381469727 3.0199999809265137 3.0499999523162842 2.75 2.5699999332427979 2.5099999904632568 1.4900000095367432 1.25 1.2799999713897705 0.74000000953674316 0.33000001311302185 0 0 0 0 1.8899999856948853 2.4700000286102295
 3.809999942779541 3.9500000476837158 3.9900000095367432 4.119999885559082 3.9900000095367432 3.2599999904632568 3.0799999237060547 2.9700000286102295 2.7999999523162842 2.4200000762939453 1.2999999523162842 1.2300000190734863 1.7400000095367432 1.3500000238418579 1.5499999523162842 1.0700000524520874 0 0 0 1.7799999713897705 2.2200000286102295 2.6400001049041748
 4.1599998474121094 4 3.9500000476837158 3.5699999332427979 3.6500000953674316 3.0799999237060547 3.0499999523162842 2.809999942779541 2.5999999046325684 2.3599998950958252 2.1700000762939453 1.7599999904632568 1.7200000286102295 1.6799999475479126 1.6100000143051147 1.3999999761581421 0.090000003576278687 1.4299999475479126 1.7599999904632568 2.0799999237060547 2.3299999237060547 2.4800000190734863
 4.5100002288818359 4.2699999809265137 3.5799999237060547 3.309999942779541 3.2699999809265137 2.9900000095367432 2.8599998950958252 2.5499999523162842 2.7200000286102295 2.7999999523162842 1.8200000524520874 1.6699999570846558 1.5099999904632568 1.6799999475479126 1.6200000047683716 1.3799999952316284 1.3300000429153442 1.6799999475479126 2.1400001049041748 2.6600000858306885 2.9300000667572021 3.8399999141693115
 4.6999998092651367 4.5100002288818359 3.9900000095367432 3.559999942779541 3.2300000190734863 3.0099999904632568 2.7899999618530273 2.6700000762939453 2.809999942779541 2.5199999809265137 2.0699999332427979 1.6699999570846558 1.5499999523162842 1.5399999618530273 1.6100000143051147 1.5199999809265137 1.5 1.7899999618530273 2.690000057220459 3.2699999809265137 4.320000171661377 6.1500000953674316
 4.7899999618530273 4.5500001907348633 4.119999885559082 3.630000114440918 3.2000000476837158 2.9100000858306885 2.8299999237060547 2.9700000286102295 2.5 2.2799999713897705 2.0499999523162842 1.75 1.6200000047683716 1.6799999475479126 1.6399999856948853 1.8799999952316284 1.940000057220459 2.25 3.4500000476837158 4.7800002098083496 6.5100002288818359 8.380000114440918
 4.8499999046325684 4.5 4.1100001335144043 3.7699999809265137 3.4600000381469727 3.2599999904632568 3.2200000286102295 2.9500000476837158 2.3199999332427979 2.0799999237060547 1.8600000143051147 1.7300000190734863 1.7599999904632568 1.7799999713897705 2.0499999523162842 2.2400000095367432 2.7100000381469727 3.2000000476837158 3.8900001049041748 7.1100001335144043 8.3999996185302734 9.1999998092651367
 4.7800002098083496 4.440000057220459 4.2300000190734863 3.8900001049041748 3.5 3.5899999141693115 3.2999999523162842 2.880000114440918 2.3199999332427979 2.0099999904632568 1.8600000143051147 1.8300000429153442 1.940000057220459 2.0999999046325684 2.190000057220459 3.0199999809265137 3.690000057220459 4.0900001525878906 5.429999828338623 8.3400001525878906 8.9099998474121094 9.4399995803833008
 4.820000171661377 4.4600000381469727 4.1599998474121094 4.0300002098083496 3.5699999332427979 3.0199999809265137 2.9600000381469727 2.6400001049041748 2.3199999332427979 2.0499999523162842 2.0099999904632568 2.119999885559082 2.4300000667572021 2.4700000286102295 3.4100000858306885 3.9700000286102295 4.4099998474121094 5.9699997901916504 7.3600001335144043 8.3400001525878906 9.2700004577636719 8.7899999618530273
 4.5300002098083496 4.5199999809265137 3.9900000095367432 4.070000171661377 3.6600000858306885 3.3499999046325684 2.7100000381469727 2.380000114440918 2.4200000762939453 2.1800000667572021 2.3199999332427979 2.5199999809265137 3.0799999237060547 3.2799999713897705 4.5399999618530273 6.309999942779541 6.3899998664855957 7.2800002098083496 8.0699996948242187 8.9300003051757812 9.1899995803833008 9.4899997711181641
 4.3899998664855957 4.6599998474121094 4.3499999046325684 4.0799999237060547 3.2899999618530273 2.9100000858306885 2.4900000095367432 2.5799999237060547 2.5699999332427979 2.4500000476837158 2.75 3.0999999046325684 3.5299999713897705 4.6100001335144043 6.5300002098083496 7.4200000762939453 8.25 8.5100002288818359 8.8599996566772461 9.1899995803833008 9.130000114440918 9.6099996566772461
