data/rasters/precipitation/NSL_201606021700.ASC
ncols        22
nrows        20
xllcorner    184225.000000000000
yllcorner    383293.000000000000
cellsize     1000.000000000000
NODATA_value  -999
 0.0 0 0 0 0 0 0 0 0 0 0 0 0 0.090000003576278687 0.46000000834465027 1.1100000143051147 1.6799999475479126 2.619999885559082 3.0999999046325684 2.6700000762939453 0 0
 0 0 0 0 0 0 0 0 0 0 0 0 0 0.15000000596046448 0.55000001192092896 1.2599999904632568 2.619999885559082 3.5299999713897705 3.380000114440918 0 0 0
 0 0 0 0 0 0 0 0 0 0 0 0 0 0.30000001192092896 1.1399999856948853 2.4000000953674316 3.2999999523162842 3.5899999141693115 3.8199999332427979 3.4100000858306885 1.9900000095367432 0
 0 0 0 0 0 0 0 0 0 0 0 0 0.11999999731779099 0.67000001668930054 1.8500000238418579 2.5799999237060547 2.9000000953674316 3.9500000476837158 4.309999942779541 3.7000000476837158 2.380000114440918 2.2999999523162842
 0 0 0 0 0 0 0 0 0 0 0 0 0.25 0.85000002384185791 1.7999999523162842 2.5299999713897705 3.4000000953674316 4.1100001335144043 4.4899997711181641 3.190000057220459 2.5499999523162842 2.5299999713897705
 0 0 0 0 0 0 0 0 0 0 0 0 0.55000001192092896 1.1399999856948853 1.8300000429153442 2.8599998950958252 3.5 4.0999999046325684 4.1100001335144043 3.3399999141693115 3.2799999713897705 2.7999999523162842
 0 0 0 0 0 0 0 0 0 0 0.029999999329447746 0.43999999761581421 0.92000001668930054 1.2599999904632568 1.9600000381469727 2.9100000858306885 3.309999942779541 4.1700000762939453 3.619999885559082 3.0199999809265137 3.4700000286102295 2.5799999237060547
 0 0 0 0 0 0 0 0 0 0.20000000298023224 0.51999998092651367 0.68000000715255737 0.9100000262260437 1.3799999952316284 2.2100000381469727 2.9000000953674316 3.3499999046325684 3.6400001049041748 3.4100000858306885 3.1099998950958252 3.4500000476837158 2.2699999809265137
 0 0 0 0 0 0 0 0.33000001311302185 0.34000000357627869 0.54000002145767212 0.61000001430511475 0.73000001907348633 1 1.5900000333786011 2.2400000095367432 2.9000000953674316 3.2699999809265137 3.4800000190734863 3.5 3.5 3.5 2.5099999904632568
 0 0 0 0 0 0 0.31000000238418579 0.56000000238418579 0.6600000262260437 0.75999999046325684 0.75 0.82999998331069946 1.1200000047683716 1.4700000286102295 2.309999942779541 2.9900000095367432 3.2899999618530273 3.4800000190734863 2.9700000286102295 3.5099999904632568 3.0699999332427979 2.0799999237060547
 0 0 0 0 0.019999999552965164 0.17000000178813934 0.43999999761581421 0.63999998569488525 0.77999997138977051 0.82999998331069946 0.79000002145767212 0.99000000953674316 1.1399999856948853 1.6000000238418579 2.690000057220459 3.1099998950958252 3.1600000858306885 3.309999942779541 3.440000057220459 3.5899999141693115 3.0699999332427979 2.309999942779541
 0 0 0 0.090000003576278687 0.12999999523162842 0.37999999523162842 0.46000000834465027 0.73000001907348633 0.80000001192092896 0.8399999737739563 0.87000000476837158 0.9100000262260437 1.2000000476837158 2.0699999332427979 3.059999942779541 3.1700000762939453 3.2200000286102295 3.440000057220459 3.7400000095367432 3.9000000953674316 3.5999999046325684 3.2000000476837158
 0 0 0.090000003576278687 0.11999999731779099 0.2800000011920929 0.50999999046325684 0.56000000238418579 0.75999999046325684 0.76999998092651367 0.79000002145767212 0.80000001192092896 0.9100000262260437 1.5299999713897705 2.4700000286102295 3.0099999904632568 3.1700000762939453 3.2000000476837158 3.4600000381469727 3.7400000095367432 3.8499999046325684 3.7799999713897705 2.9200000762939453
 0 0 0.27000001072883606 0.28999999165534973 0.40999999642372131 0.52999997138977051 0.67000001668930054 0.76999998092651367 0.77999997138977051 0.75 0.76999998092651367 1.0199999809265137 1.3799999952316284 2.4600000381469727 3.2300000190734863 3.3399999141693115 3.2100000381469727 3.2699999809265137 3.5 3.8900001049041748 3.7899999618530273 2.8399999141693115
 0.0099999997764825821 0.23000000417232513 0.28999999165534973 0.43000000715255737 0.54000002145767212 0.61000001430511475 0.77999997138977051 0.79000002145767212 0.76999998092651367 0.69999998807907104 0.76999998092651367 1.190000057220459 1.5399999618530273 2.1099998950958252 3.1800000667572021 3.1700000762939453 3 3.190000057220459 3.3499999046325684 3.7799999713897705 3.3599998950958252 2.5499999523162842
 0.18999999761581421 0.37999999523162842 0.46000000834465027 0.5 0.62999999523162842 0.81999999284744263 0.87999999523162842 0.82999998331069946 0.79000002145767212 0.74000000953674316 0.85000002384185791 0.99000000953674316 1.2599999904632568 2.2300000190734863 3.6700000762939453 3.3599998950958252 2.9800000190734863 2.9500000476837158 3.2200000286102295 3.559999942779541 2.9200000762939453 2.5199999809265137
 0.34000000357627869 0.44999998807907104 0.55000001192092896 0.68999999761581421 0.8399999737739563 0.95999997854232788 0.94999998807907104 0.93999999761581421 0.81999999284744263 0.77999997138977051 0.85000002384185791 0.93999999761581421 1.5 3.1099998950958252 3.7799999713897705 2.9600000381469727 2.7300000190734863 2.630000114440918 3.25 3.380000114440918 2.940000057220459 2.3199999332427979
 0.41999998688697815 0.5 0.69999998807907104 0.88999998569488525 1.0499999523162842 1.1200000047683716 1.059999942779541 1 0.87000000476837158 0.86000001430511475 0.87000000476837158 1.059999942779541 1.7599999904632568 2.559999942779541 3.2699999809265137 2.7000000476837158 2.6700000762939453 2.7400000095367432 3.3399999141693115 3.3499999046325684 2.9100000858306885 2.2400000095367432
 0.5 0.62999999523162842 0.75 0.98000001907348633 1.1599999666213989 1.1699999570846558 1.1200000047683716 0.93000000715255737 0.87000000476837158 0.89999997615814209 0.86000001430511475 1.1499999761581421 1.9199999570846558 2.6800000667572021 3.1800000667572021 2.5899999141693115 2.6700000762939453 3.0399999618530273 3.3499999046325684 3.380000114440918 3.0299999713897705 2.2799999713897705
 0.5899999737739563 0.77999997138977051 0.92000001668930054 1.0099999904632568 1.2599999904632568 1.3200000524520874 1.0399999618530273 0.86000001430511475 0.81000000238418579 0.86000001430511475 0.95999997854232788 1.309999942779541 1.809999942779541 2.9800000190734863 2.619999885559082 2.6800000667572021 3.2799999713897705 3.5999999046325684 3.7000000476837158 3.5499999523162842 2.7300000190734863 2.0099999904632568
