data/rasters/precipitation/NSL_201606011400.ASC
ncols        22
nrows        20
xllcorner    184225.000000000000
yllcorner    383293.000000000000
cellsize     1000.000000000000
NODATA_value  -999
 0.0 0 0 0 0 0 0.0099999997764825821 0.0099999997764825821 0.0099999997764825821 0.019999999552965164 0.039999999105930328 0.090000003576278687 0.12999999523162842 0.23999999463558197 0.18000000715255737 0.31000000238418579 0.039999999105930328 0.039999999105930328 0.23999999463558197 0.20999999344348907 0 0
 0 0 0 0 0 0 0.0099999997764825821 0.0099999997764825821 0.05000000074505806 0.059999998658895493 0.05000000074505806 0.10999999940395355 0.10999999940395355 0.2800000011920929 0.31999999284744263 0.34000000357627869 0.43000000715255737 0.31000000238418579 0.25999999046325684 0 0 0
 0 0 0.029999999329447746 0.0099999997764825821 0 0.0099999997764825821 0.059999998658895493 0.029999999329447746 0.039999999105930328 0.079999998211860657 0.039999999105930328 0.10000000149011612 0.11999999731779099 0.2199999988079071 0.40999999642372131 0.37999999523162842 0.34000000357627869 0.30000001192092896 0.20000000298023224 0.14000000059604645 0.20999999344348907 0
 0.0099999997764825821 0 0.0099999997764825821 0 0.079999998211860657 0.059999998658895493 0.05000000074505806 0.090000003576278687 0.0099999997764825821 0.019999999552965164 0.019999999552965164 0.019999999552965164 0.27000001072883606 0.28999999165534973 0.36000001430511475 0.31999999284744263 0.25 0.27000001072883606 0.23999999463558197 0.20999999344348907 0.23000000417232513 0.20999999344348907
 0.029999999329447746 0 0.039999999105930328 0.059999998658895493 0.10000000149011612 0.059999998658895493 0.05000000074505806 0.0099999997764825821 0.0099999997764825821 0.019999999552965164 0.019999999552965164 0.27000001072883606 0.33000001311302185 0.34000000357627869 0.34999999403953552 0.34000000357627869 0.20000000298023224 0.18999999761581421 0.15000000596046448 0.2199999988079071 0.27000001072883606 0.2199999988079071
 0.019999999552965164 0.090000003576278687 0.10999999940395355 0.090000003576278687 0.090000003576278687 0.090000003576278687 0.0099999997764825821 0.0099999997764825821 0.019999999552965164 0.019999999552965164 0.019999999552965164 0.029999999329447746 0.37000000476837158 0.36000001430511475 0.37000000476837158 0.20999999344348907 0.20000000298023224 0.15999999642372131 0.15999999642372131 0.23000000417232513 0.25 0.25
 0.070000000298023224 0.11999999731779099 0.14000000059604645 0.11999999731779099 0.10999999940395355 0.0099999997764825821 0.0099999997764825821 0.0099999997764825821 0.019999999552965164 0.019999999552965164 0.019999999552965164 0.029999999329447746 0.33000001311302185 0.36000001430511475 0.38999998569488525 0.18999999761581421 0.18999999761581421 0.20999999344348907 0.20999999344348907 0.30000001192092896 0.23999999463558197 0.25
 0.090000003576278687 0.14000000059604645 0.15000000596046448 0.10999999940395355 0.10999999940395355 0.0099999997764825821 0.0099999997764825821 0.0099999997764825821 0.019999999552965164 0.019999999552965164 0.019999999552965164 0.41999998688697815 0.38999998569488525 0.2800000011920929 0.23000000417232513 0.2199999988079071 0.20000000298023224 0.25 0.25999999046325684 0.27000001072883606 0.2199999988079071 0.31999999284744263
 0.18000000715255737 0.18999999761581421 0.14000000059604645 0.0099999997764825821 0 0.0099999997764825821 0.0099999997764825821 0.0099999997764825821 0.019999999552965164 0.019999999552965164 0.019999999552965164 0.41999998688697815 0.40999999642372131 0.20000000298023224 0.20999999344348907 0.23999999463558197 0.2199999988079071 0.20999999344348907 0.23999999463558197 0.2199999988079071 0.31000000238418579 0.25999999046325684
 0.18000000715255737 0.18999999761581421 0.0099999997764825821 0 0 0.0099999997764825821 0.0099999997764825821 0.0099999997764825821 0.019999999552965164 0.49000000953674316 0.51999998092651367 0.54000002145767212 0.20000000298023224 0.20000000298023224 0.2199999988079071 0.20999999344348907 0.20000000298023224 0.18000000715255737 0.20999999344348907 0.23999999463558197 0.23000000417232513 0.20999999344348907
 0.12999999523162842 0 0 0 0 0.0099999997764825821 0.0099999997764825821 0.0099999997764825821 0.019999999552965164 0.54000002145767212 0.57999998331069946 0.18999999761581421 0.20000000298023224 0.18000000715255737 0.18000000715255737 0.17000000178813934 0.15999999642372131 0.15000000596046448 0.20000000298023224 0.20999999344348907 0.15000000596046448 0.10999999940395355
 0.15000000596046448 0 0 0 0 0 0.0099999997764825821 0.0099999997764825821 0.019999999552965164 0.47999998927116394 0.25999999046325684 0.18999999761581421 0.20000000298023224 0.17000000178813934 0.20000000298023224 0.20999999344348907 0.20999999344348907 0.18000000715255737 0.18000000715255737 0.17000000178813934 0.12999999523162842 0.10000000149011612
 0 0.10000000149011612 0.33000001311302185 0 0 0 0.0099999997764825821 0.0099999997764825821 0.50999999046325684 0.28999999165534973 0.20000000298023224 0.18000000715255737 0.15000000596046448 0.14000000059604645 0.18000000715255737 0.23000000417232513 0.18000000715255737 0.20000000298023224 0.2199999988079071 0.18999999761581421 0.12999999523162842 0.10000000149011612
 0.11999999731779099 0.2800000011920929 0.40000000596046448 0 0 0 0 0.0099999997764825821 0.23000000417232513 0.20000000298023224 0.15999999642372131 0.14000000059604645 0.14000000059604645 0.17000000178813934 0.2199999988079071 0.20000000298023224 0.18000000715255737 0.23000000417232513 0.20000000298023224 0.17000000178813934 0.11999999731779099 0.070000000298023224
 0.17000000178813934 0.51999998092651367 0.57999998331069946 0.0099999997764825821 0 0 0.62000000476837158 0.33000001311302185 0.18000000715255737 0.11999999731779099 0.10999999940395355 0.14000000059604645 0.14000000059604645 0.11999999731779099 0.10000000149011612 0.10999999940395355 0.20000000298023224 0.18000000715255737 0.15999999642372131 0.12999999523162842 0.11999999731779099 0.019999999552965164
 0.43999999761581421 0.68999999761581421 0.0099999997764825821 0.0099999997764825821 0.0099999997764825821 0.51999998092651367 0.34000000357627869 0.2199999988079071 0.11999999731779099 0.059999998658895493 0.10999999940395355 0.17000000178813934 0.090000003576278687 0.10000000149011612 0.12999999523162842 0.079999998211860657 0.17000000178813934 0.14000000059604645 0.15000000596046448 0.15000000596046448 0.12999999523162842 0.070000000298023224
 0.49000000953674316 0.019999999552965164 0.019999999552965164 0.019999999552965164 0.49000000953674316 0.2800000011920929 0.18000000715255737 0.14000000059604645 0.079999998211860657 0.070000000298023224 0.15000000596046448 0.17000000178813934 0.18999999761581421 0.25999999046325684 0.2199999988079071 0.11999999731779099 0.18000000715255737 0.11999999731779099 0.17000000178813934 0.12999999523162842 0.14000000059604645 0.11999999731779099
 0.74000000953674316 0.029999999329447746 0.029999999329447746 0.36000001430511475 0.20999999344348907 0.14000000059604645 0.14000000059604645 0.12999999523162842 0.10000000149011612 0.15000000596046448 0.18000000715255737 0.18000000715255737 0.18999999761581421 0.23000000417232513 0.23000000417232513 0.20999999344348907 0.18999999761581421 0.15999999642372131 0.15999999642372131 0.12999999523162842 0.15000000596046448 0.15000000596046448
 0.05000000074505806 0.039999999105930328 0.039999999105930328 0.23999999463558197 0.20999999344348907 0.17000000178813934 0.14000000059604645 0.10000000149011612 0.10999999940395355 0.18000000715255737 0.18999999761581421 0.18000000715255737 0.18999999761581421 0.2199999988079071 0.20999999344348907 0.2199999988079071 0.20999999344348907 0.15999999642372131 0.15000000596046448 0.15999999642372131 0.20000000298023224 0.14000000059604645
 0.5 0.23999999463558197 0.25 0.23999999463558197 0.12999999523162842 0.11999999731779099 0.10000000149011612 0.10000000149011612 0.15000000596046448 0.18999999761581421 0.17000000178813934 0.18000000715255737 0.18999999761581421 0.20000000298023224 0.27000001072883606 0.28999999165534973 0.20999999344348907 0.14000000059604645 0.18000000715255737 0.20999999344348907 0.15000000596046448 0.039999999105930328
