data/rasters/precipitation/NSL_201606012200.ASC
ncols        22
nrows        20
xllcorner    184225.000000000000
yllcorner    383293.000000000000
cellsize     1000.000000000000
NODATA_value  -999
 0.0 0 0 0.10999999940395355 0.14000000059604645 0.14000000059604645 0.17000000178813934 0.20999999344348907 0.12999999523162842 0.23000000417232513 0.49000000953674316 0.75999999046325684 1.1599999666213989 1.6499999761581421 2.3599998950958252 3.619999885559082 3.869999885559082 4.0999999046325684 4.940000057220459 7.190000057220459 0 0
 0 0 0.05000000074505806 0.20999999344348907 0.15999999642372131 0.17000000178813934 0.18999999761581421 0.2800000011920929 0.23000000417232513 0.43999999761581421 0.75999999046325684 0.97000002861022949 1.5099999904632568 2.0099999904632568 2.9000000953674316 4.380000114440918 5.2399997711181641 5.070000171661377 4.869999885559082 0 0 0
 0 0 0.10000000149011612 0.23999999463558197 0.23999999463558197 0.15000000596046448 0.2199999988079071 0.23999999463558197 0.43000000715255737 0.70999997854232788 0.89999997615814209 1.2599999904632568 1.7200000286102295 2.4900000095367432 4.2699999809265137 6.0199999809265137 6.630000114440918 6.619999885559082 5.929999828338623 6.179999828338623 7.679999828338623 0
 0 0.05000000074505806 0.11999999731779099 0.20999999344348907 0.31999999284744263 0.20999999344348907 0.25 0.46000000834465027 0.72000002861022949 0.81999999284744263 1.309999942779541 1.8300000429153442 2.3199999332427979 3.309999942779541 5.1100001335144043 6.25 6.929999828338623 7.2300000190734863 6.9499998092651367 6.4200000762939453 5.9600000381469727 7.2399997711181641
 0.059999998658895493 0.11999999731779099 0.12999999523162842 0.25 0.37000000476837158 0.34000000357627869 0.4699999988079071 0.56999999284744263 0.77999997138977051 1.309999942779541 1.75 2.130000114440918 2.8399999141693115 3.7300000190734863 4.7600002288818359 5.440000057220459 6.9899997711181641 7.9600000381469727 6.809999942779541 6.5900001525878906 6.6599998474121094 8.4200000762939453
 0.18000000715255737 0.20999999344348907 0.18000000715255737 0.27000001072883606 0.44999998807907104 0.60000002384185791 0.75 0.82999998331069946 1.2899999618530273 1.6399999856948853 1.6799999475479126 2.630000114440918 3.7599999904632568 4.5399999618530273 5.380000114440918 6.0300002098083496 6.7300000190734863 7.630000114440918 7.679999828338623 6.3400001525878906 7.059999942779541 7.690000057220459
 0.23000000417232513 0.20999999344348907 0.23000000417232513 0.25999999046325684 0.54000002145767212 0.87000000476837158 1.0199999809265137 1.25 1.3999999761581421 2.059999942779541 2.5099999904632568 3.5999999046325684 4.8299999237060547 5.1599998474121094 5.7100000381469727 6.2800002098083496 6.119999885559082 6.869999885559082 7.2800002098083496 5.75 6.3899998664855957 7.6100001335144043
 0.30000001192092896 0.25999999046325684 0.2800000011920929 0.34000000357627869 0.56999999284744263 0.87000000476837158 1.0099999904632568 1.3400000333786011 1.9600000381469727 2.4900000095367432 3.1400001049041748 4.5799999237060547 4.9899997711181641 6.2899999618530273 6.7100000381469727 6.570000171661377 6.0799999237060547 6.7800002098083496 6.9499998092651367 6.630000114440918 7.0300002098083496 8.3500003814697266
 0.31999999284744263 0.40000000596046448 0.43000000715255737 0.52999997138977051 0.69999998807907104 0.97000002861022949 1.2300000190734863 2.2899999618530273 2.369999885559082 3.2899999618530273 4.1500000953674316 4.4200000762939453 5.6399998664855957 7.429999828338623 6.8899998664855957 6.4699997901916504 5.8899998664855957 6.2800002098083496 7.059999942779541 6.8600001335144043 7.8400001525878906 7.559999942779541
 0.44999998807907104 0.5 0.43999999761581421 0.73000001907348633 1 1.2599999904632568 1.9600000381469727 3.0799999237060547 3.4500000476837158 4.3899998664855957 4.3600001335144043 5.3400001525878906 6.5900001525878906 6.8299999237060547 6.1599998474121094 5.9200000762939453 6.0199999809265137 6.4499998092651367 6.0999999046325684 6.7899999618530273 6.0100002288818359 6.5799999237060547
 0.56999999284744263 0.88999998569488525 0.87999999523162842 1.1699999570846558 1.2699999809265137 1.4500000476837158 2.369999885559082 3.380000114440918 4.929999828338623 5.4899997711181641 6.3000001907348633 6.3600001335144043 5.2899999618530273 5.3499999046325684 4.6100001335144043 4.6399998664855957 6.0199999809265137 6.5100002288818359 6.9000000953674316 6.0999999046325684 6.2800002098083496 6.3400001525878906
 1.0399999618530273 1.0199999809265137 1.1100000143051147 1.6699999570846558 1.5399999618530273 1.8999999761581421 2.2999999523162842 4.4099998474121094 5.6599998474121094 6.1599998474121094 6.2399997711181641 5.25 4.6700000762939453 4.119999885559082 4.179999828338623 4.3299999237060547 5.8499999046325684 5.7100000381469727 6.2100000381469727 6.570000171661377 6.559999942779541 6.679999828338623
 1.4199999570846558 1.4700000286102295 1.8300000429153442 1.7899999618530273 2.3399999141693115 3.0099999904632568 3.3900001049041748 5.3400001525878906 5.75 6.4699997901916504 5.9899997711181641 5.3000001907348633 4.4200000762939453 4.2399997711181641 4.1599998474121094 4.4800000190734863 5.1100001335144043 5.7199997901916504 6.1100001335144043 6.25 6.4899997711181641 6.7699999809265137
 1.690000057220459 1.8600000143051147 1.9700000286102295 2.2300000190734863 2.9500000476837158 3.4700000286102295 4.619999885559082 5.820000171661377 5.940000057220459 5.9800000190734863 5.5799999237060547 5.0900001525878906 5.059999942779541 4.690000057220459 4.559999942779541 4.7399997711181641 5.1700000762939453 5.6399998664855957 6.0300002098083496 6.320000171661377 6.619999885559082 7.25
 2.0099999904632568 2.2799999713897705 2.3299999237060547 2.880000114440918 3.7699999809265137 4.4600000381469727 5.5500001907348633 6.2199997901916504 5.9699997901916504 5.4499998092651367 5.2699999809265137 5.190000057220459 5.1700000762939453 4.9899997711181641 4.9000000953674316 5.070000171661377 5.369999885559082 6.070000171661377 6.4899997711181641 6.679999828338623 7.0500001907348633 8.3299999237060547
 2.5499999523162842 2.8599998950958252 3.1500000953674316 3.6099998950958252 4.429999828338623 5.5900001525878906 6.0500001907348633 6.2300000190734863 5.8299999237060547 5.4600000381469727 5.4699997901916504 5.3000001907348633 5.1500000953674316 5.0900001525878906 5.5199999809265137 5.5799999237060547 5.7600002288818359 6.369999885559082 6.8899998664855957 7.190000057220459 7.7300000190734863 8.4700002670288086
 3.119999885559082 3.5299999713897705 4.0500001907348633 4.8000001907348633 5.5399999618530273 5.880000114440918 6 6.3000001907348633 6.0799999237060547 5.7899999618530273 5.7399997711181641 5.6100001335144043 5.3899998664855957 5.9600000381469727 6.130000114440918 6.0300002098083496 6.179999828338623 6.7199997901916504 7.1500000953674316 7.690000057220459 9.0799999237060547 10.909999847412109
 3.5399999618530273 4.130000114440918 4.9899997711181641 5.630000114440918 6.2800002098083496 6.3400001525878906 6.5199999809265137 6.630000114440918 6.4899997711181641 6.1700000762939453 5.9000000953674316 5.9800000190734863 5.8299999237060547 5.7899999618530273 6.5300002098083496 6.3499999046325684 6.869999885559082 6.6599998474121094 7.2600002288818359 8.2299995422363281 11.109999656677246 12.260000228881836
 4.1599998474121094 4.8600001335144043 6.3499999046325684 6.1700000762939453 6.320000171661377 6.6100001335144043 6.869999885559082 6.630000114440918 6.4899997711181641 6.1999998092651367 5.929999828338623 6.2100000381469727 6.429999828338623 6.4099998474121094 6.4499998092651367 5.9000000953674316 6.3600001335144043 6.4600000381469727 7.2899999618530273 8.9300003051757812 10.909999847412109 10.850000381469727
 4.7600002288818359 5.6399998664855957 6.0399999618530273 6.4000000953674316 6.6500000953674316 7.0999999046325684 7.320000171661377 6.880000114440918 6.429999828338623 6.2199997901916504 6.3000001907348633 6.8299999237060547 6.7399997711181641 6.2600002288818359 6.1100001335144043 5.8400001525878906 6.2800002098083496 7.2399997711181641 8.1800003051757812 9.7799997329711914 9.6800003051757812 8.9700002670288086
