data/rasters/precipitation/NSL_201606011000.ASC
ncols        22
nrows        20
xllcorner    184225.000000000000
yllcorner    383293.000000000000
cellsize     1000.000000000000
NODATA_value  -999
 0.0 0 0 0 0 0 0 0 0 0 0 0 0 0 0 0 0 0 0 0 0 0
 0 0 0 0 0 0 0 0 0 0 0.019999999552965164 0.029999999329447746 0.019999999552965164 0 0 0 0 0 0 0 0 0
 0 0 0 0 0 0 0 0 0.05000000074505806 0.029999999329447746 0.039999999105930328 0.029999999329447746 0 0 0 0 0 0 0 0 0 0
 0 0 0 0 0 0 0.029999999329447746 0.019999999552965164 0.17000000178813934 0.05000000074505806 0 0 0.019999999552965164 0.039999999105930328 0.039999999105930328 0.029999999329447746 0 0 0 0 0 0.029999999329447746
 0 0 0 0 0.15000000596046448 0.11999999731779099 0.27000001072883606 0.18999999761581421 0 0 0 0 0 0.039999999105930328 0.059999998658895493 0 0 0 0 0.039999999105930328 0.17000000178813934 0.15000000596046448
 0 0 0 0.14000000059604645 0.40000000596046448 0.54000002145767212 0.47999998927116394 0.20000000298023224 0.070000000298023224 0 0 0 0.070000000298023224 0.019999999552965164 0 0 0 0 0.31999999284744263 0.61000001430511475 0.090000003576278687 0.10999999940395355
 0 0 0.20000000298023224 0.37999999523162842 0.68999999761581421 1.0399999618530273 0.99000000953674316 0.47999998927116394 0.31999999284744263 0 0 0 0 0 0 0 0 0.40999999642372131 0.090000003576278687 0.41999998688697815 0.029999999329447746 0.10000000149011612
 0 0.18000000715255737 0.43000000715255737 0.52999997138977051 0.76999998092651367 1.0900000333786011 1.5 0.69999998807907104 0.15000000596046448 0 0 0 0 0 0 0 0.54000002145767212 1.0800000429153442 0.49000000953674316 0.61000001430511475 0.76999998092651367 0.05000000074505806
 0.079999998211860657 0.28999999165534973 0.47999998927116394 0.73000001907348633 0.87999999523162842 1.5 1.9199999570846558 0.61000001430511475 0 0 0 0 0.15000000596046448 0 0 0.14000000059604645 0.94999998807907104 0.87000000476837158 0.60000002384185791 0.63999998569488525 0.68999999761581421 0.019999999552965164
 0.41999998688697815 0.49000000953674316 0.47999998927116394 1.309999942779541 2.0299999713897705 2.2000000476837158 1.4099999666213989 0.43999999761581421 0 0 0 0.05000000074505806 0.039999999105930328 0 0.05000000074505806 0.40000000596046448 0.68999999761581421 0.68999999761581421 0.73000001907348633 0.69999998807907104 0.75999999046325684 0.079999998211860657
 0.37000000476837158 0.43999999761581421 0.4699999988079071 2.5299999713897705 2.9900000095367432 1.7200000286102295 0.69999998807907104 0.34000000357627869 0 0.029999999329447746 0.50999999046325684 0.43000000715255737 0.039999999105930328 0.10999999940395355 0.50999999046325684 0.74000000953674316 0.87999999523162842 0.89999997615814209 0.80000001192092896 0.74000000953674316 0.62999999523162842 0.64999997615814209
 0.93000000715255737 1.6499999761581421 2.9900000095367432 2.0699999332427979 1.9199999570846558 0.68999999761581421 0.43999999761581421 0.15999999642372131 0.019999999552965164 0.23000000417232513 0.15999999642372131 0.05000000074505806 0.18999999761581421 0.47999998927116394 0.86000001430511475 0.94999998807907104 0.93999999761581421 0.85000002384185791 0.75999999046325684 0.60000002384185791 0.46000000834465027 0.41999998688697815
 3.4300000667572021 4.25 3.1400001049041748 1.3200000524520874 0.79000002145767212 0.44999998807907104 0.6600000262260437 0.5 0.80000001192092896 0.5 0.18999999761581421 0.059999998658895493 0.54000002145767212 0.88999998569488525 1.059999942779541 1.0499999523162842 0.9100000262260437 0.73000001907348633 0.61000001430511475 0.34000000357627869 0.34000000357627869 0.27000001072883606
 3.9000000953674316 1.9299999475479126 0.68999999761581421 0.68999999761581421 0.41999998688697815 0.73000001907348633 1.1000000238418579 0.76999998092651367 1 0.62000000476837158 0.38999998569488525 0.15999999642372131 0.86000001430511475 1.1799999475479126 1.4199999570846558 1.0499999523162842 0.81999999284744263 0.56999999284744263 0.34000000357627869 0.2199999988079071 0.23000000417232513 0.070000000298023224
 2.630000114440918 0.52999997138977051 0.49000000953674316 0.62999999523162842 1.6299999952316284 1.809999942779541 2.4000000953674316 1.6499999761581421 1.0399999618530273 0.97000002861022949 0.6600000262260437 0.36000001430511475 1.1200000047683716 1.1799999475479126 1.1699999570846558 0.76999998092651367 0.56999999284744263 0.43000000715255737 0.51999998092651367 0.50999999046325684 0.12999999523162842 0.079999998211860657
 0.9100000262260437 0.93999999761581421 1.2999999523162842 2.0299999713897705 2.4700000286102295 3.0499999523162842 2.1099998950958252 1.5499999523162842 1.1699999570846558 0.88999998569488525 0.47999998927116394 0.33000001311302185 1.2599999904632568 1.4099999666213989 0.9100000262260437 0.5899999737739563 0.36000001430511475 0.31000000238418579 0.51999998092651367 0.40000000596046448 0.079999998211860657 0.37999999523162842
 1.3899999856948853 2.0499999523162842 2.7899999618530273 3.190000057220459 2.8199999332427979 2.9100000858306885 2.2899999618530273 2.0099999904632568 1.4700000286102295 1.0700000524520874 0.36000001430511475 0.079999998211860657 0.070000000298023224 1.1000000238418579 0.86000001430511475 0.6600000262260437 0.36000001430511475 0.25999999046325684 0.68999999761581421 0.40999999642372131 1.1100000143051147 1.6200000047683716
 2.8900001049041748 2.9800000190734863 3.2799999713897705 3.3399999141693115 3.4900000095367432 3.2300000190734863 3.0099999904632568 2.2000000476837158 1.5399999618530273 1.1299999952316284 0.5 0.27000001072883606 0.27000001072883606 0.10000000149011612 0.27000001072883606 0.63999998569488525 0.05000000074505806 0.62000000476837158 0.6600000262260437 0.79000002145767212 2.6400001049041748 0.70999997854232788
 4.3899998664855957 4.0500001907348633 3.7599999904632568 3.9700000286102295 3.940000057220459 3.440000057220459 2.619999885559082 2.1500000953674316 1.6000000238418579 1.1799999475479126 0.57999998331069946 0.77999997138977051 1.3799999952316284 0.94999998807907104 0.77999997138977051 0.14000000059604645 0.79000002145767212 0.73000001907348633 0.81000000238418579 1.3600000143051147 2.440000057220459 2.2999999523162842
 4.690000057220459 4.9499998092651367 4.6500000953674316 4.1700000762939453 3.940000057220459 3.1600000858306885 2.880000114440918 2.7599999904632568 1.6000000238418579 0.77999997138977051 1.1399999856948853 3.0699999332427979 2.7000000476837158 1.9500000476837158 0.41999998688697815 0.18000000715255737 0.18000000715255737 0.80000001192092896 1.2699999809265137 1.8400000333786011 1.5299999713897705 1.2599999904632568
