data/rasters/precipitation/NSL_201606011900.ASC
ncols        22
nrows        20
xllcorner    184225.000000000000
yllcorner    383293.000000000000
cellsize     1000.000000000000
NODATA_value  -999
 0.0 0 0 0 0 0 0 0 0 0 0 0.25999999046325684 0.6600000262260437 0.52999997138977051 0.63999998569488525 0.81000000238418579 0.98000001907348633 1.0900000333786011 1.3999999761581421 1.9800000190734863 0 0
 0 0 0 0 0 0 0 0 0 0 0.87000000476837158 0.77999997138977051 1.3200000524520874 1.0399999618530273 0.92000001668930054 0.95999997854232788 1.0900000333786011 1.2200000286102295 1.4199999570846558 0 0 0
 0 0 0 0 0.36000001430511475 0 0 0 0.52999997138977051 1.4600000381469727 2.4600000381469727 4.0799999237060547 2.7899999618530273 1.8200000524520874 1.5800000429153442 1.2899999618530273 1.2999999523162842 1.5900000333786011 2.5999999046325684 4.119999885559082 6.4099998474121094 0
 0 0 0 0.059999998658895493 0 0 0 1.6599999666213989 5.0100002288818359 5.190000057220459 7.2800002098083496 7.429999828338623 4.0199999809265137 2.2200000286102295 1.9600000381469727 1.6299999952316284 1.9299999475479126 4 5.2300000190734863 6.440000057220459 7.5100002288818359 12.970000267028809
 0 0 0 0 0 0 1.5099999904632568 4.179999828338623 6.7800002098083496 9.2200002670288086 8.7899999618530273 7.8899998664855957 4.9099998474121094 2.7000000476837158 2.4600000381469727 2.630000114440918 3.8299999237060547 5.820000171661377 6.570000171661377 8.3900003433227539 16.129999160766602 20.459999084472656
 0 0 0 0 0 1.0399999618530273 3.25 5.7899999618530273 8.1400003433227539 7.5300002098083496 7.4800000190734863 6.070000171661377 4.5900001525878906 3.7599999904632568 3.8299999237060547 4.75 5.0199999809265137 6.940000057220459 8.9700002670288086 18.819999694824219 20.190000534057617 21.200000762939453
 0 0 0 0 0.5 3.369999885559082 5.1399998664855957 6.75 7.8299999237060547 6.8499999046325684 6.1999998092651367 5.1700000762939453 6.25 4.9000000953674316 4.9699997901916504 6.190000057220459 6.3400001525878906 10.350000381469727 17.479999542236328 21.260000228881836 20.430000305175781 17.829999923706055
 0 0 0 0 1.25 4.320000171661377 6.2699999809265137 7.4600000381469727 7.4899997711181641 7.3899998664855957 7.119999885559082 9.5600004196166992 8.4700002670288086 6.0300002098083496 6.5 8.2700004577636719 10.829999923706055 15.479999542236328 22.049999237060547 22.760000228881836 17.860000610351563 16.540000915527344
 0 0 0 1.440000057220459 3.2699999809265137 6.429999828338623 8.9799995422363281 9.6899995803833008 9.5699996948242187 12.659999847412109 13.220000267028809 10.949999809265137 8.4200000762939453 6.9800000190734863 7.5500001907348633 10.840000152587891 16.409999847412109 16.760000228881836 20.909999847412109 19.270000457763672 17.170000076293945 15.180000305175781
 0 0.38999998569488525 0.40999999642372131 3.9900000095367432 7.3600001335144043 8.7200002670288086 8.9700002670288086 11.539999961853027 14.039999961853027 17.860000610351563 14.75 12.390000343322754 7.7199997901916504 7.1999998092651367 10.489999771118164 14.609999656677246 20.979999542236328 19.670000076293945 15.550000190734863 16.260000228881836 15.119999885559082 12.930000305175781
 0.68999999761581421 6.119999885559082 6.130000114440918 9.3000001907348633 9.3199996948242187 9.9700002670288086 9.3999996185302734 14.100000381469727 19.020000457763672 18.579999923706055 16.079999923706055 10.689999580383301 9.6700000762939453 9.8900003433227539 14.430000305175781 19.079999923706055 20.530000686645508 16.389999389648437 13.310000419616699 12.760000228881836 11.220000267028809 10.390000343322754
 3.7799999713897705 7.0500001907348633 10.409999847412109 13.109999656677246 11.489999771118164 10.609999656677246 9.75 18.760000228881836 21.049999237060547 17.549999237060547 11.079999923706055 9.8199996948242187 10.850000381469727 13.75 17.290000915527344 19.75 18.040000915527344 13.010000228881836 11.800000190734863 11.140000343322754 10.170000076293945 10.010000228881836
 10.789999961853027 12.090000152587891 14.970000267028809 15.770000457763672 11.489999771118164 15.079999923706055 13.729999542236328 18.610000610351563 17.350000381469727 12.890000343322754 8.6400003433227539 9.1499996185302734 11.75 14.130000114440918 16.559999465942383 17.579999923706055 16.090000152587891 12.909999847412109 11.479999542236328 10.359999656677246 9.8599996566772461 9.6800003051757812
 18.959999084472656 19.989999771118164 20.280000686645508 15.779999732971191 15.170000076293945 16.229999542236328 16.239999771118164 14.920000076293945 12.159999847412109 9.9899997711181641 9.0900001525878906 9.5600004196166992 11.909999847412109 14.159999847412109 16 15.739999771118164 15.520000457763672 12.880000114440918 10.840000152587891 10.479999542236328 10.369999885559082 10.310000419616699
 22.899999618530273 24.799999237060547 22.860000610351563 15.229999542236328 16.389999389648437 16.520000457763672 15.710000038146973 13.539999961853027 9.7600002288818359 9.1099996566772461 9.8299999237060547 11.409999847412109 12.609999656677246 13.789999961853027 14.829999923706055 13 12.710000038146973 11.510000228881836 10.310000419616699 10.470000267028809 9.5799999237060547 9.9300003051757813
 23.639999389648438 21.440000534057617 20.909999847412109 19.600000381469727 18.319999694824219 17.639999389648437 12.159999847412109 10.579999923706055 8.9799995422363281 9.380000114440918 10.369999885559082 10.75 12.840000152587891 13.430000305175781 12.460000038146973 11.340000152587891 10.289999961853027 9.6400003433227539 9.8900003433227539 9.8999996185302734 9.4899997711181641 10.010000228881836
 20.379999160766602 18.729999542236328 17.549999237060547 17.5 15.720000267028809 13.529999732971191 9.8400001525878906 7.6700000762939453 7.9600000381469727 8.8500003814697266 9.4499998092651367 10.380000114440918 12 12.689999580383301 11.729999542236328 9.8199996948242187 8.9399995803833008 9.0100002288818359 10.130000114440918 9.6099996566772461 10.520000457763672 11.020000457763672
 20.090000152587891 17.649999618530273 13.649999618530273 12.670000076293945 10.229999542236328 7.5999999046325684 7.2600002288818359 7.1500000953674316 7.6999998092651367 8.8100004196166992 9.6499996185302734 11 10.770000457763672 11.609999656677246 9.9499998092651367 8.75 8.9799995422363281 9.3599996566772461 9.6000003814697266 9.8999996185302734 12.039999961853027 13
 17.360000610351562 15.090000152587891 13.829999923706055 10.079999923706055 8.1700000762939453 7.559999942779541 7.3600001335144043 8.2399997711181641 9.2399997711181641 8.8599996566772461 9.5299997329711914 10.770000457763672 10.430000305175781 9.6700000762939453 8.5500001907348633 8.3900003433227539 8.7700004577636719 8.6800003051757813 9.3199996948242187 10.159999847412109 11.670000076293945 12.460000038146973
 13.819999694824219 12.020000457763672 10.550000190734863 9.2100000381469727 6.4800000190734863 6.2199997901916504 7.5500001907348633 8.7100000381469727 9.4099998474121094 9.4799995422363281 10.130000114440918 10.159999847412109 10.510000228881836 8.0299997329711914 7.929999828338623 8.5399999618530273 8.5 8.5100002288818359 9.2200002670288086 9.9499998092651367 9.6999998092651367 9.3199996948242187
