data/rasters/precipitation/NSL_201606012000.ASC
ncols        22
nrows        20
xllcorner    184225.000000000000
yllcorner    383293.000000000000
cellsize     1000.000000000000
NODATA_value  -999
 0.0 0 0 0 0 0 0 0 0 0 0 0 0 0 0 0 0 0 0 0.029999999329447746 0 0
 0 0 0 0 0 0 0 0 0 0 0 0 0 0 0 0 0 0 0 0 0 0
 0 0 0 0 0 0 0 0 0 0 0 0 0 0 0 0 0 0 0 1.1799999475479126 7.380000114440918 0
 0 0 0 0 0 0 0 0 0 0 0 0 0 0 0 0 0 0 1.5499999523162842 8.0799999237060547 11.100000381469727 14.590000152587891
 0 0 0 0 0 0 0 0 0 0 0 0 0 0 0 0 0 1.7899999618530273 4.380000114440918 11.260000228881836 16.700000762939453 11.060000419616699
 0 0 0 0 0 0 0 0 0 0 0 0 0 0 0 0 1.2000000476837158 4.4099998474121094 12.140000343322754 15.529999732971191 9.7399997711181641 8.75
 0 0 0 0 0 0 0 0 0 0 0 0 0 0 0 1.309999942779541 3.8900001049041748 10.130000114440918 11.899999618530273 7.8499999046325684 8.1000003814697266 5.5199999809265137
 0 0 0 0 0 0 0 0 0 0 0 0 0 0 0 3.9500000476837158 9.5600004196166992 10.970000267028809 7.869999885559082 6.4800000190734863 4.2100000381469727 2.2300000190734863
 0 0 0 0 0 0 0 0 0 0 0 0 0 0 0.99000000953674316 6.8000001907348633 10.069999694824219 10.060000419616699 7.320000171661377 4.059999942779541 1.3500000238418579 1.9700000286102295
 0 0 0 0 0 0 0 0 0 0 0 0 0 0.18999999761581421 6.070000171661377 9.7799997329711914 7.6700000762939453 6.820000171661377 3.4800000190734863 2.2799999713897705 1.5299999713897705 0.95999997854232788
 0 0 0 0 0 0 0 0 0 0 0 0 2.369999885559082 4.8299999237060547 11.010000228881836 8.7200002670288086 5.869999885559082 3.8399999141693115 2.5799999237060547 1.3700000047683716 0.68000000715255737 0.75
 0 0 0 0 0 0 0 0 0 0 0 2.440000057220459 5.820000171661377 10.579999923706055 8.0900001525878906 6.4000000953674316 4.380000114440918 2.119999885559082 1.3799999952316284 0.8399999737739563 0.85000002384185791 0.77999997138977051
 0 0 0 0 0 0 0 0 0 0 3.3399999141693115 6.619999885559082 11.229999542236328 9.619999885559082 7.440000057220459 4.6500000953674316 2.9300000667572021 1.3500000238418579 0.63999998569488525 0.81999999284744263 0.89999997615814209 2.0799999237060547
 0 0 0 0 0 0 0 0 2.130000114440918 5.75 8.5500001907348633 12.199999809265137 11.720000267028809 10.340000152587891 9.1099996566772461 5.0399999618530273 2.6500000953674316 1.2899999618530273 0.87000000476837158 1.4099999666213989 2.0999999046325684 6.2699999809265137
 0 0 0 0 0.019999999552965164 0.019999999552965164 0 0 6.2600002288818359 14.010000228881836 15.779999732971191 13.560000419616699 10.399999618530273 10.260000228881836 7.1100001335144043 3.190000057220459 1.7799999713897705 1.0499999523162842 1.4099999666213989 2.8900001049041748 6.1599998474121094 13.170000076293945
 0.019999999552965164 0.039999999105930328 0.05000000074505806 0.070000000298023224 0.079999998211860657 0.070000000298023224 0.019999999552965164 3.2300000190734863 11.489999771118164 19.940000534057617 17.350000381469727 11.039999961853027 9.4799995422363281 6.7300000190734863 3.4500000476837158 2.059999942779541 1.2200000286102295 1.4800000190734863 1.9299999475479126 7.130000114440918 12.569999694824219 12.659999847412109
 0.05000000074505806 0.070000000298023224 0.10000000149011612 0.11999999731779099 0.12999999523162842 0.12999999523162842 2.6800000667572021 7.75 16.600000381469727 20.079999923706055 15.100000381469727 10.880000114440918 6.559999942779541 3.0499999523162842 2.7400000095367432 1.7200000286102295 1.9600000381469727 2.4100000858306885 4.3600001335144043 11.189999580383301 11.970000267028809 11.270000457763672
 0.079999998211860657 0.10999999940395355 0.14000000059604645 0.15999999642372131 2.059999942779541 4.320000171661377 5.929999828338623 12.149999618530273 17.739999771118164 14.989999771118164 9.8999996185302734 7.309999942779541 4.5199999809265137 3.2999999523162842 1.3999999761581421 2.6400001049041748 2.9800000190734863 4.809999942779541 9.0500001907348633 10.739999771118164 10.079999923706055 7.4099998474121094
 0.10999999940395355 0.14000000059604645 0.18000000715255737 1.1699999570846558 3.0199999809265137 4.75 10.550000190734863 16.780000686645508 18.870000839233398 10.859999656677246 7.630000114440918 5.3899998664855957 2.9600000381469727 2.1500000953674316 2.6400001049041748 7.3299999237060547 6.8000001907348633 8.2200002670288086 10.489999771118164 9.9600000381469727 6.440000057220459 5.869999885559082
 0.14000000059604645 0.18000000715255737 2.119999885559082 3.6099998950958252 8.1499996185302734 12.189999580383301 17.469999313354492 18.629999160766602 14.649999618530273 8.119999885559082 4.6999998092651367 3.2100000381469727 3.190000057220459 3 6.2800002098083496 9.119999885559082 9.9399995803833008 11.479999542236328 10.619999885559082 7.8600001335144043 4.7600002288818359 4.5900001525878906
