data/rasters/precipitation/NSL_201606021800.ASC
ncols        22
nrows        20
xllcorner    184225.000000000000
yllcorner    383293.000000000000
cellsize     1000.000000000000
NODATA_value  -999
 0.0 0 0 0 0 0 0 0 0 0 0.14000000059604645 0.17000000178813934 0.18999999761581421 0.17000000178813934 0.20000000298023224 0.2800000011920929 0.34999999403953552 0.49000000953674316 0.52999997138977051 0.54000002145767212 0 0
 0 0 0 0 0 0 0 0 0 0 0.17000000178813934 0.20000000298023224 0.20999999344348907 0.20000000298023224 0.23000000417232513 0.31999999284744263 0.41999998688697815 0.52999997138977051 0.50999999046325684 0 0 0
 0 0 0 0 0 0 0 0 0 0.079999998211860657 0.18999999761581421 0.20999999344348907 0.23000000417232513 0.2199999988079071 0.25999999046325684 0.33000001311302185 0.41999998688697815 0.47999998927116394 0.47999998927116394 0.4699999988079071 1.2000000476837158 0
 0 0 0 0 0 0 0 0 0 0.10999999940395355 0.20000000298023224 0.27000001072883606 0.23000000417232513 0.18000000715255737 0.2199999988079071 0.27000001072883606 0.33000001311302185 0.4699999988079071 0.46000000834465027 0.41999998688697815 1.1299999952316284 0.31000000238418579
 0 0 0 0 0 0 0 0 0 0.15999999642372131 0.23999999463558197 0.2800000011920929 0.23999999463558197 0.15999999642372131 0.17000000178813934 0.27000001072883606 0.31999999284744263 0.37999999523162842 0.43000000715255737 1.0800000429153442 0.93999999761581421 0.34000000357627869
 0 0 0 0 0 0 0 0 0.059999998658895493 0.23999999463558197 0.2800000011920929 0.28999999165534973 0.20999999344348907 0.15000000596046448 0.18000000715255737 0.25999999046325684 0.33000001311302185 0.34999999403953552 1.1599999666213989 0.98000001907348633 0.33000001311302185 0.34000000357627869
 0 0 0 0 0 0 0 0 0 0.10999999940395355 0.23000000417232513 0.2199999988079071 0.18000000715255737 0.15000000596046448 0.23999999463558197 0.25999999046325684 0.31999999284744263 0.34000000357627869 0.93000000715255737 0.99000000953674316 0.37999999523162842 0.33000001311302185
 0 0 0 0 0 0.039999999105930328 0 0 0.10000000149011612 0.029999999329447746 0.15000000596046448 0.23000000417232513 0.18999999761581421 0.18999999761581421 0.23000000417232513 0.25 0.34000000357627869 0.37000000476837158 0.31999999284744263 0.98000001907348633 0.37999999523162842 0.30000001192092896
 0 0 0 0 0 0 0 0 0 0.0099999997764825821 0.059999998658895493 0.2199999988079071 0.23999999463558197 0.2199999988079071 0.23000000417232513 0.25999999046325684 0.40999999642372131 0.41999998688697815 0.34000000357627869 0.34000000357627869 0.38999998569488525 0.34000000357627869
 0 0 0 0 0.039999999105930328 0 0 0 0 0 0.10999999940395355 0.2199999988079071 0.23000000417232513 0.2199999988079071 0.23999999463558197 0.34999999403953552 0.47999998927116394 0.43999999761581421 0.34000000357627869 0.37999999523162842 0.34999999403953552 0.34000000357627869
 0 0 0 0 0 0 0 0 0 0.070000000298023224 0.14000000059604645 0.23999999463558197 0.20000000298023224 0.2199999988079071 0.34000000357627869 0.44999998807907104 0.5 0.43000000715255737 0.40000000596046448 0.40999999642372131 0.37999999523162842 0.31000000238418579
 0 0 0 0 0 0 0 0 0.079999998211860657 0.079999998211860657 0.18000000715255737 0.2199999988079071 0.20000000298023224 0.2800000011920929 0.40999999642372131 0.4699999988079071 0.50999999046325684 0.51999998092651367 0.52999997138977051 0.49000000953674316 0.43999999761581421 0.38999998569488525
 0 0 0 0 0 0.0099999997764825821 0 0.079999998211860657 0.079999998211860657 0.079999998211860657 0.20999999344348907 0.20999999344348907 0.23000000417232513 0.31000000238418579 0.40000000596046448 0.50999999046325684 0.55000001192092896 0.62999999523162842 0.64999997615814209 0.55000001192092896 0.43999999761581421 0.40999999642372131
 0 0 0 0.0099999997764825821 0.090000003576278687 0.029999999329447746 0.10000000149011612 0.070000000298023224 0.05000000074505806 0.079999998211860657 0.20000000298023224 0.20000000298023224 0.25 0.33000001311302185 0.41999998688697815 0.54000002145767212 0.62999999523162842 0.72000002861022949 0.76999998092651367 0.62000000476837158 0.52999997138977051 0.47999998927116394
 0 0 0 0.059999998658895493 0.10999999940395355 0.10000000149011612 0.070000000298023224 0.070000000298023224 0.079999998211860657 0.18999999761581421 0.20000000298023224 0.2199999988079071 0.28999999165534973 0.36000001430511475 0.49000000953674316 0.69999998807907104 0.75999999046325684 1.1000000238418579 0.99000000953674316 0.68999999761581421 0.62999999523162842 0.52999997138977051
 0 0.019999999552965164 0.039999999105930328 0.079999998211860657 0.090000003576278687 0.059999998658895493 0.029999999329447746 0.039999999105930328 0.070000000298023224 0.23000000417232513 0.20999999344348907 0.23000000417232513 0.28999999165534973 0.41999998688697815 0.62000000476837158 0.75 1.2599999904632568 1.4800000190734863 1.1499999761581421 0.77999997138977051 0.62999999523162842 0.55000001192092896
 0 0 0 0 0 0 0.0099999997764825821 0.019999999552965164 0.090000003576278687 0.23999999463558197 0.20999999344348907 0.25 0.38999998569488525 0.64999997615814209 0.70999997854232788 0.98000001907348633 1.8300000429153442 1.8600000143051147 1.0800000429153442 0.81000000238418579 0.6600000262260437 0.60000002384185791
 0 0 0 0 0 0 0 0.039999999105930328 0.11999999731779099 0.2199999988079071 0.25 0.33000001311302185 0.5 0.60000002384185791 0.88999998569488525 1.6699999570846558 2.0499999523162842 1.7799999713897705 0.97000002861022949 0.82999998331069946 0.64999997615814209 0.61000001430511475
 0 0 0 0 0 0 0 0.10000000149011612 0.25 0.2199999988079071 0.30000001192092896 0.41999998688697815 0.5899999737739563 0.75 1.4800000190734863 2.309999942779541 2.1600000858306885 1.2000000476837158 0.97000002861022949 0.79000002145767212 0.6600000262260437 0.62999999523162842
 0 0 0 0 0 0 0.05000000074505806 0.20000000298023224 0.23999999463558197 0.2800000011920929 0.37000000476837158 0.52999997138977051 0.6600000262260437 1.1499999761581421 1.8899999856948853 2.190000057220459 1.7699999809265137 1.059999942779541 0.94999998807907104 0.76999998092651367 0.64999997615814209 0.5899999737739563
