data/rasters/precipitation/NSL_201606031900.ASC
ncols        22
nrows        20
xllcorner    184225.000000000000
yllcorner    383293.000000000000
cellsize     1000.000000000000
NODATA_value  -999
 1.7599999904632568 2.2300000190734863 2.6700000762939453 3.25 3.7100000381469727 4.0300002098083496 4.0900001525878906 3.440000057220459 3.4900000095367432 3.619999885559082 3.4900000095367432 3.5 3.2000000476837158 2.6099998950958252 2.0799999237060547 1.5299999713897705 1.3700000047683716 1.1000000238418579 0.8399999737739563 0.72000002861022949 0 0
 1.8300000429153442 2.25 2.6400001049041748 3.0999999046325684 3.3299999237060547 3.3199999332427979 3.0999999046325684 3.2400000095367432 3.3299999237060547 3.4700000286102295 3.5099999904632568 3.2999999523162842 2.6800000667572021 2.2999999523162842 1.8799999952316284 1.5299999713897705 1.190000057220459 0.93999999761581421 0.77999997138977051 0 0 0
 1.7400000095367432 2.0999999046325684 2.4200000762939453 2.7200000286102295 2.8299999237060547 2.8299999237060547 2.9300000667572021 2.9700000286102295 3.1099998950958252 3.3499999046325684 3.309999942779541 2.9100000858306885 2.5699999332427979 2.3199999332427979 2 1.5700000524520874 1.190000057220459 0.95999997854232788 0.73000001907348633 0.47999998927116394 0.36000001430511475 0
 1.5900000333786011 1.8799999952316284 2.1500000953674316 2.369999885559082 2.5399999618530273 2.6600000858306885 2.7799999713897705 2.9600000381469727 3.1400001049041748 3.1400001049041748 3.0999999046325684 3.0199999809265137 2.8599998950958252 2.7200000286102295 2.5399999618530273 2 1.3999999761581421 0.98000001907348633 0.60000002384185791 0.37999999523162842 0.30000001192092896 0.20999999344348907
 1.4800000190734863 1.7100000381469727 1.9199999570846558 2.119999885559082 2.2999999523162842 2.4900000095367432 2.7000000476837158 2.8399999141693115 2.9600000381469727 3.130000114440918 3.2000000476837158 3.3599998950958252 3.3599998950958252 3.1600000858306885 3.1400001049041748 2.4900000095367432 1.5700000524520874 0.93999999761581421 0.5899999737739563 0.31999999284744263 0.25 0.18000000715255737
 1.3500000238418579 1.559999942779541 1.7300000190734863 1.9099999666213989 2.0799999237060547 2.2899999618530273 2.5099999904632568 2.7100000381469727 3.369999885559082 3.619999885559082 3.309999942779541 3.7400000095367432 3.690000057220459 3.440000057220459 3.1400001049041748 2.2400000095367432 1.4600000381469727 0.77999997138977051 0.34000000357627869 0.25999999046325684 0.2199999988079071 0.15000000596046448
 1.2999999523162842 1.4500000476837158 1.5800000429153442 1.7200000286102295 1.8999999761581421 2.119999885559082 2.3499999046325684 2.7699999809265137 3.2300000190734863 3.5199999809265137 3.5399999618530273 3.440000057220459 3.809999942779541 3.4200000762939453 2.8299999237060547 1.5900000333786011 1.0900000333786011 0.44999998807907104 0.34999999403953552 0.25 0.18999999761581421 0.11999999731779099
 1.2200000286102295 1.3200000524520874 1.4299999475479126 1.5499999523162842 1.7000000476837158 1.9099999666213989 2.1800000667572021 2.6600000858306885 3.0299999713897705 3.1400001049041748 3.0999999046325684 3.9200000762939453 3.9600000381469727 3.2100000381469727 2.0199999809265137 1 0.51999998092651367 0.31999999284744263 0.23000000417232513 0.17000000178813934 0.15000000596046448 0.090000003576278687
 1.1299999952316284 1.2599999904632568 1.3500000238418579 1.4900000095367432 1.6299999952316284 2.059999942779541 2.5699999332427979 3.3900001049041748 3.2799999713897705 3.8299999237060547 4.0100002288818359 3.7400000095367432 3.440000057220459 2.3499999046325684 1.2699999809265137 0.51999998092651367 0.27000001072883606 0.23999999463558197 0.17000000178813934 0.15000000596046448 0.11999999731779099 0.10000000149011612
 1.1100000143051147 1.190000057220459 1.2799999713897705 1.7300000190734863 2.1600000858306885 2.809999942779541 3.6099998950958252 4.380000114440918 4.0300002098083496 3.869999885559082 3.630000114440918 2.9500000476837158 2.2000000476837158 1.9099999666213989 0.51999998092651367 0.20999999344348907 0.15999999642372131 0.15999999642372131 0.14000000059604645 0.12999999523162842 0.12999999523162842 0.11999999731779099
 1.2400000095367432 1.7300000190734863 1.7000000476837158 2.5899999141693115 3.0899999141693115 3.4700000286102295 4.1500000953674316 4.2899999618530273 3.1800000667572021 2.5499999523162842 1.9800000190734863 1.6499999761581421 0.81000000238418579 0.64999997615814209 0.10999999940395355 0.090000003576278687 0.10000000149011612 0.12999999523162842 0.14000000059604645 0.14000000059604645 0.14000000059604645 0.15000000596046448
 1.5299999713897705 1.9900000095367432 2.4000000953674316 3.0699999332427979 3.2100000381469727 3.4600000381469727 3.2899999618530273 2.75 1.6299999952316284 1.5800000429153442 1.3500000238418579 0.89999997615814209 0.23999999463558197 0.05000000074505806 0.019999999552965164 0.039999999105930328 0.070000000298023224 0.10999999940395355 0.14000000059604645 0.15000000596046448 0.14000000059604645 0.15000000596046448
 1.6299999952316284 1.940000057220459 2.2300000190734863 2.4100000858306885 2.2799999713897705 2.3599998950958252 2.190000057220459 1.3500000238418579 1.2699999809265137 1.0099999904632568 0.62999999523162842 0.40000000596046448 0.059999998658895493 0 0 0.029999999329447746 0.059999998658895493 0.079999998211860657 0.079999998211860657 0.090000003576278687 0.10999999940395355 0.039999999105930328
 1.2799999713897705 1.2200000286102295 1.2999999523162842 1.6299999952316284 1.559999942779541 1.6200000047683716 1.3999999761581421 1.0199999809265137 0.80000001192092896 0.62000000476837158 0.40999999642372131 0.20000000298023224 0.10000000149011612 0.039999999105930328 0.019999999552965164 0 0.029999999329447746 0.029999999329447746 0 0 0 0
 0.95999997854232788 0.82999998331069946 0.98000001907348633 1.059999942779541 1.059999942779541 1.1699999570846558 0.94999998807907104 0.81000000238418579 0.57999998331069946 0.43999999761581421 0.31000000238418579 0.17000000178813934 0.079999998211860657 0.039999999105930328 0 0 0 0 0 0 0 0
 0.56000000238418579 0.61000001430511475 0.68999999761581421 0.70999997854232788 0.75 0.75 0.68000000715255737 0.60000002384185791 0.46000000834465027 0.34000000357627869 0.2199999988079071 0.11999999731779099 0.070000000298023224 0 0 0 0 0 0 0 0 0
 0.34999999403953552 0.37000000476837158 0.41999998688697815 0.47999998927116394 0.5 0.52999997138977051 0.5 0.43999999761581421 0.34000000357627869 0.23999999463558197 0.17000000178813934 0.10000000149011612 0.039999999105930328 0 0 0 0 0 0 0 0 0
 0.18000000715255737 0.25 0.2800000011920929 0.34000000357627869 0.37000000476837158 0.37000000476837158 0.36000001430511475 0.31999999284744263 0.27000001072883606 0.18999999761581421 0.14000000059604645 0.090000003576278687 0.039999999105930328 0 0 0 0 0 0 0 0 0
 0.10000000149011612 0.15999999642372131 0.20999999344348907 0.25 0.27000001072883606 0.28999999165534973 0.27000001072883606 0.23999999463558197 0.20999999344348907 0.17000000178813934 0.11999999731779099 0.079999998211860657 0.05000000074505806 0.019999999552965164 0 0 0 0 0 0 0 0
 0.059999998658895493 0.10000000149011612 0.15000000596046448 0.18000000715255737 0.20999999344348907 0.2199999988079071 0.20999999344348907 0.20000000298023224 0.17000000178813934 0.14000000059604645 0.10999999940395355 0.079999998211860657 0.05000000074505806 0.019999999552965164 0 0 0 0 0 0 0 0
