data/rasters/precipitation/NSL_201606011500.ASC
ncols        22
nrows        20
xllcorner    184225.000000000000
yllcorner    383293.000000000000
cellsize     1000.000000000000
NODATA_value  -999
 3.6099998950958252 3.0699999332427979 2.9000000953674316 5.380000114440918 5.1700000762939453 4.75 2.1400001049041748 0.73000001907348633 0.41999998688697815 0.20000000298023224 0.18999999761581421 0.25 0.46000000834465027 0.69999998807907104 1.1000000238418579 0.69999998807907104 0.97000002861022949 0.5 0 0.31999999284744263 0 0
 2.3900001049041748 2.4100000858306885 2.75 3.5299999713897705 4.0500001907348633 2.3199999332427979 1.2300000190734863 0.27000001072883606 0.2199999988079071 0.12999999523162842 0.18000000715255737 0.31000000238418579 0.54000002145767212 0.44999998807907104 0.4699999988079071 0.23000000417232513 0 0 0 0 0 0
 1.5 1.690000057220459 2.5 2.2100000381469727 1.8600000143051147 1.2300000190734863 0.31999999284744263 0.30000001192092896 0.15999999642372131 0.15000000596046448 0.15999999642372131 0.20000000298023224 0.38999998569488525 0.31999999284744263 0 0 0 0 0 0 0 0
 0.98000001907348633 1.2200000286102295 1.5199999809265137 1.2100000381469727 0.62999999523162842 0.34999999403953552 0.20000000298023224 0.090000003576278687 0.2800000011920929 0.18000000715255737 0.029999999329447746 0.10999999940395355 0.059999998658895493 0.029999999329447746 0 0 0 0 0 0 0 0
 0.72000002861022949 0.89999997615814209 0.81000000238418579 0.70999997854232788 0.25 0.2199999988079071 0.15000000596046448 0.25999999046325684 0.15999999642372131 0.11999999731779099 0.18999999761581421 0 0 0 0 0 0 0 0 0 0 0
 0.61000001430511475 0.55000001192092896 0.56999999284744263 0.43999999761581421 0.10999999940395355 0.10000000149011612 0.079999998211860657 0.14000000059604645 0.070000000298023224 0.090000003576278687 0.20999999344348907 0.10000000149011612 0 0 0 0 0 0 0 0 0 0
 0.37999999523162842 0.43000000715255737 0.30000001192092896 0.18000000715255737 0.090000003576278687 0.079999998211860657 0.070000000298023224 0.039999999105930328 0.079999998211860657 0.079999998211860657 0.079999998211860657 0.0099999997764825821 0 0 0 0 0 0 0 0 0 0
 0.23999999463558197 0.23999999463558197 0.10999999940395355 0.079999998211860657 0.079999998211860657 0.070000000298023224 0.059999998658895493 0.039999999105930328 0.05000000074505806 0.17000000178813934 0.2800000011920929 0 0 0 0 0 0 0 0 0 0.0099999997764825821 0
 0.070000000298023224 0.070000000298023224 0.070000000298023224 0.070000000298023224 0.070000000298023224 0.059999998658895493 0.05000000074505806 0.029999999329447746 0.05000000074505806 0.2800000011920929 0.23999999463558197 0 0 0 0 0 0 0 0 0 0 0
 0.059999998658895493 0.059999998658895493 0.059999998658895493 0.059999998658895493 0.05000000074505806 0.05000000074505806 0.039999999105930328 0.029999999329447746 0.11999999731779099 0 0 0 0 0 0 0 0 0 0 0 0.079999998211860657 0.079999998211860657
 0.05000000074505806 0.05000000074505806 0.05000000074505806 0.05000000074505806 0.039999999105930328 0.039999999105930328 0.029999999329447746 0.019999999552965164 0.039999999105930328 0.0099999997764825821 0 0.0099999997764825821 0 0 0.059999998658895493 0.039999999105930328 0 0 0 0.11999999731779099 0.20999999344348907 0.2800000011920929
 0.039999999105930328 0.039999999105930328 0.039999999105930328 0.029999999329447746 0.029999999329447746 0.029999999329447746 0.019999999552965164 0.18000000715255737 0.10000000149011612 0.0099999997764825821 0.0099999997764825821 0 0 0 0 0 0 0.15999999642372131 0.18999999761581421 0.18999999761581421 0.23999999463558197 0.33000001311302185
 0.029999999329447746 0.029999999329447746 0.029999999329447746 0.029999999329447746 0.019999999552965164 0.019999999552965164 0.019999999552965164 0.12999999523162842 0.0099999997764825821 0.0099999997764825821 0.0099999997764825821 0.0099999997764825821 0 0 0 0 0.12999999523162842 0.12999999523162842 0.10000000149011612 0.070000000298023224 0.15000000596046448 0.15999999642372131
 0.019999999552965164 0.019999999552965164 0.019999999552965164 0.019999999552965164 0.0099999997764825821 0.0099999997764825821 0.0099999997764825821 0.029999999329447746 0.0099999997764825821 0.0099999997764825821 0.0099999997764825821 0.0099999997764825821 0.0099999997764825821 0 0 0 0.12999999523162842 0.10000000149011612 0.079999998211860657 0.10999999940395355 0.15999999642372131 0.12999999523162842
 0.019999999552965164 0.019999999552965164 0.0099999997764825821 0.0099999997764825821 0.0099999997764825821 0 0 0.0099999997764825821 0.0099999997764825821 0.0099999997764825821 0.0099999997764825821 0.0099999997764825821 0.0099999997764825821 0 0 0 0.029999999329447746 0.17000000178813934 0.070000000298023224 0.15000000596046448 0.079999998211860657 0
 0.0099999997764825821 0.0099999997764825821 0.0099999997764825821 0.0099999997764825821 0 0 0 0 0.0099999997764825821 0.0099999997764825821 0.0099999997764825821 0.0099999997764825821 0.0099999997764825821 0.0099999997764825821 0 0 0 0.090000003576278687 0.070000000298023224 0 0 0
 0.0099999997764825821 0.0099999997764825821 0.0099999997764825821 0.0099999997764825821 0 0 0 0 0.0099999997764825821 0.0099999997764825821 0.0099999997764825821 0.0099999997764825821 0.0099999997764825821 0.0099999997764825821 0.0099999997764825821 0.0099999997764825821 0.0099999997764825821 0.0099999997764825821 0.0099999997764825821 0.0099999997764825821 0.0099999997764825821 0.0099999997764825821
 0.0099999997764825821 0.0099999997764825821 0.0099999997764825821 0 0 0 0 0 0 0.0099999997764825821 0.0099999997764825821 0.0099999997764825821 0.0099999997764825821 0.0099999997764825821 0.0099999997764825821 0.0099999997764825821 0.0099999997764825821 0.0099999997764825821 0.0099999997764825821 0.019999999552965164 0.019999999552965164 0.019999999552965164
 0 0 0 0 0 0 0 0 0 0.0099999997764825821 0.0099999997764825821 0.0099999997764825821 0.0099999997764825821 0.0099999997764825821 0.0099999997764825821 0.0099999997764825821 0.0099999997764825821 0.019999999552965164 0.019999999552965164 0.019999999552965164 0.019999999552965164 0.15999999642372131
 0 0 0 0 0 0 0 0 0 0 0.0099999997764825821 0.0099999997764825821 0.0099999997764825821 0.0099999997764825821 0.0099999997764825821 0.0099999997764825821 0.0099999997764825821 0.019999999552965164 0.019999999552965164 0.029999999329447746 0.17000000178813934 0.30000001192092896
