data/rasters/precipitation/NSL_201606012100.ASC
ncols        22
nrows        20
xllcorner    184225.000000000000
yllcorner    383293.000000000000
cellsize     1000.000000000000
NODATA_value  -999
 0.0 0 0 0 0 0 0 0 0 0 0 0 0 0 0 0 0 0.14000000059604645 0.56999999284744263 0.75 0 0
 0 0 0 0 0 0 0 0 0 0 0 0 0 0 0 0 0.10999999940395355 0.46000000834465027 0.67000001668930054 0 0 0
 0 0 0 0 0 0 0 0 0 0 0 0 0 0 0 0.12999999523162842 0.46000000834465027 0.52999997138977051 1.0199999809265137 1.4600000381469727 1.4700000286102295 0
 0 0 0 0 0 0 0 0 0 0 0 0 0 0 0.15999999642372131 0.37999999523162842 0.72000002861022949 1.309999942779541 1.7799999713897705 2.2100000381469727 2.7599999904632568 2.2699999809265137
 0 0 0 0 0 0 0 0 0 0 0 0 0 0 0.10999999940395355 0.52999997138977051 1.1100000143051147 1.190000057220459 2.0299999713897705 2.1099998950958252 1.7899999618530273 1.6499999761581421
 0 0 0 0 0 0 0 0 0 0 0 0 0 0 0.17000000178813934 1.1599999666213989 1.7200000286102295 1.4099999666213989 1.440000057220459 2.3900001049041748 2.3399999141693115 2.1800000667572021
 0 0 0 0 0 0 0 0 0 0 0 0 0 0.12999999523162842 0.80000001192092896 1.4600000381469727 1.9800000190734863 2.1700000762939453 1.5399999618530273 3.4800000190734863 2.7400000095367432 2.9300000667572021
 0 0 0 0 0 0 0 0 0 0 0 0 0 0.77999997138977051 1.1799999475479126 1.7000000476837158 2.0199999809265137 1.940000057220459 2.190000057220459 2.7799999713897705 3.7200000286102295 3.1600000858306885
 0 0 0 0 0 0 0.029999999329447746 0 0 0 0 0 0 0.79000002145767212 1.5499999523162842 1.6699999570846558 2.1400001049041748 1.9600000381469727 1.75 2.5 3.1400001049041748 3.4100000858306885
 0 0 0 0 0 0 0 0 0 0 0 0 0.43000000715255737 0.81999999284744263 1.6699999570846558 2.2100000381469727 1.9600000381469727 1.7200000286102295 1.4199999570846558 1.8300000429153442 3.2899999618530273 3.5099999904632568
 0 0 0 0 0 0.10000000149011612 0 0 0 0 0 0.30000001192092896 1.190000057220459 1.3799999952316284 3.0199999809265137 3.1800000667572021 2.130000114440918 2.0199999809265137 1.8400000333786011 2.880000114440918 3.3900001049041748 3.9600000381469727
 0 0 0.10000000149011612 0 0.18999999761581421 0.2199999988079071 0.54000002145767212 0 0 0.029999999329447746 1.1599999666213989 1.75 1.9700000286102295 2.5699999332427979 3.3599998950958252 3.5399999618530273 2.9200000762939453 3.5 2.9200000762939453 2.869999885559082 3.4500000476837158 3.9700000286102295
 0 0 0 0.019999999552965164 0.079999998211860657 0 0.059999998658895493 0 0.43000000715255737 1.4900000095367432 1.1699999570846558 1.8400000333786011 2.75 3.130000114440918 3.4500000476837158 3.5499999523162842 3.7100000381469727 3.3299999237060547 3.1700000762939453 3.6099998950958252 4.0799999237060547 4.2699999809265137
 0.079999998211860657 0 0.15999999642372131 0 0 0 0 0.56000000238418579 1.7999999523162842 1.8400000333786011 1.809999942779541 2.2400000095367432 2.7699999809265137 3.0399999618530273 3.25 3.3900001049041748 3.4900000095367432 3.2999999523162842 4.0500001907348633 4.2800002098083496 4.380000114440918 4.570000171661377
 0 0 0.0099999997764825821 0.15000000596046448 0.019999999552965164 0.019999999552965164 0.37999999523162842 1.5199999809265137 2.0999999046325684 2.4000000953674316 2.6600000858306885 2.7100000381469727 2.6099998950958252 2.7200000286102295 3.2000000476837158 3.130000114440918 3.3199999332427979 3.4900000095367432 5.429999828338623 5.4600000381469727 4.5300002098083496 4.4099998474121094
 0.019999999552965164 0.039999999105930328 0.059999998658895493 0.079999998211860657 0.10000000149011612 0.56999999284744263 1.559999942779541 1.9800000190734863 2.0899999141693115 2.4300000667572021 2.9300000667572021 3.2000000476837158 3.2100000381469727 3.0699999332427979 3.5 3.440000057220459 3.5199999809265137 4.940000057220459 6.2600002288818359 6.0199999809265137 5.3499999046325684 5.7100000381469727
 0.05000000074505806 0.090000003576278687 0.4699999988079071 0.61000001430511475 0.88999998569488525 1.6599999666213989 1.9199999570846558 1.9800000190734863 2.2200000286102295 2.5799999237060547 2.9300000667572021 3.309999942779541 3.5199999809265137 4.3899998664855957 4.0900001525878906 3.7699999809265137 5.0100002288818359 6.0300002098083496 7.2199997901916504 6.6700000762939453 6.380000114440918 6.5199999809265137
 0.090000003576278687 0.12999999523162842 0.9100000262260437 1.8700000047683716 1.8799999952316284 1.5800000429153442 1.75 1.9800000190734863 2.2100000381469727 2.6400001049041748 2.9200000762939453 3.119999885559082 4.1700000762939453 4.929999828338623 4.7399997711181641 5.6700000762939453 6.0900001525878906 7.2199997901916504 7.4499998092651367 6.9099998474121094 6.0199999809265137 4.880000114440918
 0.12999999523162842 0.75 0.47999998927116394 2.0799999237060547 1.9199999570846558 1.8799999952316284 1.7000000476837158 2.25 2.619999885559082 2.7899999618530273 3.130000114440918 3.690000057220459 4.7399997711181641 5.190000057220459 6.4899997711181641 9.8400001525878906 8.4300003051757812 7.5999999046325684 7.4899997711181641 6.690000057220459 4.929999828338623 4.809999942779541
 0.79000002145767212 2.1500000953674316 2.1400001049041748 1.8799999952316284 1.4199999570846558 1.5099999904632568 2.119999885559082 2.7300000190734863 3.2000000476837158 3.1500000953674316 3.9000000953674316 4.380000114440918 5.0900001525878906 7.130000114440918 10.880000114440918 11.729999542236328 10.130000114440918 8.5100002288818359 7.7600002288818359 6.3499999046325684 5.1399998664855957 5.619999885559082
