data/rasters/precipitation/NSL_201606021200.ASC
ncols        22
nrows        20
xllcorner    184225.000000000000
yllcorner    383293.000000000000
cellsize     1000.000000000000
NODATA_value  -999
 1.3999999761581421 1.8500000238418579 2.5399999618530273 3.5 4.1100001335144043 4.429999828338623 4 2.9000000953674316 2.8199999332427979 1.9500000476837158 1.309999942779541 1 0.85000002384185791 0.72000002861022949 0.60000002384185791 0.49000000953674316 0.38999998569488525 0.30000001192092896 0.23000000417232513 0.15999999642372131 0 0
 1.4600000381469727 2.130000114440918 2.8399999141693115 3.4000000953674316 3.5099999904632568 3.630000114440918 2.8299999237060547 2 1.7599999904632568 1.3600000143051147 1.0800000429153442 0.93999999761581421 0.81000000238418579 0.68999999761581421 0.56999999284744263 0.4699999988079071 0.37999999523162842 0.30000001192092896 0.23000000417232513 0 0 0
 1.7400000095367432 2.2100000381469727 2.7200000286102295 3.119999885559082 2.9100000858306885 2.5499999523162842 2.0499999523162842 1.7999999523162842 1.3500000238418579 1.1399999856948853 0.99000000953674316 0.87000000476837158 0.75 0.63999998569488525 0.54000002145767212 0.44999998807907104 0.36000001430511475 0.28999999165534973 0.2199999988079071 0.17000000178813934 0.11999999731779099 0
 1.809999942779541 2.0999999046325684 2.5699999332427979 2.5099999904632568 2.0999999046325684 1.8500000238418579 1.6399999856948853 1.3700000047683716 1.1299999952316284 1 0.88999998569488525 0.77999997138977051 0.68000000715255737 0.57999998331069946 0.49000000953674316 0.40999999642372131 0.34000000357627869 0.27000001072883606 0.20999999344348907 0.15999999642372131 0.10999999940395355 0.079999998211860657
 1.6000000238418579 1.8300000429153442 2.0399999618530273 1.9199999570846558 1.6100000143051147 1.5 1.2599999904632568 1.1200000047683716 0.99000000953674316 0.87000000476837158 0.77999997138977051 0.68999999761581421 0.60000002384185791 0.51999998092651367 0.43999999761581421 0.37000000476837158 0.30000001192092896 0.23999999463558197 0.18999999761581421 0.15000000596046448 0.10999999940395355 0.070000000298023224
 1.2599999904632568 1.3999999761581421 1.5199999809265137 1.5 1.4199999570846558 1.2400000095367432 1.0800000429153442 0.94999998807907104 0.81999999284744263 0.75 0.67000001668930054 0.60000002384185791 0.51999998092651367 0.44999998807907104 0.37999999523162842 0.31999999284744263 0.25999999046325684 0.20999999344348907 0.17000000178813934 0.12999999523162842 0.10000000149011612 0.070000000298023224
 1.0399999618530273 1.2100000381469727 1.4099999666213989 1.3999999761581421 1.25 1.1399999856948853 0.99000000953674316 0.82999998331069946 0.68999999761581421 0.62999999523162842 0.56000000238418579 0.5 0.43000000715255737 0.37000000476837158 0.31999999284744263 0.27000001072883606 0.2199999988079071 0.18000000715255737 0.15000000596046448 0.10999999940395355 0.090000003576278687 0.059999998658895493
 0.93999999761581421 1.1699999570846558 1.4700000286102295 1.5499999523162842 1.4299999475479126 1.190000057220459 0.88999998569488525 0.68000000715255737 0.56999999284744263 0.50999999046325684 0.46000000834465027 0.40000000596046448 0.34000000357627869 0.28999999165534973 0.25 0.20999999344348907 0.18000000715255737 0.15000000596046448 0.11999999731779099 0.090000003576278687 0.070000000298023224 0.05000000074505806
 1.0299999713897705 1.5700000524520874 1.8500000238418579 1.8600000143051147 1.5700000524520874 1.0199999809265137 0.62999999523162842 0.49000000953674316 0.44999998807907104 0.40000000596046448 0.34999999403953552 0.30000001192092896 0.25 0.2199999988079071 0.18000000715255737 0.15999999642372131 0.12999999523162842 0.10999999940395355 0.090000003576278687 0.070000000298023224 0.059999998658895493 0.039999999105930328
 1.4099999666213989 1.7899999618530273 2.0199999809265137 1.8300000429153442 1.0900000333786011 0.56000000238418579 0.40999999642372131 0.37999999523162842 0.34000000357627869 0.30000001192092896 0.25999999046325684 0.20999999344348907 0.17000000178813934 0.14000000059604645 0.11999999731779099 0.10000000149011612 0.090000003576278687 0.079999998211860657 0.070000000298023224 0.059999998658895493 0.039999999105930328 0.029999999329447746
 1.1499999761581421 1.3500000238418579 1.7200000286102295 0.94999998807907104 0.54000002145767212 0.34999999403953552 0.30000001192092896 0.2800000011920929 0.25 0.20999999344348907 0.17000000178813934 0.11999999731779099 0.079999998211860657 0.059999998658895493 0.059999998658895493 0.059999998658895493 0.05000000074505806 0.05000000074505806 0.039999999105930328 0.039999999105930328 0.029999999329447746 0.019999999552965164
 1.0800000429153442 1.0499999523162842 0.64999997615814209 0.31000000238418579 0.27000001072883606 0.23000000417232513 0.20999999344348907 0.18999999761581421 0.17000000178813934 0.14000000059604645 0.10000000149011612 0.059999998658895493 0.0099999997764825821 0 0.0099999997764825821 0.019999999552965164 0.019999999552965164 0.019999999552965164 0.019999999552965164 0.019999999552965164 0.019999999552965164 0.0099999997764825821
 0.63999998569488525 0.55000001192092896 0.27000001072883606 0.18000000715255737 0.15999999642372131 0.14000000059604645 0.12999999523162842 0.10999999940395355 0.10000000149011612 0.079999998211860657 0.05000000074505806 0.019999999552965164 0 0 0 0 0 0.0099999997764825821 0.0099999997764825821 0.0099999997764825821 0.0099999997764825821 0.0099999997764825821
 0.31999999284744263 0.18999999761581421 0.14000000059604645 0.11999999731779099 0.090000003576278687 0.059999998658895493 0.05000000074505806 0.05000000074505806 0.05000000074505806 0.029999999329447746 0.0099999997764825821 0 0 0 0 0 0 0 0 0 0 0
 0.27000001072883606 0.15000000596046448 0.10000000149011612 0.079999998211860657 0.039999999105930328 0.0099999997764825821 0 0.0099999997764825821 0.0099999997764825821 0 0 0 0 0 0 0 0 0 0 0 0 0
 0.20000000298023224 0.090000003576278687 0.070000000298023224 0.05000000074505806 0.019999999552965164 0 0 0 0 0 0 0 0 0 0 0 0 0 0 0 0 0
 0.079999998211860657 0.059999998658895493 0.05000000074505806 0.029999999329447746 0.0099999997764825821 0 0 0 0 0 0 0 0 0 0 0 0 0 0 0 0 0
 0.059999998658895493 0.05000000074505806 0.029999999329447746 0.019999999552965164 0 0 0 0 0 0 0 0 0 0 0 0 0 0 0 0 0 0
 0.05000000074505806 0.039999999105930328 0.029999999329447746 0.0099999997764825821 0 0 0 0 0 0 0 0 0 0 0 0 0 0 0 0 0 0
 0.05000000074505806 0.029999999329447746 0.019999999552965164 0.0099999997764825821 0 0 0 0 0 0 0 0 0 0 0 0 0 0 0 0 0 0
