data/rasters/precipitation/NSL_201606020300.ASC
ncols        22
nrows        20
xllcorner    184225.000000000000
yllcorner    383293.000000000000
cellsize     1000.000000000000
NODATA_value  -999
 0.0 0 0 0 0 0 0 0 0 0 0 0 0 0 0 0 0 0 0.0099999997764825821 0 0 0
 0 0 0 0 0 0 0 0 0 0 0 0 0 0 0 0 0 0.039999999105930328 0.039999999105930328 0 0 0
 0 0 0 0 0 0 0 0 0 0 0.029999999329447746 0.14000000059604645 0 0.0099999997764825821 0.0099999997764825821 0.019999999552965164 0.070000000298023224 0.079999998211860657 0.05000000074505806 0.059999998658895493 0.070000000298023224 0
 0 0 0 0 0 0 0 0 0 0 0.10000000149011612 0.070000000298023224 0.0099999997764825821 0.019999999552965164 0.029999999329447746 0.039999999105930328 0.059999998658895493 0.079999998211860657 0.10000000149011612 0.11999999731779099 0.14000000059604645 0.15999999642372131
 0 0 0 0 0 0 0 0 0 0.029999999329447746 0.070000000298023224 0.11999999731779099 0.019999999552965164 0.029999999329447746 0.05000000074505806 0.070000000298023224 0.090000003576278687 0.10999999940395355 0.14000000059604645 0.17000000178813934 0.20999999344348907 0.25
 0 0 0 0 0 0 0 0.019999999552965164 0.019999999552965164 0.029999999329447746 0.070000000298023224 0.05000000074505806 0.029999999329447746 0.039999999105930328 0.059999998658895493 0.090000003576278687 0.11999999731779099 0.15000000596046448 0.18999999761581421 0.23000000417232513 0.2800000011920929 0.34000000357627869
 0 0 0 0 0 0 0.0099999997764825821 0.05000000074505806 0.090000003576278687 0.12999999523162842 0.10999999940395355 0.0099999997764825821 0.029999999329447746 0.05000000074505806 0.079999998211860657 0.10000000149011612 0.14000000059604645 0.18000000715255737 0.23000000417232513 0.2800000011920929 0.34999999403953552 0.41999998688697815
 0 0 0 0 0 0 0 0.039999999105930328 0.079999998211860657 0.090000003576278687 0 0.0099999997764825821 0.029999999329447746 0.05000000074505806 0.079999998211860657 0.11999999731779099 0.15000000596046448 0.20000000298023224 0.25999999046325684 0.33000001311302185 0.40999999642372131 0.5
 0 0 0 0 0 0 0.019999999552965164 0.029999999329447746 0 0 0 0.0099999997764825821 0.029999999329447746 0.05000000074505806 0.079999998211860657 0.11999999731779099 0.15999999642372131 0.2199999988079071 0.2800000011920929 0.36000001430511475 0.44999998807907104 0.56000000238418579
 0 0 0 0 0 0 0.05000000074505806 0.019999999552965164 0 0 0 0 0.019999999552965164 0.05000000074505806 0.079999998211860657 0.10999999940395355 0.15999999642372131 0.2199999988079071 0.2800000011920929 0.37000000476837158 0.4699999988079071 0.5899999737739563
 0 0 0 0 0 0.029999999329447746 0 0 0 0 0 0 0.0099999997764825821 0.029999999329447746 0.059999998658895493 0.10000000149011612 0.14000000059604645 0.20000000298023224 0.27000001072883606 0.36000001430511475 0.46000000834465027 0.5899999737739563
 0 0 0 0 0 0.019999999552965164 0.019999999552965164 0 0 0 0 0 0 0.0099999997764825821 0.039999999105930328 0.070000000298023224 0.11999999731779099 0.17000000178813934 0.23999999463558197 0.31999999284744263 0.43000000715255737 0.55000001192092896
 0 0 0 0 0 0 0 0 0 0 0 0 0 0 0.0099999997764825821 0.039999999105930328 0.079999998211860657 0.12999999523162842 0.18999999761581421 0.27000001072883606 0.36000001430511475 0.4699999988079071
 0 0 0.10000000149011612 0.059999998658895493 0 0 0 0 0 0 0 0 0 0 0 0 0.029999999329447746 0.070000000298023224 0.12999999523162842 0.18999999761581421 0.25999999046325684 0.34999999403953552
 0 0.019999999552965164 0.05000000074505806 0 0 0 0 0 0 0 0 0 0 0 0 0.05000000074505806 0 0.0099999997764825821 0.05000000074505806 0.10000000149011612 0.15000000596046448 0.77999997138977051
 0 0.0099999997764825821 0 0.070000000298023224 0.019999999552965164 0.019999999552965164 0.0099999997764825821 0 0 0 0 0 0 0 0.11999999731779099 0.18000000715255737 0.12999999523162842 0 0 0.28999999165534973 1.1100000143051147 1.2400000095367432
 0.039999999105930328 0 0 0.11999999731779099 0.039999999105930328 0 0.029999999329447746 0 0 0 0 0 0 0 0 0.23000000417232513 0.38999998569488525 0.090000003576278687 0 1.0900000333786011 1.1399999856948853 0.97000002861022949
 0.10000000149011612 0.019999999552965164 0.18999999761581421 0.15000000596046448 0.17000000178813934 0.12999999523162842 0.11999999731779099 0.10999999940395355 0.070000000298023224 0 0 0.0099999997764825821 0.15000000596046448 0.15000000596046448 0.30000001192092896 0.37999999523162842 0.4699999988079071 0.55000001192092896 0.92000001668930054 1.0800000429153442 0.80000001192092896 0
 0.05000000074505806 0.25999999046325684 0 0.31000000238418579 0.30000001192092896 0.25999999046325684 0.20999999344348907 0.23000000417232513 0 0 0.090000003576278687 0.15000000596046448 0.28999999165534973 0.17000000178813934 0.5 0.81999999284744263 0.75999999046325684 0.92000001668930054 1.0299999713897705 0.79000002145767212 0 0
 0.28999999165534973 0.38999998569488525 0.44999998807907104 0.43999999761581421 0.43000000715255737 0.41999998688697815 0.30000001192092896 0 0 0.10999999940395355 0.27000001072883606 0.28999999165534973 0.31000000238418579 0.47999998927116394 0.82999998331069946 0.98000001907348633 1.0199999809265137 0.88999998569488525 0.82999998331069946 0.090000003576278687 0 0
