data/rasters/precipitation/NSL_201606010400.ASC
ncols        22
nrows        20
xllcorner    184225.000000000000
yllcorner    383293.000000000000
cellsize     1000.000000000000
NODATA_value  -999
 0.25999999046325684 0.28999999165534973 0.27000001072883606 0.27000001072883606 0.25 0.23999999463558197 0.20999999344348907 0.20000000298023224 0.18999999761581421 0.15999999642372131 0.090000003576278687 0.039999999105930328 0.0099999997764825821 0.0099999997764825821 0 0 0 0 0 0 0 0
 0.27000001072883606 0.28999999165534973 0.27000001072883606 0.27000001072883606 0.25999999046325684 0.23999999463558197 0.2199999988079071 0.20999999344348907 0.18000000715255737 0.10999999940395355 0.019999999552965164 0.0099999997764825821 0.0099999997764825821 0 0 0 0 0 0 0 0 0
 0.25999999046325684 0.28999999165534973 0.28999999165534973 0.25999999046325684 0.25 0.23000000417232513 0.20999999344348907 0.18999999761581421 0.090000003576278687 0.029999999329447746 0.0099999997764825821 0.0099999997764825821 0.0099999997764825821 0 0 0 0 0 0 0 0 0
 0.30000001192092896 0.31000000238418579 0.27000001072883606 0.25999999046325684 0.20999999344348907 0.18999999761581421 0.12999999523162842 0.05000000074505806 0.029999999329447746 0.019999999552965164 0.0099999997764825821 0.0099999997764825821 0 0 0 0 0 0 0 0 0 0
 0.31999999284744263 0.2800000011920929 0.25 0.20999999344348907 0.11999999731779099 0.10999999940395355 0.019999999552965164 0.019999999552965164 0.019999999552965164 0.0099999997764825821 0.039999999105930328 0.0099999997764825821 0 0 0 0 0 0 0 0 0 0
 0.2800000011920929 0.23999999463558197 0.20000000298023224 0.12999999523162842 0.059999998658895493 0.029999999329447746 0.019999999552965164 0.019999999552965164 0.019999999552965164 0.0099999997764825821 0.019999999552965164 0.0099999997764825821 0 0 0 0 0 0 0 0 0 0.0099999997764825821
 0.23999999463558197 0.20000000298023224 0.10000000149011612 0.059999998658895493 0.029999999329447746 0.019999999552965164 0.019999999552965164 0.019999999552965164 0.0099999997764825821 0.0099999997764825821 0.05000000074505806 0.019999999552965164 0 0 0 0 0 0 0 0.0099999997764825821 0.0099999997764825821 0.019999999552965164
 0.14000000059604645 0.10000000149011612 0.039999999105930328 0.029999999329447746 0.019999999552965164 0.029999999329447746 0.019999999552965164 0.0099999997764825821 0.0099999997764825821 0.0099999997764825821 0.0099999997764825821 0 0 0 0 0.029999999329447746 0 0.0099999997764825821 0.0099999997764825821 0.019999999552965164 0.05000000074505806 0.019999999552965164
 0.090000003576278687 0.029999999329447746 0.029999999329447746 0.039999999105930328 0.029999999329447746 0.019999999552965164 0.0099999997764825821 0.0099999997764825821 0.0099999997764825821 0.0099999997764825821 0 0 0 0 0 0 0.0099999997764825821 0.0099999997764825821 0.019999999552965164 0.05000000074505806 0.079999998211860657 0.029999999329447746
 0.039999999105930328 0.029999999329447746 0.039999999105930328 0.029999999329447746 0.019999999552965164 0.0099999997764825821 0.0099999997764825821 0.0099999997764825821 0.0099999997764825821 0 0 0 0 0 0 0.0099999997764825821 0.019999999552965164 0.029999999329447746 0.039999999105930328 0.059999998658895493 0.079999998211860657 0.039999999105930328
 0.029999999329447746 0.029999999329447746 0.029999999329447746 0.019999999552965164 0.019999999552965164 0.0099999997764825821 0.0099999997764825821 0.0099999997764825821 0.0099999997764825821 0 0 0 0 0 0.0099999997764825821 0.0099999997764825821 0.029999999329447746 0.05000000074505806 0.070000000298023224 0.079999998211860657 0.070000000298023224 0.079999998211860657
 0.029999999329447746 0.019999999552965164 0.019999999552965164 0.019999999552965164 0.0099999997764825821 0.0099999997764825821 0.0099999997764825821 0.0099999997764825821 0 0 0 0 0 0 0.0099999997764825821 0.0099999997764825821 0.029999999329447746 0.05000000074505806 0.059999998658895493 0.079999998211860657 0.079999998211860657 0.079999998211860657
 0.019999999552965164 0.019999999552965164 0.019999999552965164 0.0099999997764825821 0.0099999997764825821 0.0099999997764825821 0 0 0 0 0 0 0 0.0099999997764825821 0.0099999997764825821 0.0099999997764825821 0.029999999329447746 0.039999999105930328 0.05000000074505806 0.070000000298023224 0.079999998211860657 0.10000000149011612
 0.019999999552965164 0.019999999552965164 0.0099999997764825821 0.0099999997764825821 0.0099999997764825821 0 0 0 0 0 0 0 0 0.0099999997764825821 0.0099999997764825821 0.019999999552965164 0.029999999329447746 0.039999999105930328 0.059999998658895493 0.070000000298023224 0.079999998211860657 0.14000000059604645
 0.0099999997764825821 0.0099999997764825821 0.0099999997764825821 0.0099999997764825821 0 0 0 0 0 0 0 0 0.0099999997764825821 0.0099999997764825821 0.0099999997764825821 0.029999999329447746 0.029999999329447746 0.05000000074505806 0.059999998658895493 0.070000000298023224 0.10000000149011612 0.14000000059604645
 0.019999999552965164 0.0099999997764825821 0.0099999997764825821 0 0 0 0 0 0 0 0 0 0.0099999997764825821 0.0099999997764825821 0.0099999997764825821 0.019999999552965164 0.039999999105930328 0.05000000074505806 0.059999998658895493 0.070000000298023224 0.090000003576278687 0.11999999731779099
 0.0099999997764825821 0.0099999997764825821 0.0099999997764825821 0 0 0 0 0 0 0 0 0 0.0099999997764825821 0.0099999997764825821 0.019999999552965164 0.019999999552965164 0.029999999329447746 0.039999999105930328 0.05000000074505806 0.059999998658895493 0.079999998211860657 0.10000000149011612
 0.019999999552965164 0.0099999997764825821 0.0099999997764825821 0 0 0 0 0 0 0 0 0.0099999997764825821 0.0099999997764825821 0.0099999997764825821 0.019999999552965164 0.019999999552965164 0.029999999329447746 0.029999999329447746 0.05000000074505806 0.059999998658895493 0.070000000298023224 0.070000000298023224
 0.019999999552965164 0.0099999997764825821 0.0099999997764825821 0.0099999997764825821 0.0099999997764825821 0 0 0 0 0 0 0 0.0099999997764825821 0.0099999997764825821 0.0099999997764825821 0.019999999552965164 0.029999999329447746 0.029999999329447746 0.039999999105930328 0.05000000074505806 0.059999998658895493 0.070000000298023224
 0.0099999997764825821 0 0 0.0099999997764825821 0.0099999997764825821 0 0 0 0 0 0 0 0.0099999997764825821 0.0099999997764825821 0.0099999997764825821 0.019999999552965164 0.019999999552965164 0.029999999329447746 0.039999999105930328 0.039999999105930328 0.05000000074505806 0.059999998658895493
