data/rasters/precipitation/NSL_201606011100.ASC
ncols        22
nrows        20
xllcorner    184225.000000000000
yllcorner    383293.000000000000
cellsize     1000.000000000000
NODATA_value  -999
 0.0 0 0 0 0 0 0 0 0.019999999552965164 0.029999999329447746 0.029999999329447746 0.05000000074505806 0.070000000298023224 0.070000000298023224 0.059999998658895493 0.070000000298023224 0.090000003576278687 0.12999999523162842 0.079999998211860657 0.079999998211860657 0 0
 0 0 0 0 0 0 0 0.019999999552965164 0.029999999329447746 0.039999999105930328 0.039999999105930328 0.059999998658895493 0.090000003576278687 0.070000000298023224 0.079999998211860657 0.090000003576278687 0.10000000149011612 0.10000000149011612 0.10000000149011612 0 0 0
 0 0 0 0 0 0 0.029999999329447746 0.039999999105930328 0.059999998658895493 0.090000003576278687 0.070000000298023224 0.090000003576278687 0.079999998211860657 0.12999999523162842 0.18000000715255737 0.18000000715255737 0.14000000059604645 0.12999999523162842 0.11999999731779099 0.10999999940395355 0.15999999642372131 0
 0 0 0 0 0.029999999329447746 0.029999999329447746 0.029999999329447746 0.039999999105930328 0.18000000715255737 0.17000000178813934 0.15999999642372131 0.12999999523162842 0.11999999731779099 0.23999999463558197 0.31000000238418579 0.28999999165534973 0.20999999344348907 0.12999999523162842 0.12999999523162842 0.27000001072883606 0.25 0.30000001192092896
 0 0 0.019999999552965164 0.019999999552965164 0.019999999552965164 0.029999999329447746 0.05000000074505806 0.14000000059604645 0.15999999642372131 0.40999999642372131 0.31999999284744263 0.18999999761581421 0.20000000298023224 0.31000000238418579 0.36000001430511475 0.31999999284744263 0.18999999761581421 0.15000000596046448 0.23000000417232513 0.40999999642372131 0.18999999761581421 0.20999999344348907
 0 0.029999999329447746 0.029999999329447746 0.019999999552965164 0.019999999552965164 0.039999999105930328 0.15000000596046448 0.20000000298023224 0.15000000596046448 0.14000000059604645 0.37000000476837158 0.34000000357627869 0.27000001072883606 0.34000000357627869 0.34999999403953552 0.25 0.18999999761581421 0.30000001192092896 0.60000002384185791 0.77999997138977051 0.25999999046325684 0.23999999463558197
 0.019999999552965164 0.029999999329447746 0.029999999329447746 0.029999999329447746 0.039999999105930328 0.15000000596046448 0.20000000298023224 0.37999999523162842 0.43000000715255737 0.33000001311302185 0.49000000953674316 0.40999999642372131 0.38999998569488525 0.40999999642372131 0.31999999284744263 0.2800000011920929 0.46000000834465027 0.89999997615814209 0.33000001311302185 0.75 0.31999999284744263 0.34999999403953552
 0.019999999552965164 0.029999999329447746 0.039999999105930328 0.029999999329447746 0.039999999105930328 0.12999999523162842 0.20999999344348907 0.43000000715255737 0.27000001072883606 0.25999999046325684 0.18000000715255737 0.40999999642372131 0.37000000476837158 0.51999998092651367 0.36000001430511475 0.68999999761581421 1.2000000476837158 1.7200000286102295 0.93999999761581421 1.0099999904632568 1.3899999856948853 0.49000000953674316
 0.039999999105930328 0.039999999105930328 0.029999999329447746 0.019999999552965164 0.059999998658895493 0.20999999344348907 0.28999999165534973 0.2800000011920929 0.25999999046325684 0.18000000715255737 0.15000000596046448 0.38999998569488525 0.62000000476837158 0.51999998092651367 0.5899999737739563 0.89999997615814209 1.6799999475479126 1.5499999523162842 1.190000057220459 1.5399999618530273 1.9900000095367432 0.60000002384185791
 0.039999999105930328 0.039999999105930328 0.029999999329447746 0.10000000149011612 0.18999999761581421 0.40000000596046448 0.23999999463558197 0.23999999463558197 0.34999999403953552 0.27000001072883606 0.17000000178813934 0.56999999284744263 0.51999998092651367 0.51999998092651367 0.68000000715255737 1.059999942779541 1.4700000286102295 1.4700000286102295 1.440000057220459 1.7599999904632568 1.8200000524520874 0.62000000476837158
 0.12999999523162842 0.070000000298023224 0.079999998211860657 0.31000000238418579 0.43999999761581421 0.34000000357627869 0.17000000178813934 0.2199999988079071 0.36000001430511475 0.23000000417232513 1.309999942779541 0.87999999523162842 0.64999997615814209 0.76999998092651367 1.190000057220459 1.5399999618530273 1.7300000190734863 1.7699999809265137 1.8200000524520874 2.0499999523162842 1.8899999856948853 1.4900000095367432
 0.17000000178813934 0.10999999940395355 0.34999999403953552 0.34000000357627869 0.37000000476837158 0.17000000178813934 0.14000000059604645 0.34000000357627869 0.44999998807907104 0.30000001192092896 0.49000000953674316 0.20999999344348907 0.81000000238418579 1.1699999570846558 1.6799999475479126 1.809999942779541 1.8300000429153442 1.8799999952316284 2.1400001049041748 2.309999942779541 1.9800000190734863 1.7599999904632568
 0.46000000834465027 0.43000000715255737 0.37000000476837158 0.25999999046325684 0.20999999344348907 0.12999999523162842 0.17000000178813934 0.60000002384185791 0.27000001072883606 0.33000001311302185 0.31000000238418579 0.31000000238418579 1.3300000429153442 1.690000057220459 1.9099999666213989 1.9299999475479126 1.8200000524520874 2.0399999618530273 2.2400000095367432 2.0999999046325684 1.9299999475479126 1.4800000190734863
 0.4699999988079071 0.33000001311302185 0.11999999731779099 0.14000000059604645 0.11999999731779099 0.090000003576278687 0.25 0.77999997138977051 0.34999999403953552 0.36000001430511475 0.40999999642372131 0.4699999988079071 1.6100000143051147 2.059999942779541 2.4200000762939453 2.1500000953674316 1.8700000047683716 2.0699999332427979 2.2100000381469727 2.2100000381469727 1.7200000286102295 1.440000057220459
 0.47999998927116394 0.12999999523162842 0.14000000059604645 0.17000000178813934 0.30000001192092896 0.30000001192092896 0.20000000298023224 0.27000001072883606 0.31999999284744263 0.40999999642372131 0.46000000834465027 0.51999998092651367 2.0499999523162842 2.1400001049041748 2.2699999809265137 1.9600000381469727 1.8999999761581421 2.1500000953674316 2.3199999332427979 1.9900000095367432 1.7100000381469727 1.9299999475479126
 0.20000000298023224 0.23999999463558197 0.25999999046325684 0.43000000715255737 0.49000000953674316 0.25999999046325684 0.23000000417232513 0.2800000011920929 0.37999999523162842 0.43999999761581421 0.5 0.56000000238418579 2.3499999046325684 2.4900000095367432 1.9500000476837158 1.7400000095367432 2.059999942779541 2.2799999713897705 2.5499999523162842 1.9600000381469727 2.1700000762939453 2.4000000953674316
 0.31000000238418579 0.44999998807907104 0.50999999046325684 0.62000000476837158 0.62000000476837158 0.28999999165534973 0.31999999284744263 0.38999998569488525 0.43999999761581421 0.5 0.61000001430511475 0.68999999761581421 0.86000001430511475 2.0199999809265137 1.8600000143051147 1.8999999761581421 2.3499999046325684 2.5899999141693115 2.3299999237060547 2.2699999809265137 2.9800000190734863 3.5699999332427979
 0.54000002145767212 0.52999997138977051 0.62999999523162842 0.63999998569488525 0.33000001311302185 0.37999999523162842 0.40999999642372131 0.43000000715255737 0.43999999761581421 0.54000002145767212 0.68000000715255737 0.77999997138977051 0.81000000238418579 0.86000001430511475 0.88999998569488525 2.3399999141693115 1.0199999809265137 2.5399999618530273 2.1099998950958252 2.5299999713897705 4.3299999237060547 1.5
 0.79000002145767212 0.69999998807907104 0.67000001668930054 0.34000000357627869 0.37000000476837158 0.43000000715255737 0.40999999642372131 0.4699999988079071 0.50999999046325684 0.5899999737739563 0.69999998807907104 0.81000000238418579 0.88999998569488525 0.99000000953674316 1 1.1100000143051147 2.8399999141693115 2.2200000286102295 2.3499999046325684 3.2400000095367432 4.25 4.190000057220459
 0.81999999284744263 0.34000000357627869 0.36000001430511475 0.37999999523162842 0.43000000715255737 0.43000000715255737 0.44999998807907104 0.55000001192092896 0.56999999284744263 0.63999998569488525 0.74000000953674316 0.85000002384185791 0.94999998807907104 1.0700000524520874 1.0700000524520874 1.2100000381469727 1.0399999618530273 2.369999885559082 2.809999942779541 3.7400000095367432 3.7899999618530273 3.5
