data/rasters/precipitation/NSL_201606011600.ASC
ncols        22
nrows        20
xllcorner    184225.000000000000
yllcorner    383293.000000000000
cellsize     1000.000000000000
NODATA_value  -999
 1.9500000476837158 1.8300000429153442 1.690000057220459 2.130000114440918 3.8900001049041748 3.6400001049041748 1.1399999856948853 0.37000000476837158 0.2800000011920929 0.46000000834465027 1.809999942779541 4.3899998664855957 8.5 13.819999694824219 19.360000610351563 27.760000228881836 24.649999618530273 20.840000152587891 17.979999542236328 19.479999542236328 0 0
 1.5900000333786011 1.5499999523162842 2.559999942779541 4.309999942779541 4.3899998664855957 2.7400000095367432 0.72000002861022949 0.25 0.23000000417232513 1.0399999618530273 3.7599999904632568 6.8299999237060547 12 17.819999694824219 24.309999465942383 27.420000076293945 23.110000610351563 20.040000915527344 18.540000915527344 0 0 0
 1.7999999523162842 1.4900000095367432 3.619999885559082 4.75 5.059999942779541 1.4199999570846558 0.17000000178813934 0.14000000059604645 0.55000001192092896 1.8300000429153442 4.4000000953674316 8.9700002670288086 13.449999809265137 20.059999465942383 26.25 23.110000610351563 19.479999542236328 18.569999694824219 16.120000839233398 16.530000686645508 19.670000076293945 0
 2.3900001049041748 2.9000000953674316 4.6700000762939453 5.320000171661377 3.3399999141693115 0.62999999523162842 0.18999999761581421 0.40000000596046448 1.3400000333786011 2.7200000286102295 7.179999828338623 11.890000343322754 16.520000457763672 21.319999694824219 23.350000381469727 23.629999160766602 19.389999389648438 14.420000076293945 15.600000381469727 17.579999923706055 19.549999237060547 20.690000534057617
 2.9500000476837158 4.130000114440918 5.059999942779541 4.679999828338623 2.0099999904632568 0.75 0.20000000298023224 0.54000002145767212 2.0899999141693115 5.6599998474121094 9.5900001525878906 12.970000267028809 18.930000305175781 22.370000839233398 20.579999923706055 19.190000534057617 16.120000839233398 14.659999847412109 16.420000076293945 17.520000457763672 17.569999694824219 14.350000381469727
 3.7799999713897705 5.7399997711181641 5.940000057220459 4.190000057220459 0.67000001668930054 0.2199999988079071 0.34999999403953552 1.2899999618530273 3.9100000858306885 6.3499999046325684 7.6500000953674316 16.510000228881836 22.559999465942383 21.520000457763672 18.180000305175781 15.020000457763672 12.489999771118164 13.199999809265137 15.550000190734863 14.229999542236328 11.699999809265137 10.850000381469727
 4.2300000190734863 5.6999998092651367 5.440000057220459 2.9500000476837158 0.63999998569488525 0.12999999523162842 0.63999998569488525 2.9200000762939453 5.679999828338623 13.949999809265137 20.200000762939453 21.819999694824219 21.159999847412109 18.569999694824219 16.030000686645508 12.659999847412109 11.949999809265137 12.649999618530273 11.630000114440918 8.9600000381469727 9.7399997711181641 7.8299999237060547
 5.5900001525878906 6.0300002098083496 5.070000171661377 2.190000057220459 0.43999999761581421 0.2199999988079071 0.67000001668930054 4.8600001335144043 13.270000457763672 22.649999618530273 24.909999847412109 23.719999313354492 19.950000762939453 15.25 14.210000038146973 11.520000457763672 10.829999923706055 10.039999961853027 6.6399998664855957 6.8899998664855957 5.7199997901916504 6.0799999237060547
 5.8499999046325684 5.559999942779541 3 1.75 0.52999997138977051 1.4900000095367432 4.6399998664855957 14.109999656677246 18.75 22.290000915527344 22.090000152587891 19.700000762939453 15.25 13.640000343322754 12.420000076293945 9.3400001525878906 7.0500001907348633 7.690000057220459 5.1500000953674316 4.5300002098083496 4.809999942779541 5.7699999809265137
 7.8299999237060547 8.5299997329711914 6.5799999237060547 2.9100000858306885 1.7799999713897705 3.880000114440918 13.880000114440918 20.959999084472656 20.430000305175781 21.780000686645508 20.600000381469727 17.870000839233398 12.979999542236328 12.649999618530273 9.3500003814697266 7.0900001525878906 4.6700000762939453 4.3400001525878906 3.309999942779541 3.9200000762939453 4.3499999046325684 5.5
 7.070000171661377 5.0999999046325684 3.4000000953674316 3.0799999237060547 3.7599999904632568 7.619999885559082 18.260000228881836 21.459999084472656 20.700000762939453 17.829999923706055 17.030000686645508 10.890000343322754 7.690000057220459 8.2799997329711914 5.9200000762939453 4.6700000762939453 3.8900001049041748 2.8299999237060547 2.9200000762939453 3.2899999618530273 4.3400001525878906 5.1999998092651367
 5.679999828338623 5.0300002098083496 2.2200000286102295 6.6500000953674316 8.1599998474121094 16.079999923706055 17.479999542236328 22.319999694824219 20.700000762939453 15.819999694824219 11.529999732971191 8.119999885559082 6.5 5.2600002288818359 3.3900001049041748 3.2699999809265137 2.8499999046325684 2.0499999523162842 2.5399999618530273 3.119999885559082 4.0100002288818359 5.2300000190734863
 5.8600001335144043 5.3299999237060547 5.4200000762939453 9.3999996185302734 18.989999771118164 23.110000610351563 21.360000610351563 22.559999465942383 20.239999771118164 14.340000152587891 9.5 7.4800000190734863 4.3299999237060547 3.0499999523162842 2.8499999046325684 2.4600000381469727 2.0999999046325684 2.0099999904632568 2.369999885559082 3.3199999332427979 4.320000171661377 7.9000000953674316
 3.8900001049041748 4.75 9.75 13.850000381469727 25.100000381469727 25.329999923706055 22.829999923706055 17.819999694824219 13.020000457763672 9.1899995803833008 7.1700000762939453 3.9500000476837158 3.2200000286102295 3.0399999618530273 2.9200000762939453 2.6400001049041748 2.2400000095367432 1.9600000381469727 2.7799999713897705 4.0500001907348633 6.690000057220459 11.579999923706055
 5.179999828338623 6.5300002098083496 10.210000038146973 20.670000076293945 24.399999618530273 22.569999694824219 16.309999465942383 13.149999618530273 8.1899995803833008 6.9200000762939453 4.320000171661377 2.3900001049041748 2.0099999904632568 2.309999942779541 2.4800000190734863 2.0699999332427979 1.8799999952316284 2.0999999046325684 3.5099999904632568 5.7100000381469727 10.399999618530273 13.020000457763672
 6.5900001525878906 11.140000343322754 17.600000381469727 24.690000534057617 21.180000305175781 15.090000152587891 10.979999542236328 10.340000152587891 7.6599998474121094 5.3000001907348633 2.9700000286102295 2.1500000953674316 2.1700000762939453 2.2699999809265137 2.309999942779541 1.9500000476837158 1.8200000524520874 2.6500000953674316 3.9300000667572021 8.5399999618530273 12.560000419616699 13.770000457763672
 8.8299999237060547 14.850000381469727 18.790000915527344 17.979999542236328 12.619999885559082 10.130000114440918 9.2399997711181641 8.5200004577636719 5.929999828338623 3.619999885559082 2.4700000286102295 2.2899999618530273 2.0799999237060547 2.119999885559082 2.3299999237060547 1.7200000286102295 2.0699999332427979 3.0399999618530273 5.130000114440918 10.069999694824219 13.090000152587891 14.220000267028809
 10.989999771118164 14.170000076293945 14.619999885559082 11.989999771118164 9.8199996948242187 8.0500001907348633 7.630000114440918 6.380000114440918 4.7800002098083496 2.5399999618530273 1.75 1.5499999523162842 1.309999942779541 1.7699999809265137 1.309999942779541 1.6699999570846558 2.440000057220459 4.119999885559082 7.5199999809265137 10.159999847412109 14.619999885559082 13.939999580383301
 12.619999885559082 13.560000419616699 14.189999580383301 10.909999847412109 9.880000114440918 8.75 7.0199999809265137 4.179999828338623 3.5699999332427979 2.1500000953674316 1.5499999523162842 1.2999999523162842 1.4299999475479126 1.2599999904632568 1.3899999856948853 2.1700000762939453 3.380000114440918 5.929999828338623 8.4399995803833008 10.260000228881836 11.170000076293945 10.569999694824219
 9.7399997711181641 9.8599996566772461 9.1700000762939453 9.0500001907348633 8.1999998092651367 7.2699999809265137 4.5500001907348633 3.130000114440918 2.4500000476837158 1.6399999856948853 1.2999999523162842 1.440000057220459 1.5499999523162842 1.3500000238418579 1.4500000476837158 2.1800000667572021 3.9900000095367432 6.8000001907348633 9.1400003433227539 9.9200000762939453 7.130000114440918 6.320000171661377
