data/rasters/precipitation/NSL_201606010300.ASC
ncols        22
nrows        20
xllcorner    184225.000000000000
yllcorner    383293.000000000000
cellsize     1000.000000000000
NODATA_value  -999
 0.059999998658895493 0 0.059999998658895493 0.23999999463558197 0.44999998807907104 0.6600000262260437 0.82999998331069946 1.1699999570846558 1.2799999713897705 1.1799999475479126 0.95999997854232788 0.70999997854232788 0.44999998807907104 0.2800000011920929 0.12999999523162842 0.039999999105930328 0.029999999329447746 0 0 0 0 0
 0 0 0.070000000298023224 0.36000001430511475 0.46000000834465027 0.81999999284744263 1.1200000047683716 1.1100000143051147 1.1000000238418579 0.9100000262260437 0.60000002384185791 0.49000000953674316 0.28999999165534973 0.20999999344348907 0.11999999731779099 0.090000003576278687 0.059999998658895493 0.029999999329447746 0 0 0 0
 0 0 0.15999999642372131 0.46000000834465027 0.55000001192092896 0.79000002145767212 0.94999998807907104 0.99000000953674316 0.64999997615814209 0.57999998331069946 0.4699999988079071 0.38999998569488525 0.2800000011920929 0.20000000298023224 0.14000000059604645 0.11999999731779099 0.090000003576278687 0.10000000149011612 0.079999998211860657 0.10000000149011612 0.090000003576278687 0
 0 0.10999999940395355 0.28999999165534973 0.40999999642372131 0.5 0.5899999737739563 0.60000002384185791 0.67000001668930054 0.52999997138977051 0.50999999046325684 0.37999999523162842 0.30000001192092896 0.2800000011920929 0.18999999761581421 0.20000000298023224 0.20000000298023224 0.18000000715255737 0.2199999988079071 0.25999999046325684 0.15999999642372131 0.11999999731779099 0.15000000596046448
 0.070000000298023224 0.20999999344348907 0.28999999165534973 0.40999999642372131 0.43999999761581421 0.5 0.56999999284744263 0.57999998331069946 0.52999997138977051 0.41999998688697815 0.25 0.31999999284744263 0.30000001192092896 0.2199999988079071 0.2800000011920929 0.34999999403953552 0.30000001192092896 0.34000000357627869 0.34999999403953552 0.2800000011920929 0.18000000715255737 0.23000000417232513
 0.2199999988079071 0.23999999463558197 0.28999999165534973 0.37999999523162842 0.40999999642372131 0.43999999761581421 0.44999998807907104 0.43000000715255737 0.34999999403953552 0.30000001192092896 0.2800000011920929 0.28999999165534973 0.28999999165534973 0.30000001192092896 0.37000000476837158 0.37999999523162842 0.36000001430511475 0.37000000476837158 0.40999999642372131 0.18999999761581421 0.20999999344348907 0.23000000417232513
 0.25 0.27000001072883606 0.34999999403953552 0.37999999523162842 0.34999999403953552 0.25999999046325684 0.30000001192092896 0.27000001072883606 0.25 0.25999999046325684 0.10000000149011612 0.2800000011920929 0.37999999523162842 0.36000001430511475 0.41999998688697815 0.40000000596046448 0.43999999761581421 0.37000000476837158 0.28999999165534973 0.43000000715255737 0.40999999642372131 0.28999999165534973
 0.25 0.28999999165534973 0.31999999284744263 0.31000000238418579 0.25 0.14000000059604645 0.17000000178813934 0.18000000715255737 0.20999999344348907 0.25 0.28999999165534973 0.47999998927116394 0.46000000834465027 0.40999999642372131 0.41999998688697815 0.31000000238418579 0.40999999642372131 0.40000000596046448 0.43999999761581421 0.38999998569488525 0.25999999046325684 0.25
 0.27000001072883606 0.23000000417232513 0.2199999988079071 0.12999999523162842 0.12999999523162842 0.12999999523162842 0.12999999523162842 0.18999999761581421 0.28999999165534973 0.41999998688697815 0.46000000834465027 0.4699999988079071 0 0.43000000715255737 0.41999998688697815 0.43000000715255737 0.37999999523162842 0.41999998688697815 0.37999999523162842 0.27000001072883606 0.090000003576278687 0.25
 0.14000000059604645 0.070000000298023224 0.059999998658895493 0.059999998658895493 0.05000000074505806 0.14000000059604645 0.17000000178813934 0.33000001311302185 0.37000000476837158 0.43999999761581421 0.44999998807907104 0.46000000834465027 0.44999998807907104 0.49000000953674316 0.37999999523162842 0.36000001430511475 0.31999999284744263 0.30000001192092896 0.12999999523162842 0.11999999731779099 0.019999999552965164 0.090000003576278687
 0.070000000298023224 0 0 0.039999999105930328 0.059999998658895493 0.15000000596046448 0.23999999463558197 0.31000000238418579 0.40999999642372131 0.41999998688697815 0.43999999761581421 0.41999998688697815 0.4699999988079071 0.44999998807907104 0.37000000476837158 0.27000001072883606 0.18999999761581421 0.11999999731779099 0.039999999105930328 0 0 0
 0 0 0 0.10999999940395355 0.10000000149011612 0.25 0.2199999988079071 0.28999999165534973 0.38999998569488525 0.43999999761581421 0.44999998807907104 0.4699999988079071 0.40000000596046448 0.34999999403953552 0.31000000238418579 0.23000000417232513 0.12999999523162842 0.019999999552965164 0 0 0 0
 0 0.059999998658895493 0.12999999523162842 0.15000000596046448 0.14000000059604645 0.2199999988079071 0.23000000417232513 0.27000001072883606 0.34000000357627869 0.38999998569488525 0.34999999403953552 0.34000000357627869 0.30000001192092896 0.25 0.20999999344348907 0.12999999523162842 0.059999998658895493 0 0 0 0 0
 0.10999999940395355 0.15999999642372131 0.20000000298023224 0.18999999761581421 0.14000000059604645 0.15999999642372131 0.20000000298023224 0.25 0.27000001072883606 0.28999999165534973 0.2800000011920929 0.23999999463558197 0.23000000417232513 0.18000000715255737 0.14000000059604645 0.059999998658895493 0.019999999552965164 0 0 0 0 0
 0.15000000596046448 0.17000000178813934 0.18000000715255737 0.20000000298023224 0.15000000596046448 0.10999999940395355 0.15000000596046448 0.23000000417232513 0.25999999046325684 0.2800000011920929 0.23999999463558197 0.17000000178813934 0.12999999523162842 0.14000000059604645 0.070000000298023224 0 0 0 0 0 0 0
 0.17000000178813934 0.20999999344348907 0.20000000298023224 0.2199999988079071 0.18000000715255737 0.17000000178813934 0.18000000715255737 0.23000000417232513 0.25 0.20999999344348907 0.14000000059604645 0.12999999523162842 0.079999998211860657 0 0 0 0 0 0 0 0 0
 0.18000000715255737 0.20000000298023224 0.2199999988079071 0.23999999463558197 0.23000000417232513 0.20000000298023224 0.20999999344348907 0.25 0.23999999463558197 0.20000000298023224 0.10000000149011612 0.059999998658895493 0 0 0 0 0 0 0 0 0 0
 0.2199999988079071 0.25 0.27000001072883606 0.25999999046325684 0.20000000298023224 0.20000000298023224 0.18000000715255737 0.18999999761581421 0.17000000178813934 0.070000000298023224 0.029999999329447746 0 0 0 0 0 0 0 0 0 0 0
 0.23999999463558197 0.25999999046325684 0.25999999046325684 0.25999999046325684 0.25999999046325684 0.25999999046325684 0.23000000417232513 0.12999999523162842 0.10999999940395355 0 0 0 0 0 0 0 0 0 0 0 0 0
 0.25 0.2800000011920929 0.2800000011920929 0.25 0.2199999988079071 0.2199999988079071 0.14000000059604645 0.090000003576278687 0 0 0 0 0 0 0 0 0 0 0 0 0 0
