data/rasters/precipitation/NSL_201606011700.ASC
ncols        22
nrows        20
xllcorner    184225.000000000000
yllcorner    383293.000000000000
cellsize     1000.000000000000
NODATA_value  -999
 0.0 0 0 0 0 0 0 0.2800000011920929 0.43999999761581421 2.9700000286102295 3.8900001049041748 7.9600000381469727 12.520000457763672 12.510000228881836 12.170000076293945 10.819999694824219 7.2399997711181641 5.9800000190734863 5.0500001907348633 3.7400000095367432 0 0
 0 0 0 0 0 0 0.73000001907348633 3.2699999809265137 3.1700000762939453 4.8299999237060547 8.4300003051757812 11.510000228881836 16.719999313354492 17.069999694824219 15.460000038146973 14.960000038146973 11.989999771118164 9.7799997329711914 8.1099996566772461 0 0 0
 0 0 0 0 0 1.8300000429153442 3.8599998950958252 3.7699999809265137 6.1599998474121094 9.4200000762939453 11.800000190734863 15.529999732971191 17.069999694824219 16.569999694824219 15.449999809265137 15.430000305175781 14.329999923706055 13.470000267028809 10.729999542236328 8.1700000762939453 10.100000381469727 0
 0 0 0 0.10000000149011612 4.320000171661377 5.0399999618530273 5.6399998664855957 9.369999885559082 13.340000152587891 12.170000076293945 14.699999809265137 17.459999084472656 16.090000152587891 14.090000152587891 13.300000190734863 12.189999580383301 11.930000305175781 11.270000457763672 9.9799995422363281 13.590000152587891 14.170000076293945 14.630000114440918
 0 0 0.18000000715255737 2.6500000953674316 7.320000171661377 6.679999828338623 8.9099998474121094 13.810000419616699 17.069999694824219 19.270000457763672 19.229999542236328 18.020000457763672 15.439999580383301 13.109999656677246 14.909999847412109 14.199999809265137 13.079999923706055 12.470000267028809 11.550000190734863 16.360000610351562 18.049999237060547 20.290000915527344
 0 0.10000000149011612 1.6699999570846558 5.179999828338623 7.4800000190734863 7.940000057220459 9.4300003051757812 12.399999618530273 15.079999923706055 16.889999389648438 17.809999465942383 15.829999923706055 16.280000686645508 18.319999694824219 20.459999084472656 17.469999313354492 14.840000152587891 14.300000190734863 18.450000762939453 18.780000686645508 21.129999160766602 23.299999237060547
 0 1.4700000286102295 5.309999942779541 7.570000171661377 8.0500001907348633 8.2399997711181641 8.2799997329711914 11.420000076293945 14.289999961853027 14.760000228881836 15.489999771118164 15.979999542236328 24.559999465942383 24.700000762939453 25.379999160766602 18.549999237060547 16.069999694824219 18.049999237060547 22.219999313354492 22.850000381469727 22.530000686645508 27.370000839233398
 4.130000114440918 6.1500000953674316 8.75 8.9300003051757812 9.1700000762939453 8.7799997329711914 8.7899999618530273 10.010000228881836 12.239999771118164 14.930000305175781 17.25 25.989999771118164 28.040000915527344 28.399999618530273 23.069999694824219 20.170000076293945 18.75 22.430000305175781 26.639999389648437 26.540000915527344 25.430000305175781 29.75
 7.369999885559082 9.3599996566772461 8.6999998092651367 8.8400001525878906 10.149999618530273 10.199999809265137 10.75 13.640000343322754 13.689999580383301 20.25 32.819999694824219 30.590000152587891 31.540000915527344 25.100000381469727 22.569999694824219 19.799999237060547 20.030000686645508 21.920000076293945 26.020000457763672 25.530000686645508 28.600000381469727 27.059999465942383
 8.5200004577636719 8.6899995803833008 9.3100004196166992 9.4700002670288086 9.7600002288818359 11.090000152587891 15.779999732971191 22.489999771118164 24.469999313354492 36.009998321533203 35.939998626708984 37.209999084472656 23.440000534057617 22.489999771118164 20.280000686645508 18.5 19.969999313354492 21.159999847412109 20.149999618530273 24.229999542236328 23.280000686645508 18.120000839233398
 6.8400001525878906 7.4899997711181641 8.5100002288818359 9.1700000762939453 10.170000076293945 14.239999771118164 23.389999389648438 28.079999923706055 38.909999847412109 37.900001525878906 36.740001678466797 23.510000228881836 19.969999313354492 19.440000534057617 16.340000152587891 17.649999618530273 18.129999160766602 17.690000534057617 18.469999313354492 19.159999847412109 15.390000343322754 12.850000381469727
 8.380000114440918 7.7699999809265137 7.4699997901916504 16 16.389999389648437 22.840000152587891 24.180000305175781 35.310001373291016 36.740001678466797 31.079999923706055 19.719999313354492 18.340000152587891 17.280000686645508 15.090000152587891 15.75 16.920000076293945 16.559999465942383 15.510000228881836 15.630000114440918 15.539999961853027 13 11.739999771118164
 9.5500001907348633 10.170000076293945 17.409999847412109 18.559999465942383 24.129999160766602 26.299999237060547 26.840000152587891 32.930000305175781 30.610000610351563 19.850000381469727 16.670000076293945 16.569999694824219 14.670000076293945 14.310000419616699 15.170000076293945 15.220000267028809 14.970000267028809 14.109999656677246 13.170000076293945 11.640000343322754 10.689999580383301 7.880000114440918
 11.529999732971191 18.069999694824219 29.670000076293945 28.379999160766602 26.309999465942383 26.940000534057617 28.860000610351562 24.979999542236328 19.260000228881836 16.190000534057617 15.289999961853027 14.239999771118164 14.609999656677246 13.789999961853027 13.529999732971191 13.350000381469727 13.840000152587891 13.520000457763672 10.75 9.7799997329711914 6.8000001907348633 5.3000001907348633
 17.110000610351563 32.009998321533203 32.650001525878906 30.780000686645508 29.25 29.329999923706055 27.739999771118164 21.629999160766602 14.119999885559082 13.579999923706055 12.810000419616699 11.609999656677246 11.380000114440918 12.310000419616699 12.310000419616699 11.199999809265137 11.880000114440918 11.800000190734863 8.7299995422363281 6.869999885559082 4.8000001907348633 3.4200000762939453
 30.370000839233398 36.580001831054687 32 29.120000839233398 28.229999542236328 24.510000228881836 18.420000076293945 15.640000343322754 12.369999885559082 11.569999694824219 10.369999885559082 10.149999618530273 10.670000076293945 10.619999885559082 9.4600000381469727 9.3000001907348633 9.4200000762939453 8.869999885559082 8.3299999237060547 5.6100001335144043 4.440000057220459 3.369999885559082
 39.119998931884766 34.400001525878906 27.719999313354492 23.450000762939453 20.799999237060547 17.430000305175781 13.739999771118164 11.680000305175781 10.949999809265137 10.199999809265137 9.1099996566772461 9.4799995422363281 9.3299999237060547 9.630000114440918 9.2799997329711914 8.3500003814697266 7.929999828338623 7.7899999618530273 7.2899999618530273 5.75 4.0300002098083496 3.0399999618530273
 42.180000305175781 32.029998779296875 20.870000839233398 17.809999465942383 13.539999961853027 11.170000076293945 11.170000076293945 9.8900003433227539 10.029999732971191 7.6500000953674316 6.880000114440918 7.7600002288818359 8 9.0500001907348633 8.6999998092651367 8.6099996566772461 8.3999996185302734 6.9200000762939453 6.5 5.4600000381469727 3.0299999713897705 2.440000057220459
 32.470001220703125 24.079999923706055 17.700000762939453 13.949999809265137 11.699999809265137 10.920000076293945 9.2600002288818359 8.0299997329711914 8.3999996185302734 6.059999942779541 6.5399999618530273 7.25 6.8600001335144043 7.7300000190734863 8.1800003051757812 8.3400001525878906 8.119999885559082 7.7699999809265137 6.5199999809265137 4.5999999046325684 2.9100000858306885 2.4200000762939453
 21.979999542236328 15.340000152587891 12.960000038146973 11.939999580383301 9.3400001525878906 8.2799997329711914 7.9499998092651367 7.7699999809265137 6.3899998664855957 6.4099998474121094 6.429999828338623 6.4099998474121094 7.0799999237060547 7.679999828338623 8.7700004577636719 9.3100004196166992 9.1400003433227539 7.4600000381469727 6.059999942779541 4.0500001907348633 2.5 1.8500000238418579
