data/rasters/precipitation/NSL_201606010800.ASC
ncols        22
nrows        20
xllcorner    184225.000000000000
yllcorner    383293.000000000000
cellsize     1000.000000000000
NODATA_value  -999
 0.0 0 0 0 0 0 0 0 0 0 0 0 0 0 0.019999999552965164 0.029999999329447746 0.039999999105930328 0.059999998658895493 0.059999998658895493 0.10000000149011612 0 0
 0 0 0 0 0 0 0 0 0 0 0 0 0.019999999552965164 0 0.019999999552965164 0.019999999552965164 0.039999999105930328 0.039999999105930328 0.05000000074505806 0 0 0
 0 0 0 0 0 0 0 0 0 0 0 0.019999999552965164 0 0.059999998658895493 0.10000000149011612 0.10000000149011612 0.070000000298023224 0.059999998658895493 0.070000000298023224 0.11999999731779099 0.10999999940395355 0
 0 0 0 0 0 0 0 0 0 0.029999999329447746 0.079999998211860657 0.070000000298023224 0.05000000074505806 0.14000000059604645 0.20000000298023224 0.18000000715255737 0.11999999731779099 0.090000003576278687 0.079999998211860657 0.18000000715255737 0.17000000178813934 0.20999999344348907
 0 0 0 0 0 0 0 0 0 0.23999999463558197 0.28999999165534973 0.15000000596046448 0.11999999731779099 0.20000000298023224 0.2199999988079071 0.20000000298023224 0.12999999523162842 0.10000000149011612 0.17000000178813934 0.2800000011920929 0.2199999988079071 0.2199999988079071
 0 0 0 0 0 0 0 0 0 0.070000000298023224 0.27000001072883606 0.20999999344348907 0.15000000596046448 0.20999999344348907 0.25 0.18999999761581421 0.14000000059604645 0.23000000417232513 0.34999999403953552 0.46000000834465027 0.14000000059604645 0.15999999642372131
 0 0 0 0 0 0 0 0 0 0.15999999642372131 0.47999998927116394 0.30000001192092896 0.2800000011920929 0.2800000011920929 0.25 0.27000001072883606 0.37000000476837158 0.46000000834465027 0.039999999105930328 0.36000001430511475 0.10999999940395355 0.039999999105930328
 0 0 0 0 0 0 0 0 0 0.25 0.18000000715255737 0.30000001192092896 0.27000001072883606 0.41999998688697815 0.28999999165534973 0.52999997138977051 0.44999998807907104 0.46000000834465027 0.30000001192092896 0.36000001430511475 0.38999998569488525 0.059999998658895493
 0 0 0 0 0 0 0 0 0.05000000074505806 0.14000000059604645 0.17000000178813934 0.28999999165534973 0.38999998569488525 0.40999999642372131 0.49000000953674316 0.47999998927116394 0.43000000715255737 0.43000000715255737 0.36000001430511475 0.47999998927116394 0.68999999761581421 0.079999998211860657
 0 0 0 0 0 0 0 0 0.23000000417232513 0.12999999523162842 0.10999999940395355 0.36000001430511475 0.33000001311302185 0.34999999403953552 0.43000000715255737 0.40000000596046448 0.43999999761581421 0.43000000715255737 0.40000000596046448 0.57999998331069946 0.63999998569488525 0.10999999940395355
 0 0 0 0 0 0 0 0 0.10000000149011612 0 0.40000000596046448 0.28999999165534973 0.33000001311302185 0.36000001430511475 0.34999999403953552 0.38999998569488525 0.41999998688697815 0.41999998688697815 0.56000000238418579 0.75 0.75 0.57999998331069946
 0 0 0 0 0 0 0 0 0.019999999552965164 0 0 0 0.31000000238418579 0.31999999284744263 0.34000000357627869 0.40999999642372131 0.43999999761581421 0.51999998092651367 0.75 0.93999999761581421 0.87000000476837158 0.76999998092651367
 0 0 0 0 0 0 0 0 0 0 0 0 0.33000001311302185 0.34999999403953552 0.40000000596046448 0.43999999761581421 0.46000000834465027 0.64999997615814209 0.8399999737739563 0.92000001668930054 0.88999998569488525 0.70999997854232788
 0 0 0 0 0 0 0 0 0.019999999552965164 0.019999999552965164 0.029999999329447746 0.039999999105930328 0.36000001430511475 0.40000000596046448 0.43999999761581421 0.49000000953674316 0.5 0.69999998807907104 0.87999999523162842 0.95999997854232788 0.75 0.88999998569488525
 0 0 0 0 0 0 0.019999999552965164 0.029999999329447746 0.05000000074505806 0.059999998658895493 0.070000000298023224 0.090000003576278687 0.40999999642372131 0.43999999761581421 0.5 0.56999999284744263 0.62999999523162842 0.86000001430511475 0.8399999737739563 0.79000002145767212 0.97000002861022949 1.2599999904632568
 0 0 0.019999999552965164 0.029999999329447746 0.039999999105930328 0.039999999105930328 0.059999998658895493 0.070000000298023224 0.090000003576278687 0.10000000149011612 0.11999999731779099 0.14000000059604645 0.47999998927116394 0.50999999046325684 0.55000001192092896 0.60000002384185791 0.85000002384185791 1.0099999904632568 0.94999998807907104 0.95999997854232788 1.3400000333786011 1.3600000143051147
 0.019999999552965164 0.029999999329447746 0.05000000074505806 0.059999998658895493 0.070000000298023224 0.079999998211860657 0.10000000149011612 0.10999999940395355 0.12999999523162842 0.15000000596046448 0.17000000178813934 0.18999999761581421 0.20999999344348907 0.43000000715255737 0.56999999284744263 0.72000002861022949 1.0800000429153442 1.1599999666213989 0.9100000262260437 1.2100000381469727 1.3600000143051147 1.5700000524520874
 0.039999999105930328 0.059999998658895493 0.079999998211860657 0.090000003576278687 0.10999999940395355 0.11999999731779099 0.14000000059604645 0.15999999642372131 0.18000000715255737 0.20000000298023224 0.2199999988079071 0.23999999463558197 0.25999999046325684 0.2800000011920929 0.30000001192092896 0.93000000715255737 0.34000000357627869 1.0299999713897705 1.0299999713897705 1.2300000190734863 1.5700000524520874 0.40999999642372131
 0.079999998211860657 0.10000000149011612 0.11999999731779099 0.12999999523162842 0.15000000596046448 0.17000000178813934 0.18999999761581421 0.20999999344348907 0.23000000417232513 0.25 0.27000001072883606 0.28999999165534973 0.31000000238418579 0.33000001311302185 0.34999999403953552 0.37000000476837158 1.1399999856948853 0.92000001668930054 1.1499999761581421 1.5 1.8700000047683716 1.9199999570846558
 0.11999999731779099 0.14000000059604645 0.15999999642372131 0.18000000715255737 0.20000000298023224 0.2199999988079071 0.23999999463558197 0.25999999046325684 0.2800000011920929 0.30000001192092896 0.31999999284744263 0.34000000357627869 0.37000000476837158 0.38999998569488525 0.40999999642372131 0.41999998688697815 0.43000000715255737 1 1.2200000286102295 1.8200000524520874 2.2999999523162842 2.2400000095367432
