data/rasters/precipitation/NSL_201606021900.ASC
ncols        22
nrows        20
xllcorner    184225.000000000000
yllcorner    383293.000000000000
cellsize     1000.000000000000
NODATA_value  -999
 0.10000000149011612 0.10999999940395355 0.10999999940395355 0.15000000596046448 0.15999999642372131 0.14000000059604645 0.18999999761581421 0.18999999761581421 0.20000000298023224 0.20999999344348907 0.029999999329447746 0.019999999552965164 0.019999999552965164 0.019999999552965164 0.0099999997764825821 0.0099999997764825821 0.0099999997764825821 0.0099999997764825821 0.0099999997764825821 0.0099999997764825821 0 0
 0.10000000149011612 0.079999998211860657 0.10999999940395355 0.10999999940395355 0.10999999940395355 0.17000000178813934 0.18000000715255737 0.25 0.20999999344348907 0.25 0.019999999552965164 0.019999999552965164 0.019999999552965164 0.019999999552965164 0.0099999997764825821 0.0099999997764825821 0.0099999997764825821 0.0099999997764825821 0.0099999997764825821 0 0 0
 0.070000000298023224 0.090000003576278687 0.10000000149011612 0.10000000149011612 0.15999999642372131 0.18000000715255737 0.23000000417232513 0.25 0.25 0.12999999523162842 0.019999999552965164 0.019999999552965164 0.019999999552965164 0.0099999997764825821 0.0099999997764825821 0.0099999997764825821 0.0099999997764825821 0.0099999997764825821 0.0099999997764825821 0.0099999997764825821 0 0
 0.070000000298023224 0.070000000298023224 0.18000000715255737 0.17000000178813934 0.12999999523162842 0.18999999761581421 0.23999999463558197 0.25999999046325684 0.28999999165534973 0.070000000298023224 0.019999999552965164 0.019999999552965164 0.0099999997764825821 0.0099999997764825821 0.0099999997764825821 0.0099999997764825821 0.0099999997764825821 0.0099999997764825821 0.0099999997764825821 0.0099999997764825821 0 0
 0.059999998658895493 0.23000000417232513 0.25 0.18999999761581421 0.15999999642372131 0.20999999344348907 0.27000001072883606 0.28999999165534973 0.31999999284744263 0.070000000298023224 0.0099999997764825821 0.0099999997764825821 0.0099999997764825821 0.0099999997764825821 0.0099999997764825821 0.0099999997764825821 0.0099999997764825821 0.0099999997764825821 0.0099999997764825821 0.0099999997764825821 0 0
 0.23999999463558197 0.56999999284744263 0.38999998569488525 0.15000000596046448 0.18999999761581421 0.23999999463558197 0.31999999284744263 0.34999999403953552 0.34000000357627869 0.059999998658895493 0.0099999997764825821 0.0099999997764825821 0.0099999997764825821 0.0099999997764825821 0.0099999997764825821 0.0099999997764825821 0.0099999997764825821 0.0099999997764825821 0.0099999997764825821 0.0099999997764825821 0 0
 0.56000000238418579 0.60000002384185791 0.27000001072883606 0.11999999731779099 0.15999999642372131 0.28999999165534973 0.36000001430511475 0.89999997615814209 0.50999999046325684 0.33000001311302185 0.12999999523162842 0.0099999997764825821 0.0099999997764825821 0.0099999997764825821 0.0099999997764825821 0.0099999997764825821 0.0099999997764825821 0.0099999997764825821 0.0099999997764825821 0.0099999997764825821 0 0
 0.46000000834465027 0.37000000476837158 0.17000000178813934 0.15000000596046448 0.18999999761581421 0.15000000596046448 0.72000002861022949 1.0499999523162842 1.1699999570846558 0.41999998688697815 0.070000000298023224 0 0 0.0099999997764825821 0.0099999997764825821 0.0099999997764825821 0.0099999997764825821 0.0099999997764825821 0.0099999997764825821 0.0099999997764825821 0 0
 0.44999998807907104 0.28999999165534973 0.25 0.20999999344348907 0.18000000715255737 0.63999998569488525 0.99000000953674316 0.28999999165534973 0.33000001311302185 0.27000001072883606 0.23000000417232513 0 0 0 0.0099999997764825821 0.0099999997764825821 0.0099999997764825821 0.0099999997764825821 0.0099999997764825821 0 0 0
 0.43000000715255737 0.33000001311302185 0.28999999165534973 0.2199999988079071 0.10999999940395355 0.79000002145767212 0.20999999344348907 0.18999999761581421 0.18000000715255737 0.2199999988079071 0.059999998658895493 0 0 0 0 0 0 0 0 0 0 0
 0.44999998807907104 0.40000000596046448 0.31999999284744263 0.20999999344348907 0.14000000059604645 0.18000000715255737 0.15999999642372131 0.15000000596046448 0.17000000178813934 0.05000000074505806 0.10000000149011612 0 0 0 0 0 0 0 0 0 0 0
 0.38999998569488525 0.38999998569488525 0.2199999988079071 0.12999999523162842 0.20000000298023224 0.18000000715255737 0.15000000596046448 0.15999999642372131 0.039999999105930328 0.14000000059604645 0.070000000298023224 0 0 0 0 0 0 0 0 0 0 0
 0.43999999761581421 0.36000001430511475 0.23000000417232513 0.14000000059604645 0.20999999344348907 0.15000000596046448 0.17000000178813934 0.070000000298023224 0.15999999642372131 0.23999999463558197 0 0 0 0 0 0 0 0 0 0 0 0
 0.36000001430511475 0.23000000417232513 0.12999999523162842 0.10999999940395355 0.0099999997764825821 0.14000000059604645 0.029999999329447746 0.17000000178813934 0.25999999046325684 0.23000000417232513 0 0 0 0 0 0 0 0 0 0 0 0
 0.34999999403953552 0.15000000596046448 0.14000000059604645 0.10000000149011612 0.0099999997764825821 0 0.079999998211860657 0.18999999761581421 0.23999999463558197 0.0099999997764825821 0 0 0 0 0 0 0 0 0 0 0 0
 0.25999999046325684 0.23999999463558197 0.18000000715255737 0.079999998211860657 0.0099999997764825821 0.10000000149011612 0.2199999988079071 0.25999999046325684 0.23999999463558197 0 0 0 0 0 0 0 0 0 0 0 0 0
 0.31000000238418579 0.33000001311302185 0.23000000417232513 0.14000000059604645 0.18000000715255737 0.25 0.28999999165534973 0.34000000357627869 0.25999999046325684 0 0 0 0 0 0 0 0 0 0 0 0 0
 0.33000001311302185 0.27000001072883606 0.15999999642372131 0.20000000298023224 0.31000000238418579 0.38999998569488525 0.43000000715255737 0.36000001430511475 0.23999999463558197 0 0 0 0 0 0 0 0 0 0 0 0 0
 0.23999999463558197 0.2199999988079071 0.2199999988079071 0.31000000238418579 0.37000000476837158 0.43000000715255737 0.50999999046325684 0.28999999165534973 0.0099999997764825821 0 0 0 0 0 0 0 0 0 0 0 0 0
 0.2199999988079071 0.2199999988079071 0.23999999463558197 0.34000000357627869 0.51999998092651367 0.62000000476837158 0.47999998927116394 0.15000000596046448 0 0 0 0 0 0 0 0 0 0 0 0 0 0
