data/rasters/precipitation/NSL_201606021500.ASC
ncols        22
nrows        20
xllcorner    184225.000000000000
yllcorner    383293.000000000000
cellsize     1000.000000000000
NODATA_value  -999
 4.4600000381469727 6.2199997901916504 8.0900001525878906 9.8900003433227539 10.489999771118164 10.130000114440918 9.3199996948242187 7.5 6.4800000190734863 5.0100002288818359 4.2100000381469727 3.380000114440918 3.0099999904632568 2.5099999904632568 1.8600000143051147 1.3600000143051147 1.0099999904632568 0.79000002145767212 0.5899999737739563 0.43000000715255737 0 0
 4.5999999046325684 6.1500000953674316 7.75 8.9300003051757812 9.5100002288818359 8.9200000762939453 7.8499999046325684 6.6599998474121094 5.8299999237060547 4.6999998092651367 3.8299999237060547 3.3499999046325684 3.0699999332427979 2.6600000858306885 2.0199999809265137 1.5099999904632568 0.98000001907348633 0.76999998092651367 0.5899999737739563 0 0 0
 4.570000171661377 5.5999999046325684 6.9899997711181641 8.1999998092651367 8.8100004196166992 7.9699997901916504 6.7699999809265137 6.25 5.1399998664855957 4.320000171661377 3.7999999523162842 3.4000000953674316 3.1099998950958252 2.5899999141693115 1.9600000381469727 1.3200000524520874 0.93000000715255737 0.74000000953674316 0.56999999284744263 0.43000000715255737 0.30000001192092896 0
 4.3499999046325684 5.2199997901916504 6.7399997711181641 7.8299999237060547 8.0900001525878906 6.9600000381469727 6.1500000953674316 5.3299999237060547 4.570000171661377 4.1500000953674316 3.6700000762939453 3.4200000762939453 3 2.380000114440918 1.690000057220459 1.1799999475479126 0.85000002384185791 0.68999999761581421 0.54000002145767212 0.40000000596046448 0.28999999165534973 0.18999999761581421
 4.0399999618530273 5.0399999618530273 6.1700000762939453 7.320000171661377 6.440000057220459 6.0500001907348633 5.1399998664855957 4.7800002098083496 4.369999885559082 3.7999999523162842 3.440000057220459 3.1800000667572021 2.8599998950958252 2.25 1.6200000047683716 1.1699999570846558 0.75999999046325684 0.62000000476837158 0.49000000953674316 0.37000000476837158 0.25999999046325684 0.17000000178813934
 3.9800000190734863 4.8000001907348633 5.619999885559082 6.0999999046325684 5.2600002288818359 4.7800002098083496 4.4099998474121094 4.2399997711181641 3.9100000858306885 3.6500000953674316 3.3299999237060547 2.9800000190734863 2.4900000095367432 1.9299999475479126 1.3999999761581421 0.88999998569488525 0.6600000262260437 0.54000002145767212 0.41999998688697815 0.31999999284744263 0.23000000417232513 0.15000000596046448
 3.6800000667572021 4.3299999237060547 5.0199999809265137 5.1700000762939453 4.5500001907348633 3.9700000286102295 3.7999999523162842 3.75 3.619999885559082 3.3199999332427979 3 2.5199999809265137 2.059999942779541 1.6000000238418579 1.1200000047683716 0.6600000262260437 0.55000001192092896 0.44999998807907104 0.34999999403953552 0.27000001072883606 0.18999999761581421 0.11999999731779099
 3.690000057220459 3.9700000286102295 4.309999942779541 4.4899997711181641 4.1700000762939453 3.6099998950958252 3.2999999523162842 3.2599999904632568 3.2400000095367432 2.9600000381469727 2.6700000762939453 2.2300000190734863 1.7799999713897705 1.2400000095367432 0.76999998092651367 0.51999998092651367 0.43000000715255737 0.34999999403953552 0.2800000011920929 0.20999999344348907 0.14000000059604645 0.079999998211860657
 3.2599999904632568 3.5299999713897705 3.7999999523162842 3.880000114440918 3.5899999141693115 3.0999999046325684 2.7599999904632568 2.7599999904632568 2.8199999332427979 2.6800000667572021 2.4700000286102295 2.0199999809265137 1.4299999475479126 0.86000001430511475 0.52999997138977051 0.37000000476837158 0.31000000238418579 0.25999999046325684 0.20000000298023224 0.15000000596046448 0.10000000149011612 0.05000000074505806
 3.0199999809265137 3.0699999332427979 3.2100000381469727 3.1600000858306885 2.7899999618530273 2.4800000190734863 2.2999999523162842 2.380000114440918 2.4100000858306885 2.3399999141693115 2.2300000190734863 1.559999942779541 0.9100000262260437 0.61000001430511475 0.27000001072883606 0.23000000417232513 0.20000000298023224 0.17000000178813934 0.12999999523162842 0.090000003576278687 0.05000000074505806 0.0099999997764825821
 2.5699999332427979 2.6400001049041748 2.7000000476837158 2.4100000858306885 2.2000000476837158 1.9800000190734863 1.8500000238418579 1.8999999761581421 1.9800000190734863 1.9199999570846558 1.6799999475479126 0.95999997854232788 0.37000000476837158 0.15999999642372131 0.10999999940395355 0.10999999940395355 0.10000000149011612 0.090000003576278687 0.059999998658895493 0.039999999105930328 0.0099999997764825821 0
 2.3900001049041748 2.3599998950958252 2.1800000667572021 1.7599999904632568 1.6699999570846558 1.5399999618530273 1.5 1.5700000524520874 1.7100000381469727 1.5499999523162842 1.0700000524520874 0.5 0.10000000149011612 0 0 0.0099999997764825821 0.019999999552965164 0.019999999552965164 0.0099999997764825821 0 0 0
 2.2400000095367432 2.059999942779541 1.809999942779541 1.5399999618530273 1.2899999618530273 1.1399999856948853 1.1799999475479126 1.3999999761581421 1.4299999475479126 1.1499999761581421 0.68999999761581421 0.28999999165534973 0 0 0 0 0 0 0 0 0 0
 2.1800000667572021 1.8600000143051147 1.5800000429153442 1.3200000524520874 1.0700000524520874 0.9100000262260437 1.0299999713897705 1.2000000476837158 1.1399999856948853 0.87000000476837158 0.46000000834465027 0 0 0 0 0 0 0 0 0 0 0
 2.2400000095367432 1.8899999856948853 1.6000000238418579 1.2599999904632568 0.98000001907348633 0.8399999737739563 1.0199999809265137 1.0900000333786011 0.92000001668930054 0.50999999046325684 0.079999998211860657 0 0 0 0 0 0 0 0 0 0 0
 2.2999999523162842 1.9199999570846558 1.690000057220459 1.3899999856948853 1.1699999570846558 1.2200000286102295 1.2999999523162842 1.0900000333786011 0.70999997854232788 0.30000001192092896 0 0 0 0 0 0 0 0 0 0 0 0
 2.5 2.2000000476837158 2.0199999809265137 1.7899999618530273 1.6299999952316284 1.6000000238418579 1.4199999570846558 1.1699999570846558 0.55000001192092896 0.10999999940395355 0 0 0 0 0 0 0 0 0 0 0 0
 2.5799999237060547 2.4200000762939453 2.369999885559082 2.2799999713897705 2.0899999141693115 1.809999942779541 1.5499999523162842 1.0399999618530273 0.50999999046325684 0 0 0 0 0 0 0 0 0 0 0 0 0
 2.7599999904632568 2.75 2.7400000095367432 2.6099998950958252 2.5099999904632568 2.1500000953674316 1.5 0.55000001192092896 0.2800000011920929 0 0 0 0 0 0 0 0 0 0 0 0 0.039999999105930328
 3.0699999332427979 3.2100000381469727 3.2400000095367432 2.9800000190734863 2.4200000762939453 1.8700000047683716 0.92000001668930054 0.40000000596046448 0 0 0 0 0 0 0 0 0 0 0 0 0 0.10999999940395355
