data/rasters/precipitation/NSL_201606021300.ASC
ncols        22
nrows        20
xllcorner    184225.000000000000
yllcorner    383293.000000000000
cellsize     1000.000000000000
NODATA_value  -999
 1.0399999618530273 1.1499999761581421 1.4199999570846558 1.4900000095367432 1.6000000238418579 2.0699999332427979 2.8299999237060547 4.0399999618530273 4.8600001335144043 4.8400001525878906 5.0999999046325684 4.2600002288818359 2.9300000667572021 1.5199999809265137 1.0399999618530273 1.0700000524520874 0.86000001430511475 0.77999997138977051 0.62000000476837158 0.43000000715255737 0 0
 0.9100000262260437 1.0099999904632568 1.1399999856948853 1.2799999713897705 1.3899999856948853 2.2300000190734863 3.0399999618530273 3.809999942779541 4.1599998474121094 5.0199999809265137 5.5799999237060547 5.0199999809265137 2.75 2.2100000381469727 1.7300000190734863 1.9900000095367432 2.130000114440918 1.5900000333786011 0.95999997854232788 0 0 0
 0.81000000238418579 0.92000001668930054 1.0199999809265137 1.2799999713897705 1.8400000333786011 2.4500000476837158 2.6099998950958252 3.0999999046325684 3.8499999046325684 4.9499998092651367 5.1999998092651367 4.0900001525878906 2.880000114440918 2.2899999618530273 2.1600000858306885 2.3399999141693115 2.2400000095367432 2.0199999809265137 1.440000057220459 0.70999997854232788 0.30000001192092896 0
 0.74000000953674316 0.81999999284744263 1.2200000286102295 1.7999999523162842 2.1500000953674316 2.0999999046325684 2.2000000476837158 2.5099999904632568 3.4900000095367432 3.8299999237060547 3.690000057220459 3.3499999046325684 2.6600000858306885 1.7200000286102295 1.4199999570846558 1.4700000286102295 1.7100000381469727 1.7200000286102295 0.94999998807907104 0.37999999523162842 0.20000000298023224 0.079999998211860657
 0.6600000262260437 0.93000000715255737 1.3300000429153442 2.0299999713897705 1.5199999809265137 1.690000057220459 1.9299999475479126 2.4900000095367432 2.5699999332427979 2.2899999618530273 2.4300000667572021 2.5 2.1700000762939453 1.3600000143051147 1.059999942779541 1.3600000143051147 1.7799999713897705 1.4700000286102295 0.99000000953674316 0.33000001311302185 0.14000000059604645 0.10999999940395355
 0.6600000262260437 0.97000002861022949 1.2400000095367432 1.4099999666213989 1.0900000333786011 1.2999999523162842 1.5900000333786011 1.8400000333786011 1.7400000095367432 1.5700000524520874 1.6499999761581421 1.6000000238418579 1.2999999523162842 0.97000002861022949 0.95999997854232788 1.4800000190734863 1.690000057220459 1.4900000095367432 0.49000000953674316 0.15999999642372131 0.10999999940395355 0.10999999940395355
 0.62000000476837158 0.79000002145767212 0.82999998331069946 0.85000002384185791 0.92000001668930054 1.1000000238418579 1.2300000190734863 1.3600000143051147 1.4199999570846558 1.0299999713897705 0.88999998569488525 0.82999998331069946 0.72000002861022949 0.75 1.0299999713897705 1.2899999618530273 1.5399999618530273 0.52999997138977051 0.18999999761581421 0.10999999940395355 0.10999999940395355 0.17000000178813934
 0.5 0.51999998092651367 0.51999998092651367 0.60000002384185791 0.70999997854232788 0.8399999737739563 0.93999999761581421 1.0099999904632568 0.81000000238418579 0.55000001192092896 0.5 0.46000000834465027 0.51999998092651367 0.68999999761581421 1.0099999904632568 1 0.63999998569488525 0.20999999344348907 0.15999999642372131 0.10999999940395355 0.10000000149011612 0.10999999940395355
 0.36000001430511475 0.38999998569488525 0.40999999642372131 0.41999998688697815 0.49000000953674316 0.56000000238418579 0.61000001430511475 0.46000000834465027 0.44999998807907104 0.34999999403953552 0.31000000238418579 0.33000001311302185 0.43000000715255737 0.73000001907348633 0.88999998569488525 0.70999997854232788 0.31999999284744263 0.23000000417232513 0.15999999642372131 0.10000000149011612 0.090000003576278687 0.070000000298023224
 0.30000001192092896 0.31999999284744263 0.33000001311302185 0.34000000357627869 0.34000000357627869 0.38999998569488525 0.33000001311302185 0.31000000238418579 0.28999999165534973 0.25999999046325684 0.23999999463558197 0.27000001072883606 0.4699999988079071 0.63999998569488525 0.69999998807907104 0.52999997138977051 0.31000000238418579 0.20000000298023224 0.079999998211860657 0.079999998211860657 0.070000000298023224 0.039999999105930328
 0.23999999463558197 0.25 0.25999999046325684 0.25999999046325684 0.25999999046325684 0.25999999046325684 0.25 0.23000000417232513 0.2199999988079071 0.20000000298023224 0.18999999761581421 0.28999999165534973 0.43999999761581421 0.51999998092651367 0.49000000953674316 0.36000001430511475 0.23999999463558197 0.070000000298023224 0.059999998658895493 0.05000000074505806 0.039999999105930328 0.029999999329447746
 0.18999999761581421 0.20000000298023224 0.20000000298023224 0.20000000298023224 0.18999999761581421 0.18000000715255737 0.17000000178813934 0.17000000178813934 0.15000000596046448 0.15000000596046448 0.18999999761581421 0.25 0.30000001192092896 0.31000000238418579 0.27000001072883606 0.2199999988079071 0.12999999523162842 0.05000000074505806 0.039999999105930328 0.039999999105930328 0.029999999329447746 0.029999999329447746
 0.14000000059604645 0.15000000596046448 0.14000000059604645 0.14000000059604645 0.11999999731779099 0.10999999940395355 0.10999999940395355 0.10000000149011612 0.10000000149011612 0.10999999940395355 0.14000000059604645 0.17000000178813934 0.15000000596046448 0.11999999731779099 0.10999999940395355 0.079999998211860657 0.039999999105930328 0.029999999329447746 0.029999999329447746 0.029999999329447746 0.019999999552965164 0.019999999552965164
 0.10000000149011612 0.10000000149011612 0.10000000149011612 0.079999998211860657 0.070000000298023224 0.05000000074505806 0.05000000074505806 0.05000000074505806 0.059999998658895493 0.079999998211860657 0.079999998211860657 0.079999998211860657 0.070000000298023224 0.059999998658895493 0.05000000074505806 0.019999999552965164 0.019999999552965164 0.019999999552965164 0.019999999552965164 0.019999999552965164 0.019999999552965164 0
 0.070000000298023224 0.070000000298023224 0.059999998658895493 0.05000000074505806 0.029999999329447746 0 0 0.019999999552965164 0.029999999329447746 0.029999999329447746 0.039999999105930328 0.019999999552965164 0.019999999552965164 0 0 0 0 0 0 0 0 0
 0.05000000074505806 0.039999999105930328 0.029999999329447746 0.019999999552965164 0 0 0 0 0 0 0 0 0 0 0 0 0 0 0 0 0 0
 0.029999999329447746 0.019999999552965164 0 0 0 0 0 0 0 0 0 0 0 0 0 0 0 0 0 0 0 0
 0 0 0 0 0 0 0 0 0 0 0 0 0 0 0 0 0 0 0 0 0 0
 0 0 0 0 0 0 0 0 0 0 0 0 0 0 0 0 0 0 0 0 0 0
 0 0 0 0 0 0 0 0 0 0 0 0 0 0 0 0 0 0 0 0 0 0
