data/rasters/precipitation/NSL_201606031800.ASC
ncols        22
nrows        20
xllcorner    184225.000000000000
yllcorner    383293.000000000000
cellsize     1000.000000000000
NODATA_value  -999
 0.0 0 0.029999999329447746 0.079999998211860657 0.15000000596046448 0.25 0.40000000596046448 0.56000000238418579 0.76999998092651367 1.0099999904632568 1.3200000524520874 1.7200000286102295 2.1099998950958252 2.5199999809265137 3.1600000858306885 3.9800000190734863 4.5 4.880000114440918 5.119999885559082 5.3899998664855957 0 0
 0.019999999552965164 0.029999999329447746 0.070000000298023224 0.11999999731779099 0.18999999761581421 0.28999999165534973 0.40999999642372131 0.57999998331069946 0.75999999046325684 1 1.309999942779541 1.6599999666213989 2.0099999904632568 2.4600000381469727 3.059999942779541 3.75 4.190000057220459 4.440000057220459 4.6700000762939453 0 0 0
 0.039999999105930328 0.059999998658895493 0.10000000149011612 0.15000000596046448 0.20999999344348907 0.31000000238418579 0.43000000715255737 0.56999999284744263 0.75999999046325684 0.98000001907348633 1.2400000095367432 1.5800000429153442 1.9700000286102295 2.3900001049041748 3.0799999237060547 3.6500000953674316 3.8499999046325684 4.0900001525878906 4.4699997901916504 4.9899997711181641 6.4499998092651367 0
 0.05000000074505806 0.079999998211860657 0.10999999940395355 0.15999999642372131 0.2199999988079071 0.31000000238418579 0.41999998688697815 0.56000000238418579 0.72000002861022949 0.9100000262260437 1.1399999856948853 1.4500000476837158 1.809999942779541 2.2400000095367432 2.9600000381469727 3.4900000095367432 3.7599999904632568 4.2600002288818359 5.070000171661377 6.119999885559082 6.9099998474121094 6.5100002288818359
 0.059999998658895493 0.090000003576278687 0.11999999731779099 0.17000000178813934 0.2199999988079071 0.30000001192092896 0.40000000596046448 0.51999998092651367 0.64999997615814209 0.82999998331069946 1.0399999618530273 1.2599999904632568 1.559999942779541 1.9800000190734863 2.6800000667572021 3.380000114440918 3.9700000286102295 4.869999885559082 5.6500000953674316 6.3600001335144043 5.2699999809265137 4.4000000953674316
 0.059999998658895493 0.090000003576278687 0.11999999731779099 0.15999999642372131 0.20999999344348907 0.2800000011920929 0.37000000476837158 0.46000000834465027 0.5899999737739563 0.73000001907348633 0.88999998569488525 1.1100000143051147 1.3999999761581421 2 2.7200000286102295 3.6600000858306885 4.4099998474121094 4.9800000190734863 5.6399998664855957 4.3000001907348633 3.5 3.1600000858306885
 0.059999998658895493 0.090000003576278687 0.10999999940395355 0.15000000596046448 0.20000000298023224 0.25 0.31999999284744263 0.40999999642372131 0.5 0.62999999523162842 0.75999999046325684 0.99000000953674316 1.4500000476837158 2.1099998950958252 2.9600000381469727 3.5199999809265137 3.8900001049041748 3.4500000476837158 3.0799999237060547 2.440000057220459 2.5899999141693115 2.5299999713897705
 0.059999998658895493 0.079999998211860657 0.10000000149011612 0.12999999523162842 0.17000000178813934 0.2199999988079071 0.27000001072883606 0.34999999403953552 0.43000000715255737 0.52999997138977051 0.68000000715255737 1.0900000333786011 1.3999999761581421 1.9800000190734863 2.6099998950958252 2.4800000190734863 2.2400000095367432 1.8200000524520874 1.8700000047683716 1.9700000286102295 2.059999942779541 2.1400001049041748
 0.05000000074505806 0.070000000298023224 0.090000003576278687 0.11999999731779099 0.15000000596046448 0.18999999761581421 0.23999999463558197 0.30000001192092896 0.36000001430511475 0.50999999046325684 0.72000002861022949 1 1.3799999952316284 1.5299999713897705 1.8500000238418579 1.5 1.2599999904632568 1.4299999475479126 1.4900000095367432 1.6100000143051147 1.7200000286102295 1.7899999618530273
 0.039999999105930328 0.059999998658895493 0.079999998211860657 0.10000000149011612 0.12999999523162842 0.15999999642372131 0.20999999344348907 0.25999999046325684 0.31000000238418579 0.41999998688697815 0.56999999284744263 0.74000000953674316 0.79000002145767212 1.0399999618530273 0.98000001907348633 0.94999998807907104 0.94999998807907104 1.0800000429153442 1.1699999570846558 1.2999999523162842 1.3899999856948853 1.4900000095367432
 0.039999999105930328 0.039999999105930328 0.070000000298023224 0.070000000298023224 0.10999999940395355 0.12999999523162842 0.17000000178813934 0.18999999761581421 0.20999999344348907 0.25999999046325684 0.28999999165534973 0.31000000238418579 0.30000001192092896 0.44999998807907104 0.5 0.61000001430511475 0.73000001907348633 0.82999998331069946 0.93000000715255737 1.0199999809265137 1.0900000333786011 1.1299999952316284
 0.029999999329447746 0.029999999329447746 0.039999999105930328 0.05000000074505806 0.05000000074505806 0.10000000149011612 0.10999999940395355 0.11999999731779099 0.11999999731779099 0.12999999523162842 0.10999999940395355 0.10999999940395355 0.090000003576278687 0.18999999761581421 0.31000000238418579 0.43000000715255737 0.54000002145767212 0.63999998569488525 0.72000002861022949 0.77999997138977051 0.81000000238418579 0.82999998331069946
 0.019999999552965164 0.019999999552965164 0.029999999329447746 0.029999999329447746 0.029999999329447746 0.039999999105930328 0.039999999105930328 0.05000000074505806 0.059999998658895493 0.05000000074505806 0.05000000074505806 0.039999999105930328 0.05000000074505806 0.10999999940395355 0.20999999344348907 0.30000001192092896 0.40000000596046448 0.4699999988079071 0.52999997138977051 0.56999999284744263 0.60000002384185791 0.57999998331069946
 0 0.019999999552965164 0.019999999552965164 0.019999999552965164 0.019999999552965164 0 0 0 0 0 0 0 0.029999999329447746 0.079999998211860657 0.14000000059604645 0.2199999988079071 0.2800000011920929 0.34000000357627869 0.37999999523162842 0.40999999642372131 0.40999999642372131 0.40000000596046448
 0 0 0 0 0 0 0 0 0 0 0 0 0.019999999552965164 0.05000000074505806 0.10000000149011612 0.15999999642372131 0.20000000298023224 0.25 0.27000001072883606 0.28999999165534973 0.28999999165534973 0.2800000011920929
 0 0 0 0 0 0 0 0 0 0 0 0 0 0.039999999105930328 0.070000000298023224 0.10999999940395355 0.14000000059604645 0.18000000715255737 0.20000000298023224 0.20999999344348907 0.20999999344348907 0.18999999761581421
 0 0 0 0 0 0 0 0 0 0 0 0 0 0.029999999329447746 0.05000000074505806 0.079999998211860657 0.10000000149011612 0.11999999731779099 0.14000000059604645 0.15000000596046448 0.14000000059604645 0.12999999523162842
 0 0 0 0 0 0 0 0 0 0 0 0 0 0.019999999552965164 0.029999999329447746 0.05000000074505806 0.070000000298023224 0.090000003576278687 0.10000000149011612 0.10000000149011612 0.090000003576278687 0.079999998211860657
 0 0 0 0 0 0 0 0 0 0 0 0 0 0 0.019999999552965164 0.029999999329447746 0.05000000074505806 0.059999998658895493 0.059999998658895493 0.059999998658895493 0.059999998658895493 0.05000000074505806
 0 0 0 0 0 0 0 0 0 0 0 0 0 0 0 0.019999999552965164 0.029999999329447746 0.039999999105930328 0.039999999105930328 0.039999999105930328 0.039999999105930328 0.029999999329447746
