data/rasters/precipitation/NSL_201606010900.ASC
ncols        22
nrows        20
xllcorner    184225.000000000000
yllcorner    383293.000000000000
cellsize     1000.000000000000
NODATA_value  -999
 0.0 0 0 0 0 0 0 0 0 0 0 0 0 0 0 0 0 0 0 0 0 0
 0 0 0 0 0 0 0 0 0 0 0 0 0 0 0 0 0 0 0 0 0 0
 0 0 0 0 0 0 0 0 0 0 0 0 0 0 0 0 0 0 0 0 0 0
 0 0 0 0 0 0 0.12999999523162842 0.30000001192092896 0.23999999463558197 0.079999998211860657 0 0 0 0 0 0 0 0 0 0 0 0
 0 0 0 0 0.070000000298023224 0.20999999344348907 0.67000001668930054 0.92000001668930054 0.94999998807907104 0.23999999463558197 0 0 0 0 0 0 0 0 0 0 0 0.11999999731779099
 0 0 0 0 0.2800000011920929 0.62999999523162842 1.0199999809265137 1.1499999761581421 0.94999998807907104 0.4699999988079071 0 0 0 0 0 0 0 0 0 0 0.62000000476837158 0.61000001430511475
 0 0 0 0.11999999731779099 0.40999999642372131 1 1.3899999856948853 2.059999942779541 2.2100000381469727 0.93000000715255737 0 0 0 0 0 0 0 0.41999998688697815 1.4800000190734863 0.2800000011920929 1.0700000524520874 2.8599998950958252
 0 0 0.10999999940395355 0.14000000059604645 0.33000001311302185 0.75999999046325684 1.3300000429153442 2.0399999618530273 1.25 0.54000002145767212 0.17000000178813934 0 0 0 0 0 1.4299999475479126 2.869999885559082 1.0299999713897705 1.190000057220459 2.25 4.0199999809265137
 0 0.12999999523162842 0.10000000149011612 0.15000000596046448 0.31999999284744263 0.93000000715255737 1.4500000476837158 1.0499999523162842 0.69999998807907104 0.2199999988079071 0 0 0 0 0 0.61000001430511475 2.8199999332427979 2.5399999618530273 1.5399999618530273 2.2799999713897705 3.0999999046325684 4.4800000190734863
 0.17000000178813934 0.15000000596046448 0.059999998658895493 0.31999999284744263 0.8399999737739563 1.4700000286102295 0.97000002861022949 0.75999999046325684 0.40000000596046448 0.94999998807907104 0.43999999761581421 0 0 0 0.37999999523162842 1.3400000333786011 2.2699999809265137 2.119999885559082 2.0099999904632568 2.4500000476837158 2.4600000381469727 3.6099998950958252
 0.23000000417232513 0.059999998658895493 0.059999998658895493 1.2100000381469727 1.6499999761581421 1.1799999475479126 0.4699999988079071 0.70999997854232788 1.2100000381469727 3.059999942779541 2.1700000762939453 1.0399999618530273 0.38999998569488525 0.5899999737739563 1.7899999618530273 2.5999999046325684 2.940000057220459 2.7799999713897705 2.5899999141693115 2.8299999237060547 2.2100000381469727 1.4199999570846558
 0.43000000715255737 0.12999999523162842 1.1499999761581421 1.0499999523162842 1.2400000095367432 0.38999998569488525 0.34000000357627869 1.2699999809265137 2.5299999713897705 4.1700000762939453 6.880000114440918 2.5299999713897705 0.9100000262260437 1.7100000381469727 3 3.380000114440918 3.1400001049041748 2.8199999332427979 2.8900001049041748 2.869999885559082 1.8899999856948853 1.3300000429153442
 1.5900000333786011 1.5499999523162842 1.2899999618530273 0.75 0.52999997138977051 0.2800000011920929 0.8399999737739563 3.0799999237060547 3.5199999809265137 3.9600000381469727 3.1700000762939453 3.0199999809265137 2.2899999618530273 3.1400001049041748 3.5999999046325684 3.5499999523162842 3.0099999904632568 2.9000000953674316 2.8900001049041748 2.2300000190734863 1.5499999523162842 0.49000000953674316
 1.6100000143051147 1.1200000047683716 0.18999999761581421 0.25999999046325684 0.17000000178813934 0.38999998569488525 1.5399999618530273 4.119999885559082 4.2399997711181641 4.0199999809265137 4.059999942779541 4.4499998092651367 2.9700000286102295 3.9700000286102295 4.679999828338623 3.6800000667572021 2.9600000381469727 2.7899999618530273 2.5799999237060547 2.2200000286102295 1.2000000476837158 0
 1.6100000143051147 0.20999999344348907 0.20999999344348907 0.37000000476837158 1.0800000429153442 1.4199999570846558 2.4500000476837158 3.0099999904632568 3.630000114440918 4.75 4.7800002098083496 5.2199997901916504 4.25 4.559999942779541 4.380000114440918 3.0999999046325684 2.6700000762939453 2.7100000381469727 2.8199999332427979 1.8200000524520874 0.40999999642372131 0
 0.44999998807907104 0.51999998092651367 0.61000001430511475 1.2999999523162842 1.7799999713897705 2.2699999809265137 2.190000057220459 2.9700000286102295 4.0100002288818359 4.429999828338623 4.7300000190734863 5.179999828338623 4.6700000762939453 5.1599998474121094 3.4000000953674316 2.559999942779541 2.7300000190734863 2.8599998950958252 3.2200000286102295 1.2300000190734863 0.56999999284744263 1.2899999618530273
 0.77999997138977051 1.3400000333786011 1.7100000381469727 2.1099998950958252 2.2799999713897705 2.3299999237060547 2.7799999713897705 3.7200000286102295 4.1100001335144043 4.5399999618530273 5.1999998092651367 5.4699997901916504 7.2399997711181641 4.0100002288818359 3.0799999237060547 2.6800000667572021 3.0999999046325684 3.369999885559082 2.8599998950958252 1.5199999809265137 2.7899999618530273 3.309999942779541
 1.7599999904632568 1.8200000524520874 2.119999885559082 2.2799999713897705 2.7799999713897705 3.2999999523162842 3.4800000190734863 3.5 3.7000000476837158 4.6700000762939453 5.7199997901916504 6.2699999809265137 5.6100001335144043 5.429999828338623 5.429999828338623 3.630000114440918 5.5500001907348633 3.4500000476837158 2.369999885559082 2.380000114440918 5.1599998474121094 7.9699997901916504
 2.809999942779541 2.5899999141693115 2.4300000667572021 2.7699999809265137 3.25 3.5 3.1500000953674316 3.5799999237060547 4.0999999046325684 4.820000171661377 5.2899999618530273 6.070000171661377 6.5999999046325684 6.690000057220459 7.3400001525878906 8.0200004577636719 4.3299999237060547 3.130000114440918 2.9600000381469727 3.559999942779541 3.880000114440918 3.440000057220459
 2.9500000476837158 2.619999885559082 2.5999999046325684 2.7200000286102295 3.2599999904632568 3.2699999809265137 3.3299999237060547 3.9200000762939453 4.0999999046325684 4.5100002288818359 4.9600000381469727 6.369999885559082 7.0100002288818359 7.570000171661377 7.7199997901916504 9.25 6.1399998664855957 3.5699999332427979 3.9500000476837158 3.7400000095367432 2.130000114440918 1.3700000047683716
