data/rasters/precipitation/NSL_201606021400.ASC
ncols        22
nrows        20
xllcorner    184225.000000000000
yllcorner    383293.000000000000
cellsize     1000.000000000000
NODATA_value  -999
 4.7699999809265137 9.869999885559082 14.579999923706055 19.350000381469727 23.729999542236328 25.760000228881836 25.790000915527344 20.659999847412109 17.569999694824219 7.690000057220459 2.9100000858306885 2.2999999523162842 1.8700000047683716 2.190000057220459 2.2599999904632568 1.7200000286102295 1.4800000190734863 0.93000000715255737 0.4699999988079071 0.36000001430511475 0 0
 6.059999942779541 10.819999694824219 13.699999809265137 15.840000152587891 19.959999084472656 19.680000305175781 19.290000915527344 14.229999542236328 11.810000419616699 4.929999828338623 2.5699999332427979 2.1500000953674316 1.75 1.7599999904632568 1.6499999761581421 1.0700000524520874 0.5899999737739563 0.20999999344348907 0.20999999344348907 0 0 0
 7.2100000381469727 10.020000457763672 11.75 13.079999923706055 14.640000343322754 14.689999580383301 12.899999618530273 12.220000267028809 7.0300002098083496 3.5099999904632568 2.3299999237060547 1.9500000476837158 1.6299999952316284 1.4700000286102295 1.0299999713897705 0.63999998569488525 0.37999999523162842 0.15999999642372131 0 0 0 0
 6.440000057220459 9.130000114440918 9.4700002670288086 9.7100000381469727 9.9700002670288086 10.170000076293945 9.869999885559082 7.9800000190734863 5.690000057220459 4.570000171661377 3.6400001049041748 2.7100000381469727 1.8799999952316284 1.5700000524520874 1.0499999523162842 0.69999998807907104 0.34999999403953552 0.079999998211860657 0 0 0 0
 6.5199999809265137 7.1700000762939453 7.5100002288818359 7.4600000381469727 7.4499998092651367 8.0799999237060547 7.440000057220459 6.6100001335144043 6.3600001335144043 6.2100000381469727 5.3899998664855957 4.190000057220459 3.0399999618530273 1.7799999713897705 0.93999999761581421 0.40999999642372131 0.18000000715255737 0 0 0 0 0
 5.6700000762939453 5.809999942779541 6.1399998664855957 6.1599998474121094 6.0199999809265137 6.369999885559082 6.4600000381469727 6.7100000381469727 7.3899998664855957 7.369999885559082 6.4499998092651367 5.9800000190734863 3.5499999523162842 1.5499999523162842 0.68000000715255737 0.25999999046325684 0.039999999105930328 0 0 0 0 0
 4.690000057220459 5.0799999237060547 4.940000057220459 4.929999828338623 5.440000057220459 5.809999942779541 6.0900001525878906 6.9800000190734863 7.75 8.0299997329711914 8.0100002288818359 5.4000000953674316 3.190000057220459 1.4199999570846558 0.31999999284744263 0.10000000149011612 0 0 0 0 0 0
 4.4200000762939453 4.2800002098083496 3.869999885559082 4.0999999046325684 4.619999885559082 5.1399998664855957 5.3899998664855957 5.9099998474121094 6.869999885559082 7.8600001335144043 5.619999885559082 5.5199999809265137 3.4600000381469727 1.0800000429153442 0.14000000059604645 0 0 0 0 0 0 0
 3.6700000762939453 3.2100000381469727 3.309999942779541 3.6800000667572021 4.2699999809265137 4.4800000190734863 4.559999942779541 5.0500001907348633 5.929999828338623 5.1399998664855957 5.2800002098083496 4.880000114440918 2.7599999904632568 0.2800000011920929 0 0 0 0 0 0 0 0
 2.6800000667572021 2.4000000953674316 2.5799999237060547 3.3199999332427979 3.940000057220459 3.869999885559082 3.7599999904632568 3.5 3.619999885559082 3.5899999141693115 3.880000114440918 3.2799999713897705 0.75 0.11999999731779099 0 0 0 0 0 0 0 0
 2.2300000190734863 2.4900000095367432 2.7000000476837158 3.0299999713897705 3.5 3.2400000095367432 2.7300000190734863 2.5199999809265137 2.4000000953674316 2.3599998950958252 2.369999885559082 0.6600000262260437 0.15999999642372131 0 0 0 0 0 0 0 0 0
 1.9900000095367432 2.3499999046325684 2.5 2.440000057220459 2.5399999618530273 2.3599998950958252 2.1800000667572021 1.6000000238418579 1.5399999618530273 1.4700000286102295 0.55000001192092896 0.25 0.20000000298023224 0.20000000298023224 0.070000000298023224 0 0 0 0 0 0 0
 1.9700000286102295 1.9700000286102295 1.9500000476837158 1.8999999761581421 1.6499999761581421 1.5299999713897705 1.4800000190734863 0.9100000262260437 0.8399999737739563 0.41999998688697815 0.18999999761581421 0.15999999642372131 0.23000000417232513 0.23999999463558197 0 0 0 0 0 0 0 0
 1.7100000381469727 1.6599999666213989 1.2000000476837158 1.1499999761581421 0.97000002861022949 0.87999999523162842 0.70999997854232788 0.34000000357627869 0.18999999761581421 0.019999999552965164 0.0099999997764825821 0.039999999105930328 0 0 0 0 0 0 0 0 0 0
 1.3999999761581421 1.0099999904632568 0.93000000715255737 0.64999997615814209 0.50999999046325684 0.41999998688697815 0.23000000417232513 0.10999999940395355 0 0 0 0 0 0 0 0 0 0 0 0 0 0
 0.94999998807907104 0.68999999761581421 0.49000000953674316 0.34999999403953552 0.18999999761581421 0.019999999552965164 0 0 0 0 0 0 0 0 0 0 0 0 0 0 0 1.0199999809265137
 0.67000001668930054 0.40999999642372131 0.18000000715255737 0 0 0 0 0 0 0 0 0 0 0 0 0 0 0 0 0 0.73000001907348633 2.5899999141693115
 0.34999999403953552 0.17000000178813934 0 0 0 0 0 0 0 0 0 0 0 0 0 0 0.05000000074505806 0 0 0.11999999731779099 1.8700000047683716 2.9600000381469727
 0 0 0 0 0 0 0 0 0 0 0 0 0 0 0 0.10999999940395355 0.25999999046325684 0.070000000298023224 0.18999999761581421 1.1399999856948853 2.5 3.3900001049041748
 0 0 0 0 0 0 0 0 0 0 0 0 0 0 0 0.079999998211860657 0.31999999284744263 0.5899999737739563 0.82999998331069946 2.0299999713897705 3.25 3.4600000381469727
