data/rasters/precipitation/NSL_201606012300.ASC
ncols        22
nrows        20
xllcorner    184225.000000000000
yllcorner    383293.000000000000
cellsize     1000.000000000000
NODATA_value  -999
 0.0 0 0 0 0 0 0 0 0 0.38999998569488525 1.0700000524520874 1.8899999856948853 2.6600000858306885 3.0999999046325684 3.4500000476837158 3.8199999332427979 3.7699999809265137 3.7899999618530273 3.690000057220459 3.5299999713897705 0 0
 0 0 0 0 0 0 0 0.20999999344348907 0.25 0.87999999523162842 1.9600000381469727 2.3199999332427979 3.1400001049041748 3.630000114440918 3.8299999237060547 4.0100002288818359 4.2699999809265137 4.309999942779541 3.9900000095367432 0 0 0
 0 0 0 0 0 0 0.15999999642372131 0.30000001192092896 1.0199999809265137 1.5499999523162842 2.3499999046325684 3.0299999713897705 3.5699999332427979 3.9600000381469727 4.2399997711181641 4.369999885559082 4.3299999237060547 4.190000057220459 4.059999942779541 3.5799999237060547 3.4500000476837158 0
 0 0 0 0 0 0.11999999731779099 0.41999998688697815 0.81999999284744263 1.3700000047683716 1.7300000190734863 2.5899999141693115 3.4300000667572021 3.690000057220459 4.0799999237060547 4.380000114440918 4.380000114440918 4.2800002098083496 4.070000171661377 3.6400001049041748 3.4200000762939453 3.1700000762939453 3.2300000190734863
 0 0 0 0 0.20999999344348907 0.40000000596046448 0.87999999523162842 1.1000000238418579 1.559999942779541 2.559999942779541 3.0899999141693115 3.2999999523162842 3.5099999904632568 4.059999942779541 4.3600001335144043 4.3000001907348633 4.0500001907348633 3.7599999904632568 3.5399999618530273 3.3199999332427979 3.0099999904632568 3.0399999618530273
 0 0 0 0.090000003576278687 0.47999998927116394 0.81999999284744263 1.309999942779541 1.7200000286102295 2.6400001049041748 3.2000000476837158 3.2300000190734863 3.3599998950958252 3.7400000095367432 4.2199997901916504 4.2800002098083496 3.6700000762939453 3.630000114440918 3.6099998950958252 3.6099998950958252 3.1600000858306885 2.869999885559082 2.9600000381469727
 0 0 0 0.15999999642372131 0.63999998569488525 1.2599999904632568 1.7699999809265137 2.4600000381469727 2.8900001049041748 3.1500000953674316 3.3199999332427979 3.5899999141693115 4.320000171661377 4.2800002098083496 4.0399999618530273 3.4500000476837158 3.5199999809265137 3.2400000095367432 3.3399999141693115 3.0299999713897705 3.190000057220459 3.0999999046325684
 0 0 0.11999999731779099 0.33000001311302185 0.70999997854232788 1.3500000238418579 1.8899999856948853 2.559999942779541 2.9700000286102295 3.25 3.5199999809265137 3.9900000095367432 4.3299999237060547 3.9500000476837158 3.4700000286102295 3.25 3.3599998950958252 3.1800000667572021 3.0299999713897705 3.0299999713897705 2.9200000762939453 2.630000114440918
 0 0.12999999523162842 0.34000000357627869 0.61000001430511475 0.94999998807907104 1.6100000143051147 2.309999942779541 2.8900001049041748 3.1099998950958252 3.7000000476837158 4.0300002098083496 3.869999885559082 4.0799999237060547 3.5799999237060547 3.5 3.2200000286102295 3.2699999809265137 3.2699999809265137 2.9800000190734863 2.9500000476837158 2.5 2.809999942779541
 0.20000000298023224 0.36000001430511475 0.43000000715255737 0.99000000953674316 1.6100000143051147 2.130000114440918 2.7000000476837158 3.2400000095367432 3.5 4.0900001525878906 4.070000171661377 4.0300002098083496 3.3499999046325684 3.4300000667572021 3.4900000095367432 3.4000000953674316 3.4100000858306885 3.2799999713897705 2.7200000286102295 2.8199999332427979 2.75 2.8199999332427979
 0.18000000715255737 0.5 0.64999997615814209 1.5199999809265137 1.9500000476837158 2.440000057220459 3.0199999809265137 3.380000114440918 3.9600000381469727 4.1700000762939453 4.179999828338623 3.8599998950958252 3.4100000858306885 3.4500000476837158 3.5399999618530273 3.5499999523162842 3.4900000095367432 3.380000114440918 3.1700000762939453 2.9300000667572021 2.809999942779541 2.7300000190734863
 0.40999999642372131 0.67000001668930054 1.2300000190734863 2.130000114440918 2.3299999237060547 2.75 3.0999999046325684 3.9200000762939453 4.3400001525878906 4.0500001907348633 3.7400000095367432 3.8199999332427979 3.4500000476837158 3.4200000762939453 3.369999885559082 3.4000000953674316 3.3900001049041748 3.3199999332427979 3.2100000381469727 3.130000114440918 2.940000057220459 2.809999942779541
 1 1.2599999904632568 1.8799999952316284 2.25 2.7799999713897705 3.2799999713897705 3.619999885559082 4.2800002098083496 3.9800000190734863 3.3399999141693115 3.7699999809265137 3.809999942779541 3.5 3.369999885559082 3.4000000953674316 3.4100000858306885 3.4800000190734863 3.2899999618530273 3.25 3.3199999332427979 3.1700000762939453 2.9200000762939453
 1.5299999713897705 1.8400000333786011 2.1800000667572021 2.4600000381469727 3.2699999809265137 3.5799999237060547 4.0399999618530273 3.9200000762939453 3.3599998950958252 3.5199999809265137 3.8599998950958252 3.940000057220459 3.8299999237060547 3.5199999809265137 3.2999999523162842 3.4200000762939453 3.5799999237060547 3.369999885559082 3.4100000858306885 3.619999885559082 3.4800000190734863 3.5499999523162842
 1.6599999666213989 2.25 2.6099998950958252 3.4100000858306885 3.9700000286102295 4.0500001907348633 4.1100001335144043 3.4600000381469727 3.6700000762939453 3.7899999618530273 3.9600000381469727 3.940000057220459 3.9600000381469727 3.9200000762939453 3.7599999904632568 3.5799999237060547 3.5499999523162842 3.690000057220459 3.6400001049041748 3.8900001049041748 3.8199999332427979 3.9200000762939453
 2.0699999332427979 2.7999999523162842 3.3399999141693115 4.0399999618530273 4.3000001907348633 4.320000171661377 3.809999942779541 3.5899999141693115 3.9500000476837158 3.9900000095367432 3.7200000286102295 3.7100000381469727 4.1599998474121094 4.130000114440918 3.7300000190734863 3.690000057220459 3.7999999523162842 4.1100001335144043 3.9000000953674316 4.3499999046325684 4.070000171661377 4.0300002098083496
 2.7699999809265137 3.630000114440918 4.2800002098083496 4.5900001525878906 3.9800000190734863 3.619999885559082 3.7899999618530273 3.9100000858306885 4.059999942779541 4.059999942779541 3.7599999904632568 3.690000057220459 3.6800000667572021 3.6600000858306885 3.7999999523162842 4.119999885559082 4.309999942779541 4.4499998092651367 4.3299999237060547 4.7699999809265137 4.4699997901916504 4.5300002098083496
 3.630000114440918 3.9700000286102295 4.2399997711181641 3.9700000286102295 3.75 3.9900000095367432 4.0300002098083496 3.9200000762939453 4.0999999046325684 3.8599998950958252 3.880000114440918 3.9200000762939453 4.0399999618530273 4.0500001907348633 4.2100000381469727 4.4499998092651367 4.5300002098083496 4.8899998664855957 4.9800000190734863 4.9699997901916504 5.0999999046325684 5.1599998474121094
 4.4499998092651367 4.2300000190734863 3.8900001049041748 3.6500000953674316 4.0199999809265137 4.0199999809265137 4.059999942779541 4.0300002098083496 4.1399998664855957 3.9500000476837158 4.119999885559082 4.369999885559082 4.3400001525878906 4.3899998664855957 4.690000057220459 4.4099998474121094 4.6399998664855957 5.2399997711181641 5.3600001335144043 5.5199999809265137 5.869999885559082 5.7600002288818359
 4.4600000381469727 3.6700000762939453 3.6500000953674316 3.8499999046325684 4.3299999237060547 4.3600001335144043 4.2600002288818359 4.0999999046325684 3.9600000381469727 4.0799999237060547 4.2600002288818359 4.809999942779541 5.0399999618530273 5.3499999046325684 4.9499998092651367 4.5199999809265137 5.0999999046325684 5.4800000190734863 5.679999828338623 6.1399998664855957 6.5500001907348633 6.5100002288818359
