data/rasters/precipitation/NSL_201606010700.ASC
ncols        22
nrows        20
xllcorner    184225.000000000000
yllcorner    383293.000000000000
cellsize     1000.000000000000
NODATA_value  -999
 0.039999999105930328 0.05000000074505806 0.019999999552965164 0.0099999997764825821 0.019999999552965164 0.039999999105930328 0.059999998658895493 0.079999998211860657 0.10000000149011612 0.12999999523162842 0.23999999463558197 0.30000001192092896 0.36000001430511475 0.38999998569488525 0.40000000596046448 0.36000001430511475 0.34000000357627869 0.36000001430511475 0.38999998569488525 0.31999999284744263 0 0
 0.05000000074505806 0.05000000074505806 0 0.0099999997764825821 0.029999999329447746 0.05000000074505806 0.070000000298023224 0.10999999940395355 0.12999999523162842 0.20999999344348907 0.44999998807907104 0.4699999988079071 0.56000000238418579 0.5899999737739563 0.60000002384185791 0.62999999523162842 0.68000000715255737 0.73000001907348633 0.62999999523162842 0 0 0
 0.029999999329447746 0.029999999329447746 0 0.0099999997764825821 0.029999999329447746 0.059999998658895493 0.079999998211860657 0.15000000596046448 0.27000001072883606 0.37000000476837158 0.5899999737739563 0.80000001192092896 0.80000001192092896 0.87000000476837158 1.0399999618530273 1.1200000047683716 1.1299999952316284 1.1000000238418579 1.2200000286102295 0.79000002145767212 0.67000001668930054 0
 0.029999999329447746 0 0 0.0099999997764825821 0.029999999329447746 0.059999998658895493 0.10000000149011612 0.12999999523162842 0.37000000476837158 0.56999999284744263 1.0900000333786011 1.309999942779541 1.2200000286102295 1.4199999570846558 1.8500000238418579 1.8400000333786011 1.6399999856948853 1.8300000429153442 1.4700000286102295 1.0900000333786011 0.95999997854232788 0.88999998569488525
 0 0 0 0 0.029999999329447746 0.059999998658895493 0.10000000149011612 0.15000000596046448 0.38999998569488525 1.9199999570846558 2.4800000190734863 2.0899999141693115 1.7999999523162842 1.9500000476837158 2.4300000667572021 2.380000114440918 2.6099998950958252 2.440000057220459 1.9099999666213989 1.3999999761581421 1.5299999713897705 1.5399999618530273
 0 0 0 0 0.019999999552965164 0.059999998658895493 0.10000000149011612 0.15999999642372131 1.190000057220459 2.4000000953674316 2.6800000667572021 2.5499999523162842 2.1800000667572021 2.2000000476837158 2.4100000858306885 2.619999885559082 2.7100000381469727 2.4800000190734863 1.8400000333786011 2.1700000762939453 1.6499999761581421 1.809999942779541
 0 0 0 0 0 0.039999999105930328 0.10000000149011612 0.15999999642372131 0.86000001430511475 3.619999885559082 4.809999942779541 3.1500000953674316 2.7899999618530273 2.4500000476837158 2.5999999046325684 3.25 2.7899999618530273 2.1400001049041748 1.8999999761581421 1.8400000333786011 1.75 1.8899999856948853
 0 0 0 0 0 0.019999999552965164 0.079999998211860657 0.25 2.440000057220459 4.8299999237060547 4.0300002098083496 2.8199999332427979 2.8199999332427979 2.8900001049041748 2.8900001049041748 3.25 2.6099998950958252 2.2799999713897705 1.8700000047683716 1.9299999475479126 2.1400001049041748 1.6399999856948853
 0 0 0 0 0 0 0.41999998688697815 1.6699999570846558 2.5399999618530273 3.5299999713897705 3.3199999332427979 2.9200000762939453 2.75 3.0099999904632568 2.9800000190734863 2.8399999141693115 2.5899999141693115 2.3499999046325684 2.1099998950958252 2.5199999809265137 3.4600000381469727 1.9199999570846558
 0 0 0 0 0 0 1.1799999475479126 2.4600000381469727 3.1800000667572021 3.9200000762939453 3.7300000190734863 3.4500000476837158 2.880000114440918 3.0499999523162842 2.9900000095367432 2.690000057220459 2.7000000476837158 2.440000057220459 2.2200000286102295 3.0199999809265137 3.0399999618530273 1.7899999618530273
 0 0.070000000298023224 0 0 0 0.33000001311302185 1.5800000429153442 2.1500000953674316 2.9900000095367432 3.059999942779541 3.4700000286102295 2.9500000476837158 3.1800000667572021 3.130000114440918 2.8900001049041748 2.7599999904632568 2.7100000381469727 2.5399999618530273 3.1099998950958252 3.75 3.2300000190734863 2.0899999141693115
 0 0 0 0.11999999731779099 0.25 1.190000057220459 1.5299999713897705 2.2400000095367432 2.7799999713897705 2.5799999237060547 1.6599999666213989 2.7400000095367432 3.2100000381469727 3 2.809999942779541 2.7999999523162842 2.7100000381469727 2.8399999141693115 3.8900001049041748 4.6700000762939453 3.6700000762939453 2.75
 0 0 0 0.10999999940395355 1.2899999618530273 1.2799999713897705 1.6499999761581421 1.6599999666213989 2.2599999904632568 2.309999942779541 2.1700000762939453 2.380000114440918 2.809999942779541 2.6600000858306885 2.75 2.7000000476837158 2.5299999713897705 3.1600000858306885 3.9700000286102295 4.0500001907348633 3.5199999809265137 2.4500000476837158
 0 0 0.70999997854232788 0.5899999737739563 1.2300000190734863 1.0399999618530273 1.690000057220459 1.1200000047683716 1.7100000381469727 1.9299999475479126 1.8400000333786011 1.7699999809265137 2.4600000381469727 2.5499999523162842 2.6099998950958252 2.619999885559082 2.4900000095367432 3.1099998950958252 3.75 3.7899999618530273 2.5399999618530273 3.25
 0 0.75 1.2599999904632568 1.8600000143051147 0.86000001430511475 1.0199999809265137 1.559999942779541 2.0899999141693115 2.5799999237060547 2.5899999141693115 2.2300000190734863 1.9600000381469727 2.2899999618530273 2.309999942779541 2.4200000762939453 2.559999942779541 2.630000114440918 3.5799999237060547 3.2599999904632568 2.5699999332427979 2.9900000095367432 4.25
 0.47999998927116394 0.8399999737739563 0.92000001668930054 0.68999999761581421 0.69999998807907104 1.3200000524520874 2.0699999332427979 2.5499999523162842 2.7999999523162842 2.5999999046325684 2.130000114440918 1.8700000047683716 2.1700000762939453 2.2699999809265137 2.2200000286102295 2.3399999141693115 3.369999885559082 3.9700000286102295 3.4500000476837158 2.9300000667572021 4.2199997901916504 4.1999998092651367
 0.81999999284744263 0.87999999523162842 0.76999998092651367 0.62999999523162842 1 1.559999942779541 2.2200000286102295 2.6700000762939453 2.6700000762939453 2.2200000286102295 0.95999997854232788 0.87999999523162842 0.43000000715255737 1.5499999523162842 1.9099999666213989 2.7799999713897705 4.070000171661377 4.2699999809265137 2.9200000762939453 3.75 4.179999828338623 4.4699997901916504
 0.77999997138977051 0.81999999284744263 0.87000000476837158 0.87000000476837158 1.2799999713897705 1.7100000381469727 1.8799999952316284 2.3199999332427979 2.5299999713897705 1.6599999666213989 0.11999999731779099 0 0.17000000178813934 0.2800000011920929 1.0099999904632568 3.5699999332427979 3.630000114440918 3.309999942779541 3.2599999904632568 3.8399999141693115 4.9600000381469727 3.630000114440918
 0.54000002145767212 0.81000000238418579 1.0099999904632568 1.3200000524520874 1.440000057220459 1.5199999809265137 2.1700000762939453 2.1700000762939453 2.1400001049041748 1.4199999570846558 0.10999999940395355 0 0 0.090000003576278687 1.5700000524520874 3.4700000286102295 3.869999885559082 2.8299999237060547 3.7799999713897705 5.1100001335144043 6.619999885559082 6.690000057220459
 0.74000000953674316 1.2000000476837158 1.440000057220459 1.5299999713897705 1.7799999713897705 2.2599999904632568 2.309999942779541 2.0299999713897705 1.7999999523162842 0.34000000357627869 0 0 0 0.77999997138977051 3.190000057220459 3.4100000858306885 2.2999999523162842 3.130000114440918 4.3600001335144043 6.7600002288818359 8.6000003814697266 8.2899999618530273
