data/rasters/precipitation/NSL_201606011800.ASC
ncols        22
nrows        20
xllcorner    184225.000000000000
yllcorner    383293.000000000000
cellsize     1000.000000000000
NODATA_value  -999
 0.019999999552965164 0.019999999552965164 0.019999999552965164 0.019999999552965164 0.019999999552965164 0.019999999552965164 0.029999999329447746 0.039999999105930328 0.05000000074505806 0.070000000298023224 0.090000003576278687 0.10999999940395355 0.14000000059604645 0.17000000178813934 0.20999999344348907 0.25999999046325684 0.31999999284744263 0.38999998569488525 0.4699999988079071 0.56999999284744263 0 0
 0.029999999329447746 0.019999999552965164 0.019999999552965164 0.019999999552965164 0.019999999552965164 0.029999999329447746 0.029999999329447746 0.039999999105930328 0.059999998658895493 0.070000000298023224 0.090000003576278687 0.11999999731779099 0.15000000596046448 0.18999999761581421 0.23000000417232513 0.28999999165534973 0.34999999403953552 0.43000000715255737 0.51999998092651367 0 0 0
 0.029999999329447746 0.029999999329447746 0.019999999552965164 0.019999999552965164 0.029999999329447746 0.029999999329447746 0.039999999105930328 0.05000000074505806 0.059999998658895493 0.079999998211860657 0.10000000149011612 0.12999999523162842 0.15999999642372131 0.20000000298023224 0.25 0.30000001192092896 0.37000000476837158 0.44999998807907104 0.54000002145767212 0.64999997615814209 1.1299999952316284 0
 0.029999999329447746 0.029999999329447746 0.029999999329447746 0.029999999329447746 0.029999999329447746 0.029999999329447746 0.039999999105930328 0.05000000074505806 0.059999998658895493 0.079999998211860657 0.10000000149011612 0.12999999523162842 0.15999999642372131 0.20000000298023224 0.25 0.31000000238418579 0.37999999523162842 0.44999998807907104 0.80000001192092896 1.1000000238418579 1.6799999475479126 2
 0.029999999329447746 0.029999999329447746 0.029999999329447746 0.029999999329447746 0.029999999329447746 0.029999999329447746 0.029999999329447746 0.039999999105930328 0.059999998658895493 0.070000000298023224 0.090000003576278687 0.11999999731779099 0.15999999642372131 0.20000000298023224 0.25 0.31000000238418579 0.37000000476837158 0.61000001430511475 1.190000057220459 1.3799999952316284 1.8500000238418579 3.4100000858306885
 0.029999999329447746 0.029999999329447746 0.029999999329447746 0.029999999329447746 0.070000000298023224 0.10000000149011612 0.14000000059604645 0.05000000074505806 0.11999999731779099 0.070000000298023224 0.090000003576278687 0.14000000059604645 0.15000000596046448 0.18999999761581421 0.23999999463558197 0.31000000238418579 0.62000000476837158 0.47999998927116394 1.2599999904632568 2.440000057220459 3.3900001049041748 3.7599999904632568
 0.029999999329447746 0.079999998211860657 0.029999999329447746 0.039999999105930328 0.25999999046325684 0.44999998807907104 0.51999998092651367 0.6600000262260437 0.56999999284744263 0.44999998807907104 0.49000000953674316 0.34999999403953552 0.12999999523162842 0.17000000178813934 0.57999998331069946 0.31999999284744263 0.47999998927116394 0.40000000596046448 0.68999999761581421 3.0499999523162842 3.3199999332427979 4.179999828338623
 0.029999999329447746 0.029999999329447746 0.090000003576278687 0.23999999463558197 0.41999998688697815 0.68000000715255737 1.0399999618530273 1.3899999856948853 0.89999997615814209 0.61000001430511475 0.090000003576278687 0.079999998211860657 0.10999999940395355 0.15000000596046448 0.28999999165534973 0.47999998927116394 0.34000000357627869 0.47999998927116394 1.309999942779541 2.619999885559082 3.9500000476837158 3.4500000476837158
 0.18000000715255737 0.20000000298023224 0.17000000178813934 0.31999999284744263 0.55000001192092896 1.440000057220459 2.2300000190734863 1.6100000143051147 0.82999998331069946 0.05000000074505806 0.039999999105930328 0.059999998658895493 0.090000003576278687 0.12999999523162842 0.4699999988079071 0.63999998569488525 0.49000000953674316 0.9100000262260437 1.3999999761581421 2.4800000190734863 3.1500000953674316 3.309999942779541
 0.2800000011920929 0.27000001072883606 0.27000001072883606 1.1399999856948853 2.1099998950958252 2.6400001049041748 2.9500000476837158 2.2200000286102295 1.0700000524520874 0.62000000476837158 0.019999999552965164 0.039999999105930328 0.059999998658895493 0.41999998688697815 0.15999999642372131 0.2199999988079071 0.2800000011920929 0.75 1.190000057220459 2.0799999237060547 3.190000057220459 3.5799999237060547
 0.41999998688697815 1.0900000333786011 1.25 3.309999942779541 3.7599999904632568 3.8399999141693115 3.4100000858306885 2.2599999904632568 1.5800000429153442 0.93000000715255737 0.69999998807907104 0.019999999552965164 0.029999999329447746 0.070000000298023224 0.14000000059604645 0.20999999344348907 0.27000001072883606 0.56000000238418579 1.1000000238418579 2.0899999141693115 2.7300000190734863 3.1500000953674316
 1.0299999713897705 1.5399999618530273 2.9000000953674316 6.5500001907348633 6.1500000953674316 4 3.6400001049041748 1.7699999809265137 1.1499999761581421 0.92000001668930054 0.62000000476837158 0.4699999988079071 0.10000000149011612 0.059999998658895493 0.14000000059604645 0.31999999284744263 0.43000000715255737 1.190000057220459 1.6299999952316284 1.8200000524520874 1.9800000190734863 2.5699999332427979
 2.7999999523162842 3.2100000381469727 5.9099998474121094 6.3000001907348633 5.9699997901916504 3.5899999141693115 2.690000057220459 1.6000000238418579 1.5800000429153442 1.6000000238418579 0.5 0.37999999523162842 0.18000000715255737 0.090000003576278687 0.15000000596046448 0.41999998688697815 0.86000001430511475 1.2599999904632568 1.6000000238418579 1.6499999761581421 1.8200000524520874 2.309999942779541
 6.2300000190734863 6.9800000190734863 6.7600002288818359 7.2699999809265137 5.440000057220459 3.9900000095367432 2.5099999904632568 2.4000000953674316 2.5299999713897705 1.5299999713897705 0.52999997138977051 0.33000001311302185 0.28999999165534973 0.2800000011920929 0.28999999165534973 0.47999998927116394 0.81999999284744263 1.1000000238418579 1.190000057220459 1.4800000190734863 1.7699999809265137 1.9500000476837158
 6.429999828338623 6.75 7.4099998474121094 6.8299999237060547 3.9900000095367432 4.119999885559082 3.630000114440918 3.2100000381469727 2.5399999618530273 1.440000057220459 0.75999999046325684 0.28999999165534973 0.18999999761581421 0.2199999988079071 0.30000001192092896 0.4699999988079071 0.79000002145767212 1.0700000524520874 1.0700000524520874 1.2300000190734863 1.2300000190734863 1.3600000143051147
 6.9600000381469727 7.2800002098083496 6.7300000190734863 5.0199999809265137 4.4099998474121094 4.429999828338623 4.369999885559082 3.4000000953674316 1.8899999856948853 1.2899999618530273 1.0399999618530273 0.87000000476837158 0.62000000476837158 0.57999998331069946 0.60000002384185791 0.61000001430511475 0.77999997138977051 0.88999998569488525 1.0700000524520874 0.81000000238418579 0.86000001430511475 1.2000000476837158
 8.869999885559082 8.2799997329711914 7.190000057220459 5.5399999618530273 4.6599998474121094 4.5999999046325684 3.9300000667572021 2.8599998950958252 1.4299999475479126 0.88999998569488525 1.0499999523162842 1.0399999618530273 0.76999998092651367 0.99000000953674316 0.79000002145767212 0.70999997854232788 0.63999998569488525 0.79000002145767212 0.9100000262260437 0.68000000715255737 0.75 1.1699999570846558
 9.4499998092651367 8.5399999618530273 7.1399998664855957 6.0500001907348633 5.0100002288818359 4.25 3.7699999809265137 2.5399999618530273 1.3400000333786011 1 0.87000000476837158 0.68000000715255737 0.80000001192092896 1.1799999475479126 1.1699999570846558 0.62000000476837158 0.57999998331069946 0.68000000715255737 0.68000000715255737 0.86000001430511475 0.81999999284744263 1.4199999570846558
 9.0799999237060547 8.3299999237060547 6.179999828338623 6.6100001335144043 5.9000000953674316 5.4000000953674316 3.7300000190734863 2.119999885559082 1.3500000238418579 1.190000057220459 0.9100000262260437 0.63999998569488525 0.81000000238418579 0.99000000953674316 0.5899999737739563 0.33000001311302185 0.41999998688697815 0.51999998092651367 0.63999998569488525 0.81999999284744263 1.0800000429153442 1.3700000047683716
 9.5 8.5 7.4000000953674316 6.429999828338623 5.2800002098083496 4.1999998092651367 2.7400000095367432 1.9299999475479126 1.5099999904632568 1.1399999856948853 0.99000000953674316 0.75999999046325684 0.57999998331069946 0.43999999761581421 0.25 0.31999999284744263 0.41999998688697815 0.54000002145767212 0.67000001668930054 0.89999997615814209 1.3999999761581421 1.7000000476837158
