data/rasters/precipitation/NSL_201606021600.ASC
ncols        22
nrows        20
xllcorner    184225.000000000000
yllcorner    383293.000000000000
cellsize     1000.000000000000
NODATA_value  -999
 0.64999997615814209 0.86000001430511475 1.0900000333786011 1.2999999523162842 1.3500000238418579 1.3400000333786011 1.2799999713897705 1.3400000333786011 1.3300000429153442 1.7200000286102295 2.0499999523162842 2.5199999809265137 2.75 2.7699999809265137 2.7000000476837158 2.5099999904632568 2.6700000762939453 3.1600000858306885 3.690000057220459 3.8900001049041748 0 0
 0.62999999523162842 0.81999999284744263 0.93999999761581421 1.1000000238418579 1.1299999952316284 1.2300000190734863 1.2899999618530273 1.4199999570846558 1.440000057220459 1.9199999570846558 2.2699999809265137 2.4800000190734863 2.7400000095367432 2.7100000381469727 2.5399999618530273 2.369999885559082 2.6500000953674316 2.9100000858306885 2.9800000190734863 0 0 0
 0.5899999737739563 0.73000001907348633 0.79000002145767212 0.95999997854232788 1.0900000333786011 1.1599999666213989 1.2999999523162842 1.3300000429153442 1.6100000143051147 1.9299999475479126 2.2400000095367432 2.5899999141693115 2.6800000667572021 2.4800000190734863 2.2300000190734863 2.1400001049041748 2.25 2.2899999618530273 2.5199999809265137 2.9300000667572021 3.1700000762939453 0
 0.54000002145767212 0.63999998569488525 0.79000002145767212 0.9100000262260437 1.0700000524520874 1.0900000333786011 1.1799999475479126 1.3999999761581421 1.75 1.9099999666213989 2.369999885559082 2.630000114440918 2.440000057220459 2.1099998950958252 1.809999942779541 1.75 1.8899999856948853 2.0099999904632568 2.1099998950958252 2.5 2.8199999332427979 2.2799999713897705
 0.54000002145767212 0.64999997615814209 0.75 0.9100000262260437 0.93999999761581421 1.0499999523162842 1.2200000286102295 1.3700000047683716 1.7699999809265137 2.380000114440918 2.5999999046325684 2.4700000286102295 2.2000000476837158 1.8600000143051147 1.5499999523162842 1.5 1.6399999856948853 1.5900000333786011 1.7000000476837158 2 1.9299999475479126 1.7100000381469727
 0.50999999046325684 0.60000002384185791 0.69999998807907104 0.76999998092651367 0.82999998331069946 0.95999997854232788 1.1699999570846558 1.4299999475479126 2.0499999523162842 2.3900001049041748 2.369999885559082 2.2599999904632568 1.9600000381469727 1.5900000333786011 1.3700000047683716 1.3400000333786011 1.3200000524520874 1.2300000190734863 1.3600000143051147 1.2000000476837158 1.2400000095367432 1.3799999952316284
 0.44999998807907104 0.50999999046325684 0.56999999284744263 0.63999998569488525 0.74000000953674316 0.87000000476837158 1.1200000047683716 1.6699999570846558 2.1600000858306885 2.2899999618530273 2.2899999618530273 1.9299999475479126 1.6100000143051147 1.4099999666213989 1.2200000286102295 1.2300000190734863 1.1200000047683716 0.85000002384185791 0.88999998569488525 0.94999998807907104 0.94999998807907104 1.2100000381469727
 0.38999998569488525 0.40999999642372131 0.44999998807907104 0.55000001192092896 0.62999999523162842 0.75 1.0199999809265137 1.5700000524520874 2.1099998950958252 2.2100000381469727 1.8400000333786011 1.6499999761581421 1.5 1.2200000286102295 1.1699999570846558 1.1100000143051147 0.85000002384185791 0.67000001668930054 0.60000002384185791 0.80000001192092896 0.82999998331069946 1.0199999809265137
 0.34000000357627869 0.37999999523162842 0.40000000596046448 0.49000000953674316 0.57999998331069946 0.80000001192092896 1.2400000095367432 1.4700000286102295 1.7599999904632568 1.7899999618530273 1.75 1.440000057220459 1.2100000381469727 1.0900000333786011 1.1299999952316284 0.94999998807907104 0.70999997854232788 0.60000002384185791 0.50999999046325684 0.60000002384185791 0.85000002384185791 0.87000000476837158
 0.36000001430511475 0.37000000476837158 0.36000001430511475 0.47999998927116394 0.56999999284744263 0.88999998569488525 1.0199999809265137 1.440000057220459 1.559999942779541 1.6299999952316284 1.5299999713897705 1.2699999809265137 1.0099999904632568 1.0499999523162842 1.0399999618530273 0.85000002384185791 0.61000001430511475 0.5 0.36000001430511475 0.52999997138977051 0.62000000476837158 0.75
 0.34000000357627869 0.37000000476837158 0.36000001430511475 0.55000001192092896 0.57999998331069946 0.70999997854232788 0.98000001907348633 1.2200000286102295 1.4199999570846558 1.2699999809265137 1.1699999570846558 0.93999999761581421 0.95999997854232788 1.059999942779541 0.93999999761581421 0.70999997854232788 0.54000002145767212 0.40000000596046448 0.41999998688697815 0.4699999988079071 0.60000002384185791 0.62999999523162842
 0.31000000238418579 0.37000000476837158 0.43000000715255737 0.5 0.56000000238418579 0.77999997138977051 0.87999999523162842 1.1499999761581421 1.1499999761581421 1.1100000143051147 0.86000001430511475 0.86000001430511475 0.89999997615814209 0.89999997615814209 0.79000002145767212 0.62000000476837158 0.43000000715255737 0.34000000357627869 0.40000000596046448 0.43999999761581421 0.50999999046325684 0.57999998331069946
 0.37999999523162842 0.43000000715255737 0.40000000596046448 0.4699999988079071 0.57999998331069946 0.75999999046325684 0.85000002384185791 1 1.0099999904632568 0.89999997615814209 0.72000002861022949 0.77999997138977051 0.77999997138977051 0.69999998807907104 0.62000000476837158 0.43999999761581421 0.31999999284744263 0.30000001192092896 0.33000001311302185 0.37999999523162842 0.4699999988079071 0.44999998807907104
 0.41999998688697815 0.4699999988079071 0.44999998807907104 0.43999999761581421 0.56000000238418579 0.68000000715255737 0.75999999046325684 0.9100000262260437 0.87999999523162842 0.76999998092651367 0.68000000715255737 0.69999998807907104 0.64999997615814209 0.50999999046325684 0.38999998569488525 0.30000001192092896 0.27000001072883606 0.25 0.31999999284744263 0.34000000357627869 0.38999998569488525 0.56000000238418579
 0.43000000715255737 0.44999998807907104 0.46000000834465027 0.51999998092651367 0.57999998331069946 0.62000000476837158 0.75 0.82999998331069946 0.79000002145767212 0.62999999523162842 0.60000002384185791 0.54000002145767212 0.47999998927116394 0.46000000834465027 0.33000001311302185 0.31000000238418579 0.30000001192092896 0.31000000238418579 0.31999999284744263 0.33000001311302185 0.46000000834465027 0.72000002861022949
 0.51999998092651367 0.5 0.50999999046325684 0.56000000238418579 0.55000001192092896 0.69999998807907104 0.87999999523162842 0.85000002384185791 0.72000002861022949 0.55000001192092896 0.52999997138977051 0.46000000834465027 0.40999999642372131 0.34999999403953552 0.36000001430511475 0.28999999165534973 0.37999999523162842 0.37000000476837158 0.31000000238418579 0.37999999523162842 0.57999998331069946 0.80000001192092896
 0.63999998569488525 0.60000002384185791 0.5899999737739563 0.61000001430511475 0.69999998807907104 0.81000000238418579 0.82999998331069946 0.79000002145767212 0.63999998569488525 0.49000000953674316 0.5 0.43999999761581421 0.34000000357627869 0.31000000238418579 0.30000001192092896 0.46000000834465027 0.46000000834465027 0.41999998688697815 0.37000000476837158 0.55000001192092896 0.70999997854232788 1.0700000524520874
 0.62000000476837158 0.62000000476837158 0.64999997615814209 0.63999998569488525 0.70999997854232788 0.86000001430511475 0.86000001430511475 0.67000001668930054 0.56000000238418579 0.46000000834465027 0.43000000715255737 0.40000000596046448 0.37000000476837158 0.31999999284744263 0.49000000953674316 0.54000002145767212 0.46000000834465027 0.47999998927116394 0.55000001192092896 0.62000000476837158 0.93999999761581421 1.1299999952316284
 0.63999998569488525 0.63999998569488525 0.64999997615814209 0.68999999761581421 0.69999998807907104 0.69999998807907104 0.68000000715255737 0.50999999046325684 0.43000000715255737 0.44999998807907104 0.38999998569488525 0.34999999403953552 0.38999998569488525 0.40999999642372131 0.57999998331069946 0.55000001192092896 0.56000000238418579 0.60000002384185791 0.62999999523162842 0.81000000238418579 1.1100000143051147 1.2599999904632568
 0.68000000715255737 0.68000000715255737 0.68000000715255737 0.68000000715255737 0.67000001668930054 0.6600000262260437 0.50999999046325684 0.38999998569488525 0.37999999523162842 0.38999998569488525 0.34000000357627869 0.36000001430511475 0.41999998688697815 0.50999999046325684 0.5 0.5899999737739563 0.63999998569488525 0.70999997854232788 0.75999999046325684 1.0299999713897705 1.309999942779541 1.440000057220459
