data/rasters/precipitation/NSL_201606010600.ASC
ncols        22
nrows        20
xllcorner    184225.000000000000
yllcorner    383293.000000000000
cellsize     1000.000000000000
NODATA_value  -999
 0.0 0 0 0 0 0 0 0 0 0 0.0099999997764825821 0 0.029999999329447746 0.070000000298023224 0.23999999463558197 0.44999998807907104 0.55000001192092896 0.68999999761581421 0.93999999761581421 1.1599999666213989 0 0
 0.0099999997764825821 0 0 0 0 0 0 0 0 0 0.05000000074505806 0.05000000074505806 0.090000003576278687 0.15999999642372131 0.31000000238418579 0.52999997138977051 0.9100000262260437 1.0800000429153442 1.0299999713897705 0 0 0
 0 0 0 0 0 0 0 0 0.0099999997764825821 0.039999999105930328 0.059999998658895493 0.090000003576278687 0.14000000059604645 0.2800000011920929 0.52999997138977051 0.87999999523162842 1.2100000381469727 1.3600000143051147 1.559999942779541 1.309999942779541 1.5 0
 0 0 0 0 0 0 0.019999999552965164 0.070000000298023224 0.039999999105930328 0.070000000298023224 0.12999999523162842 0.18999999761581421 0.2199999988079071 0.34000000357627869 0.68000000715255737 0.9100000262260437 0.99000000953674316 1.0900000333786011 1.0199999809265137 1.2899999618530273 1.4700000286102295 1.7100000381469727
 0 0 0 0 0 0.019999999552965164 0.059999998658895493 0.10000000149011612 0.23000000417232513 0.090000003576278687 0.070000000298023224 0.20000000298023224 0.23999999463558197 0.34000000357627869 0.64999997615814209 0.9100000262260437 1.0199999809265137 0.99000000953674316 0.97000002861022949 1.2699999809265137 1.1599999666213989 1.25
 0 0 0 0 0.019999999552965164 0.059999998658895493 0.11999999731779099 0.25 0.2800000011920929 0.18999999761581421 0.090000003576278687 0.15999999642372131 0.23000000417232513 0.43999999761581421 0.60000002384185791 0.8399999737739563 0.82999998331069946 0.88999998569488525 0.87000000476837158 0.80000001192092896 0.8399999737739563 0.93999999761581421
 0 0 0.029999999329447746 0.039999999105930328 0.05000000074505806 0.10000000149011612 0.20000000298023224 0.51999998092651367 0.56000000238418579 0.30000001192092896 0 0.15000000596046448 0.34000000357627869 0.51999998092651367 0.57999998331069946 0.55000001192092896 0.64999997615814209 0.62999999523162842 0.74000000953674316 0.40999999642372131 0.68999999761581421 0.86000001430511475
 0.029999999329447746 0.059999998658895493 0.079999998211860657 0.05000000074505806 0.059999998658895493 0 0 0.62000000476837158 0.33000001311302185 0.17000000178813934 0.18999999761581421 0.27000001072883606 0.37000000476837158 0.50999999046325684 0.52999997138977051 0.36000001430511475 0.41999998688697815 0.43999999761581421 0.23999999463558197 0.36000001430511475 0.25 0.80000001192092896
 0.090000003576278687 0.15000000596046448 0.070000000298023224 0 0 0 0 0.41999998688697815 0.25 0.15999999642372131 0.23000000417232513 0.25 0.25999999046325684 0.47999998927116394 0.43000000715255737 0.34999999403953552 0.31999999284744263 0.31999999284744263 0.17000000178813934 0.18000000715255737 0.25999999046325684 0.88999998569488525
 0.15999999642372131 0.14000000059604645 0 0 0 0 0 0.34000000357627869 0.2199999988079071 0.25999999046325684 0.28999999165534973 0.23999999463558197 0.31999999284744263 0.25999999046325684 0.20999999344348907 0.2199999988079071 0.20999999344348907 0.20999999344348907 0.18000000715255737 0.17000000178813934 0.25 0.99000000953674316
 0.17000000178813934 0 0 0 0 0 0 0.31999999284744263 0.34999999403953552 0.51999998092651367 0.14000000059604645 0.18999999761581421 0.14000000059604645 0.12999999523162842 0.10999999940395355 0.14000000059604645 0.11999999731779099 0.10999999940395355 0.15000000596046448 0.20000000298023224 0.37000000476837158 0.49000000953674316
 0 0 0 0 0 0 0 0.36000001430511475 0.5 0.6600000262260437 0.97000002861022949 0.41999998688697815 0.10000000149011612 0.11999999731779099 0.090000003576278687 0.10999999940395355 0.10999999940395355 0.11999999731779099 0.18000000715255737 0.23999999463558197 0.37000000476837158 0.55000001192092896
 0 0 0 0 0 0 0 0.75 0.70999997854232788 0.68999999761581421 0.51999998092651367 0.46000000834465027 0.070000000298023224 0.10999999940395355 0.10000000149011612 0.10000000149011612 0.10999999940395355 0.15999999642372131 0.20000000298023224 0.33000001311302185 0.40999999642372131 0.56000000238418579
 0 0 0 0 0 0 0 0.98000001907348633 0.82999998331069946 0.69999998807907104 0.63999998569488525 0.62000000476837158 0.05000000074505806 0.070000000298023224 0.090000003576278687 0.12999999523162842 0.15000000596046448 0.18999999761581421 0.28999999165534973 0.40999999642372131 0.50999999046325684 0.93000000715255737
 0 0 0 0 0 0 0 0 0.0099999997764825821 0.0099999997764825821 0.0099999997764825821 0.019999999552965164 0.029999999329447746 0.05000000074505806 0.10000000149011612 0.17000000178813934 0.20999999344348907 0.23000000417232513 0.31999999284744263 0.57999998331069946 0.89999997615814209 1.2699999809265137
 0 0 0 0 0 0 0 0 0.0099999997764825821 0.0099999997764825821 0.0099999997764825821 0.019999999552965164 0.029999999329447746 0.10000000149011612 0.18000000715255737 0.23000000417232513 0.25 0.31999999284744263 0.37999999523162842 0.75999999046325684 1.0800000429153442 1.4299999475479126
 0 0 0 0 0 0 0 0 0 0.0099999997764825821 0.74000000953674316 0.69999998807907104 0.93999999761581421 0.10999999940395355 0.20999999344348907 0.28999999165534973 0.28999999165534973 0.36000001430511475 0.54000002145767212 0.8399999737739563 1.2699999809265137 1.8999999761581421
 0 0 0 0 0 0 0 0 0 0.0099999997764825821 0.82999998331069946 0.87000000476837158 0.87000000476837158 0.75999999046325684 0.89999997615814209 0.25999999046325684 0.86000001430511475 0.43000000715255737 0.63999998569488525 0.87999999523162842 1.5499999523162842 3.7100000381469727
 0 0 0 0 0 0 0 0 0 0 0.81000000238418579 0.97000002861022949 1.1599999666213989 1.2300000190734863 1.190000057220459 0.99000000953674316 0.2800000011920929 0.38999998569488525 0.62999999523162842 0.88999998569488525 1.3400000333786011 1.7300000190734863
 0 0 0 0 0 0 0 0 0 0.75 0.93999999761581421 1.0800000429153442 1.2999999523162842 1.5700000524520874 1.1200000047683716 1.1299999952316284 0.93000000715255737 0.36000001430511475 0.56999999284744263 0.8399999737739563 1.0099999904632568 1.2799999713897705
