data/rasters/evap/evaporation_20000101.ASC
NCOLS                  300
NROWS                  325
XLLCORNER       0.0000000E+00
YLLCORNER        300000.0
CELLSIZE         1000.000
NODATA_VALUE    0.0000000E+00
[rows 216 to 239 of 325, columns 55 to 109 of 300]
0.2120589 0.2094944 0.2069356 0.2043831 0.2018378 0.1993002 0.1967713 0.1942517 0.1917421 0.1892435 0.1867566 0.1842823 0.1818216 0.1793755 0.1769449 0.1745309 0.1721346 0.1697572 0.1673999 0.1650639 0.1627504 0.1604607 0.1581962 0.1559581 0.1537477 0.1515664 0.1494153 0.1472958 0.1452091 0.1431564 0.1411388 0.1391573 0.1372130 0.1353067 0.1334394 0.1316118 0.1298245 0.1280781 0.1263732 0.1247101 0.1230891 0.1215106 0.1199746 0.1184812 0.1170304 0.1156222 0.1142565 0.1129329 0.1116514 0.1104115 0.1092130 0.1080556 0.1069387 0.1058619 0.1048248
0.2106110 0.2080528 0.2055013 0.2029573 0.2004213 0.1978943 0.1953768 0.1928696 0.1903735 0.1878893 0.1854178 0.1829599 0.1805164 0.1780883 0.1756766 0.1732823 0.1709065 0.1685502 0.1662146 0.1639009 0.1616102 0.1593438 0.1571029 0.1548887 0.1527024 0.1505453 0.1484186 0.1463235 0.1442611 0.1422326 0.1402390 0.1382813 0.1363604 0.1344773 0.1326328 0.1308275 0.1290621 0.1273372 0.1256533 0.1240107 0.1224099 0.1208509 0.1193340 0.1178592 0.1164266 0.1150361 0.1136877 0.1123811 0.1111161 0.1098924 0.1087098 0.1075678 0.1064662 0.1054044 0.1043819
0.2091678 0.2066164 0.2040726 0.2015374 0.1990113 0.1964950 0.1939893 0.1914950 0.1890127 0.1865432 0.1840874 0.1816460 0.1792200 0.1768102 0.1744176 0.1720432 0.1696879 0.1673528 0.1650391 0.1627477 0.1604798 0.1582367 0.1560193 0.1538290 0.1516668 0.1495340 0.1474316 0.1453608 0.1433227 0.1413183 0.1393487 0.1374147 0.1355173 0.1336574 0.1318357 0.1300528 0.1283094 0.1266061 0.1249433 0.1233213 0.1217406 0.1202013 0.1187037 0.1172477 0.1158335 0.1144609 0.1131299 0.1118404 0.1105921 0.1093848 0.1082182 0.1070920 0.1060057 0.1049589 0.1039513
0.2077290 0.2051847 0.2026491 0.2001230 0.1976071 0.1951021 0.1926086 0.1901274 0.1876592 0.1852048 0.1827650 0.1803404 0.1779321 0.1755408 0.1731675 0.1708131 0.1684785 0.1661647 0.1638728 0.1616039 0.1593589 0.1571389 0.1549452 0.1527787 0.1506406 0.1485319 0.1464538 0.1444073 0.1423934 0.1404132 0.1384675 0.1365573 0.1346834 0.1328466 0.1310477 0.1292872 0.1275659 0.1258842 0.1242426 0.1226414 0.1210810 0.1195615 0.1180832 0.1166462 0.1152504 0.1138959 0.1125826 0.1113103 0.1100789 0.1088881 0.1077376 0.1066272 0.1055564 0.1045248 0.1035321
0.2062943 0.2037574 0.2012304 0.1987139 0.1962086 0.1937151 0.1912341 0.1887665 0.1863127 0.1838737 0.1814501 0.1790427 0.1766523 0.1742797 0.1719258 0.1695916 0.1672778 0.1649854 0.1627155 0.1604690 0.1582469 0.1560503 0.1538801 0.1517375 0.1496234 0.1475389 0.1454850 0.1434628 0.1414731 0.1395169 0.1375951 0.1357086 0.1338582 0.1320446 0.1302685 0.1285305 0.1268313 0.1251713 0.1235509 0.1219705 0.1204304 0.1189309 0.1174721 0.1160541 0.1146769 0.1133406 0.1120451 0.1107901 0.1095757 0.1084015 0.1072673 0.1061728 0.1051175 0.1041013 0.1031235
0.2048630 0.2023342 0.1998161 0.1973095 0.1948152 0.1923337 0.1898656 0.1874118 0.1849729 0.1825495 0.1801424 0.1777524 0.1753801 0.1730265 0.1706923 0.1683783 0.1660855 0.1638147 0.1615668 0.1593428 0.1571437 0.1549703 0.1528238 0.1507050 0.1486149 0.1465546 0.1445249 0.1425268 0.1405613 0.1386291 0.1367312 0.1348684 0.1330414 0.1312510 0.1294977 0.1277822 0.1261051 0.1244668 0.1228677 0.1213082 0.1197886 0.1183091 0.1168699 0.1154710 0.1141125 0.1127945 0.1115168 0.1102793 0.1090820 0.1079245 0.1068066 0.1057280 0.1046885 0.1036875 0.1027248
0.2034350 0.2009145 0.1984058 0.1959096 0.1934266 0.1909574 0.1885027 0.1860631 0.1836392 0.1812318 0.1788416 0.1764692 0.1741153 0.1717808 0.1694664 0.1671730 0.1649012 0.1626520 0.1604263 0.1582249 0.1560488 0.1538988 0.1517758 0.1496809 0.1476148 0.1455786 0.1435730 0.1415991 0.1396577 0.1377496 0.1358755 0.1340364 0.1322328 0.1304655 0.1287351 0.1270421 0.1253871 0.1237705 0.1221928 0.1206542 0.1191551 0.1176956 0.1162760 0.1148963 0.1135567 0.1122570 0.1109972 0.1097773 0.1085971 0.1074563 0.1063548 0.1052923 0.1042685 0.1032829 0.1023352
0.2020099 0.1994981 0.1969992 0.1945138 0.1920425 0.1895861 0.1871450 0.1847199 0.1823115 0.1799204 0.1775472 0.1751927 0.1728575 0.1705424 0.1682480 0.1659752 0.1637247 0.1614973 0.1592938 0.1571151 0.1549620 0.1528353 0.1507360 0.1486649 0.1466228 0.1446106 0.1426293 0.1406795 0.1387621 0.1368780 0.1350278 0.1332122 0.1314320 0.1296878 0.1279802 0.1263098 0.1246769 0.1230821 0.1215257 0.1200081 0.1185295 0.1170901 0.1156902 0.1143298 0.1130089 0.1117276 0.1104859 0.1092835 0.1081205 0.1069966 0.1059115 0.1048650 0.1038569 0.1028867 0.1019540
0.2005872 0.1980846 0.1955959 0.1931217 0.1906626 0.1882192 0.1857922 0.1833820 0.1809894 0.1786149 0.1762591 0.1739227 0.1716065 0.1693109 0.1670367 0.1647847 0.1625556 0.1603500 0.1581689 0.1560129 0.1538829 0.1517797 0.1497040 0.1476567 0.1456386 0.1436506 0.1416933 0.1397676 0.1378743 0.1360141 0.1341876 0.1323957 0.1306389 0.1289178 0.1272329 0.1255849 0.1239742 0.1224011 0.1208661 0.1193694 0.1179114 0.1164922 0.1151119 0.1137708 0.1124688 0.1112060 0.1099822 0.1087975 0.1076517 0.1065446 0.1054760 0.1044456 0.1034532 0.1024983 0.1015807
0.1991667 0.1966737 0.1941957 0.1917331 0.1892866 0.1868567 0.1844440 0.1820491 0.1796726 0.1773150 0.1749769 0.1726590 0.1703618 0.1680860 0.1658323 0.1636013 0.1613936 0.1592101 0.1570514 0.1549183 0.1528114 0.1507316 0.1486796 0.1466562 0.1446621 0.1426981 0.1407649 0.1388633 0.1369940 0.1351576 0.1333549 0.1315865 0.1298530 0.1281550 0.1264929 0.1248674 0.1232787 0.1217274 0.1202137 0.1187380 0.1173005 0.1159014 0.1145409 0.1132191 0.1119360 0.1106916 0.1094859 0.1083188 0.1071902 0.1060999 0.1050478 0.1040335 0.1030567 0.1021172 0.1012146
0.1977481 0.1952652 0.1927982 0.1903477 0.1879141 0.1854981 0.1831001 0.1807209 0.1783608 0.1760204 0.1737003 0.1714011 0.1691233 0.1668675 0.1646344 0.1624246 0.1602386 0.1580773 0.1559411 0.1538309 0.1517472 0.1496909 0.1476626 0.1456630 0.1436929 0.1417530 0.1398439 0.1379663 0.1361209 0.1343084 0.1325294 0.1307845 0.1290743 0.1273993 0.1257599 0.1241568 0.1225902 0.1210606 0.1195683 0.1181135 0.1166965 0.1153176 0.1139768 0.1126743 0.1114100 0.1101841 0.1089965 0.1078470 0.1067356 0.1056622 0.1046264 0.1036281 0.1026670 0.1017428 0.1008551
0.1963311 0.1938588 0.1914033 0.1889652 0.1865450 0.1841432 0.1817604 0.1793971 0.1770537 0.1747309 0.1724291 0.1701489 0.1678907 0.1656552 0.1634429 0.1612545 0.1590903 0.1569512 0.1548377 0.1527505 0.1506902 0.1486574 0.1466528 0.1446771 0.1427310 0.1408150 0.1389300 0.1370764 0.1352550 0.1334663 0.1317109 0.1299895 0.1283025 0.1266504 0.1250338 0.1234530 0.1219084 0.1204005 0.1189295 0.1174956 0.1160992 0.1147404 0.1134193 0.1121360 0.1108906 0.1096831 0.1085135 0.1073816 0.1062874 0.1052308 0.1042114 0.1032291 0.1022836 0.1013746 0.1005017
0.1949156 0.1924542 0.1900106 0.1875854 0.1851789 0.1827918 0.1804245 0.1780775 0.1757513 0.1734464 0.1711631 0.1689022 0.1666639 0.1644489 0.1622576 0.1600907 0.1579486 0.1558319 0.1537411 0.1516770 0.1496400 0.1476308 0.1456500 0.1436982 0.1417760 0.1398841 0.1380231 0.1361935 0.1343959 0.1326310 0.1308993 0.1292012 0.1275374 0.1259082 0.1243142 0.1227557 0.1212332 0.1197469 0.1182971 0.1168841 0.1155082 0.1141694 0.1128680 0.1116040 0.1103774 0.1091883 0.1080367 0.1069224 0.1058453 0.1048054 0.1038023 0.1028360 0.1019060 0.1010121 0.1001539
0.1935013 0.1910513 0.1886200 0.1862080 0.1838158 0.1814437 0.1790923 0.1767620 0.1744532 0.1721665 0.1699022 0.1676608 0.1654427 0.1632484 0.1610784 0.1589331 0.1568132 0.1547190 0.1526512 0.1506102 0.1485966 0.1466111 0.1446541 0.1427262 0.1408280 0.1389601 0.1371230 0.1353174 0.1335437 0.1318025 0.1300942 0.1284195 0.1267788 0.1251725 0.1236011 0.1220649 0.1205642 0.1190995 0.1176709 0.1162788 0.1149232 0.1136045 0.1123227 0.1110779 0.1098701 0.1086994 0.1075657 0.1064689 0.1054089 0.1043857 0.1033989 0.1024483 0.1015338 0.1006549 9.9811405E-02
0.1920881 0.1896499 0.1872313 0.1848330 0.1824553 0.1800987 0.1777635 0.1754503 0.1731594 0.1708912 0.1686461 0.1664245 0.1642268 0.1620535 0.1599050 0.1577817 0.1556840 0.1536125 0.1515677 0.1495500 0.1475600 0.1455981 0.1436649 0.1417609 0.1398867 0.1380428 0.1362297 0.1344479 0.1326980 0.1309805 0.1292958 0.1276443 0.1260267 0.1244432 0.1228942 0.1213802 0.1199014 0.1184582 0.1170507 0.1156793 0.1143442 0.1130454 0.1117832 0.1105575 0.1093684 0.1082160 0.1071002 0.1060208 0.1049779 0.1039712 0.1030006 0.1020658 0.1011666 0.1003027 9.9473707E-02
0.1906757 0.1882497 0.1858443 0.1834601 0.1810973 0.1787566 0.1764381 0.1741424 0.1718696 0.1696203 0.1673947 0.1651933 0.1630163 0.1608642 0.1587374 0.1566361 0.1545610 0.1525124 0.1504906 0.1484963 0.1465298 0.1445917 0.1426824 0.1408023 0.1389521 0.1371322 0.1353430 0.1335851 0.1318589 0.1301650 0.1285037 0.1268755 0.1252808 0.1237200 0.1221935 0.1207015 0.1192445 0.1178227 0.1164364 0.1150857 0.1137708 0.1124919 0.1112492 0.1100426 0.1088722 0.1077379 0.1066399 0.1055779 0.1045520 0.1035618 0.1026073 0.1016882 0.1008042 9.9955097E-02 9.9140503E-02
0.1892640 0.1868505 0.1844588 0.1820890 0.1797418 0.1774173 0.1751159 0.1728380 0.1705838 0.1683538 0.1661481 0.1639670 0.1618111 0.1596804 0.1575755 0.1554966 0.1534441 0.1514184 0.1494199 0.1474490 0.1455062 0.1435919 0.1417064 0.1398503 0.1380241 0.1362281 0.1344628 0.1327288 0.1310263 0.1293559 0.1277179 0.1261129 0.1245411 0.1230029 0.1214987 0.1200288 0.1185935 0.1171930 0.1158277 0.1144976 0.1132029 0.1119439 0.1107205 0.1095329 0.1083810 0.1072650 0.1061846 0.1051400 0.1041308 0.1031571 0.1022186 0.1013150 0.1004462 9.9611789E-02 9.8811477E-02
0.1878527 0.1854523 0.1830745 0.1807198 0.1783884 0.1760807 0.1737968 0.1715372 0.1693020 0.1670915 0.1649060 0.1627457 0.1606110 0.1585020 0.1564192 0.1543628 0.1523332 0.1503306 0.1483555 0.1464082 0.1444891 0.1425986 0.1407370 0.1389049 0.1371026 0.1353306 0.1335891 0.1318788 0.1302000 0.1285531 0.1269384 0.1253564 0.1238074 0.1222918 0.1208098 0.1193619 0.1179482 0.1165690 0.1152245 0.1139149 0.1126403 0.1114010 0.1101969 0.1090282 0.1078948 0.1067968 0.1057341 0.1047066 0.1037143 0.1027568 0.1018342 0.1009461 0.1000923 9.9272519E-02 9.8486371E-02
0.1864414 0.1840546 0.1816914 0.1793522 0.1770372 0.1747466 0.1724807 0.1702398 0.1680239 0.1658334 0.1636685 0.1615293 0.1594161 0.1573291 0.1552687 0.1532350 0.1512283 0.1492490 0.1472974 0.1453737 0.1434784 0.1416117 0.1397741 0.1379660 0.1361876 0.1344395 0.1327219 0.1310353 0.1293800 0.1277565 0.1261650 0.1246060 0.1230797 0.1215866 0.1201268 0.1187006 0.1173084 0.1159504 0.1146266 0.1133375 0.1120829 0.1108632 0.1096784 0.1085284 0.1074134 0.1063334 0.1052882 0.1042778 0.1033020 0.1023609 0.1014540 0.1005813 9.9742368E-02 9.8937042E-02 9.8164938E-02
0.1850300 0.1826574 0.1803094 0.1779862 0.1756880 0.1734152 0.1711677 0.1689459 0.1667498 0.1645796 0.1624356 0.1603177 0.1582264 0.1561617 0.1541238 0.1521130 0.1501295 0.1481736 0.1462456 0.1443456 0.1424741 0.1406314 0.1388178 0.1370336 0.1352792 0.1335549 0.1318611 0.1301982 0.1285664 0.1269662 0.1253978 0.1238617 0.1223580 0.1208872 0.1194494 0.1180450 0.1166742 0.1153371 0.1140341 0.1127652 0.1115306 0.1103304 0.1091646 0.1080334 0.1069366 0.1058744 0.1048466 0.1038532 0.1028940 0.1019689 0.1010777 0.1002202 9.9396117E-02 9.8605148E-02 9.7846970E-02
0.1836183 0.1812605 0.1789282 0.1766216 0.1743409 0.1720863 0.1698577 0.1676555 0.1654796 0.1633301 0.1612073 0.1591112 0.1570420 0.1549998 0.1529847 0.1509970 0.1490369 0.1471045 0.1452001 0.1433240 0.1414764 0.1396577 0.1378680 0.1361078 0.1343773 0.1326768 0.1310068 0.1293674 0.1277591 0.1261820 0.1246367 0.1231233 0.1216422 0.1201936 0.1187777 0.1173949 0.1160454 0.1147293 0.1134468 0.1121980 0.1109832 0.1098024 0.1086556 0.1075429 0.1064643 0.1054198 0.1044093 0.1034327 0.1024899 0.1015808 0.1007052 9.9862784E-02 9.9053375E-02 9.8276652E-02 9.7532287E-02
0.1822061 0.1798639 0.1775480 0.1752586 0.1729959 0.1707600 0.1685509 0.1663686 0.1642134 0.1620851 0.1599839 0.1579098 0.1558630 0.1538435 0.1518515 0.1498871 0.1479504 0.1460417 0.1441611 0.1423089 0.1404853 0.1386905 0.1369249 0.1351886 0.1334819 0.1318053 0.1301589 0.1285430 0.1269580 0.1254041 0.1238817 0.1223910 0.1209322 0.1195057 0.1181117 0.1167504 0.1154219 0.1141266 0.1128645 0.1116358 0.1104407 0.1092791 0.1081511 0.1070569 0.1059963 0.1049693 0.1039760 0.1030162 0.1020897 0.1011964 0.1003362 9.9508829E-02 9.8713979E-02 9.7951382E-02 9.7220711E-02
0.1807936 0.1784676 0.1761687 0.1738972 0.1716531 0.1694365 0.1672473 0.1650855 0.1629513 0.1608446 0.1587653 0.1567137 0.1546895 0.1526931 0.1507243 0.1487834 0.1468703 0.1449854 0.1431288 0.1413005 0.1395009 0.1377301 0.1359884 0.1342760 0.1325933 0.1309403 0.1293175 0.1277251 0.1261633 0.1246325 0.1231328 0.1216646 0.1202282 0.1188236 0.1174513 0.1161113 0.1148039 0.1135292 0.1122874 0.1110786 0.1099029 0.1087604 0.1076512 0.1065752 0.1055325 0.1045230 0.1035467 0.1026035 0.1016932 0.1008156 9.9970736E-02 9.9158198E-02 9.8377787E-02 9.7629197E-02 9.6912101E-02
0.1793808 0.1770717 0.1747906 0.1725376 0.1703126 0.1681158 0.1659471 0.1638064 0.1616936 0.1596089 0.1575520 0.1555230 0.1535218 0.1515486 0.1496033 0.1476860 0.1457968 0.1439358 0.1421031 0.1402989 0.1385233 0.1367765 0.1350588 0.1333703 0.1317113 0.1300820 0.1284827 0.1269136 0.1253750 0.1238671 0.1223901 0.1209443 0.1195300 0.1181473 0.1167964 0.1154776 0.1141911 0.1129369 0.1117152 0.1105262 0.1093698 0.1082463 0.1071556 0.1060978 0.1050728 0.1040807 0.1031212 0.1021945 0.1013002 0.1004383 9.9608548E-02 9.8810755E-02 9.8044656E-02 9.7309947E-02 9.6606322E-02
