data/rasters/evap/evaporation_20000110.ASC
NCOLS                  300
NROWS                  325
XLLCORNER       0.0000000E+00
YLLCORNER        300000.0
CELLSIZE         1000.000
NODATA_VALUE    0.0000000E+00
[rows 225 to 249 of 325, columns 55 to 109 of 300]
0.4060733 0.4045720 0.4030994 0.4016558 0.4002410 0.3988550 0.3974977 0.3961690 0.3948688 0.3935967 0.3923526 0.3911360 0.3899466 0.3887840 0.3876478 0.3865375 0.3854525 0.3843924 0.3833564 0.3823441 0.3813548 0.3803878 0.3794424 0.3785179 0.3776136 0.3767288 0.3758628 0.3750147 0.3741837 0.3733692 0.3725702 0.3717861 0.3710159 0.3702590 0.3695144 0.3687813 0.3680591 0.3673467 0.3666435 0.3659487 0.3652614 0.3645809 0.3639065 0.3632373 0.3625726 0.3619118 0.3612541 0.3605989 0.3599454 0.3592933 0.3586417 0.3579903 0.3573385 0.3566858 0.3560320
0.4048763 0.4033718 0.4018964 0.4004503 0.3990335 0.3976457 0.3962870 0.3949571 0.3936559 0.3923830 0.3911382 0.3899212 0.3887315 0.3875687 0.3864323 0.3853219 0.3842369 0.3831767 0.3821407 0.3811284 0.3801390 0.3791718 0.3782263 0.3773016 0.3763972 0.3755121 0.3746457 0.3737971 0.3729657 0.3721507 0.3713512 0.3705664 0.3697955 0.3690379 0.3682925 0.3675587 0.3668357 0.3661225 0.3654185 0.3647229 0.3640349 0.3633536 0.3626784 0.3620086 0.3613433 0.3606820 0.3600238 0.3593682 0.3587145 0.3580621 0.3574106 0.3567592 0.3561075 0.3554552 0.3548018
0.4036689 0.4021614 0.4006837 0.3992355 0.3978170 0.3964278 0.3950680 0.3937374 0.3924356 0.3911624 0.3899174 0.3887003 0.3875107 0.3863482 0.3852121 0.3841020 0.3830173 0.3819575 0.3809220 0.3799100 0.3789209 0.3779541 0.3770089 0.3760844 0.3751801 0.3742952 0.3734288 0.3725803 0.3717488 0.3709337 0.3701340 0.3693490 0.3685779 0.3678199 0.3670743 0.3663401 0.3656166 0.3649032 0.3641988 0.3635028 0.3628144 0.3621328 0.3614574 0.3607873 0.3601219 0.3594605 0.3588024 0.3581469 0.3574935 0.3568415 0.3561904 0.3555396 0.3548889 0.3542375 0.3535853
0.4024511 0.4009412 0.3994613 0.3980115 0.3965916 0.3952015 0.3938410 0.3925099 0.3912080 0.3899348 0.3886901 0.3874735 0.3862844 0.3851224 0.3839871 0.3828778 0.3817939 0.3807350 0.3797002 0.3786890 0.3777007 0.3767347 0.3757901 0.3748664 0.3739627 0.3730783 0.3722124 0.3713643 0.3705332 0.3697183 0.3689189 0.3681341 0.3673631 0.3666053 0.3658596 0.3651255 0.3644021 0.3636886 0.3629843 0.3622884 0.3616001 0.3609186 0.3602434 0.3595735 0.3589084 0.3582474 0.3575898 0.3569350 0.3562823 0.3556312 0.3549812 0.3543317 0.3536824 0.3530327 0.3523824
0.4012230 0.3997110 0.3982294 0.3967782 0.3953573 0.3939666 0.3926059 0.3912748 0.3899731 0.3887005 0.3874565 0.3862407 0.3850526 0.3838917 0.3827575 0.3816494 0.3805668 0.3795091 0.3784756 0.3774657 0.3764786 0.3755138 0.3745703 0.3736476 0.3727449 0.3718615 0.3709965 0.3701492 0.3693188 0.3685047 0.3677059 0.3669217 0.3661512 0.3653939 0.3646488 0.3639151 0.3631921 0.3624791 0.3617752 0.3610797 0.3603919 0.3597110 0.3590364 0.3583672 0.3577029 0.3570427 0.3563861 0.3557324 0.3550810 0.3544313 0.3537829 0.3531353 0.3524880 0.3518406 0.3511929
0.3999849 0.3984709 0.3969879 0.3955357 0.3941143 0.3927234 0.3913628 0.3900322 0.3887312 0.3874595 0.3862166 0.3850021 0.3838155 0.3826561 0.3815235 0.3804171 0.3793362 0.3782802 0.3772484 0.3762401 0.3752547 0.3742914 0.3733495 0.3724284 0.3715270 0.3706450 0.3697812 0.3689352 0.3681060 0.3672929 0.3664951 0.3657119 0.3649424 0.3641859 0.3634416 0.3627088 0.3619867 0.3612745 0.3605714 0.3598768 0.3591899 0.3585100 0.3578363 0.3571683 0.3565051 0.3558463 0.3551911 0.3545390 0.3538893 0.3532417 0.3525954 0.3519502 0.3513055 0.3506610 0.3500165
0.3987367 0.3972210 0.3957369 0.3942841 0.3928625 0.3914719 0.3901118 0.3887821 0.3874823 0.3862120 0.3849707 0.3837580 0.3825732 0.3814159 0.3802853 0.3791810 0.3781022 0.3770483 0.3760187 0.3750125 0.3740292 0.3730679 0.3721280 0.3712087 0.3703092 0.3694288 0.3685668 0.3677223 0.3668947 0.3660831 0.3652867 0.3645048 0.3637366 0.3629814 0.3622384 0.3615068 0.3607858 0.3600748 0.3593730 0.3586797 0.3579940 0.3573155 0.3566432 0.3559767 0.3553152 0.3546581 0.3540047 0.3533547 0.3527072 0.3520620 0.3514184 0.3507760 0.3501346 0.3494936 0.3488529
0.3974783 0.3959613 0.3944764 0.3930234 0.3916020 0.3902120 0.3888530 0.3875247 0.3862265 0.3849581 0.3837189 0.3825084 0.3813260 0.3801711 0.3790431 0.3779413 0.3768651 0.3758138 0.3747867 0.3737831 0.3728022 0.3718433 0.3709058 0.3699888 0.3690915 0.3682133 0.3673533 0.3665108 0.3656851 0.3648753 0.3640807 0.3633006 0.3625341 0.3617805 0.3610390 0.3603090 0.3595897 0.3588802 0.3581800 0.3574882 0.3568043 0.3561274 0.3554570 0.3547924 0.3541329 0.3534779 0.3528269 0.3521792 0.3515345 0.3508921 0.3502516 0.3496127 0.3489749 0.3483379 0.3477015
0.3962094 0.3946915 0.3932063 0.3917536 0.3903329 0.3889441 0.3875866 0.3862601 0.3849641 0.3836980 0.3824614 0.3812536 0.3800740 0.3789220 0.3777970 0.3766983 0.3756251 0.3745768 0.3735527 0.3725520 0.3715740 0.3706180 0.3696832 0.3687688 0.3678742 0.3669985 0.3661409 0.3653008 0.3644773 0.3636698 0.3628773 0.3620992 0.3613347 0.3605832 0.3598437 0.3591156 0.3583981 0.3576906 0.3569923 0.3563025 0.3556206 0.3549458 0.3542776 0.3536152 0.3529581 0.3523056 0.3516573 0.3510125 0.3503708 0.3497317 0.3490947 0.3484596 0.3478259 0.3471934 0.3465619
0.3949300 0.3934116 0.3919266 0.3904746 0.3890552 0.3876680 0.3863126 0.3849885 0.3836951 0.3824319 0.3811983 0.3799937 0.3788175 0.3776689 0.3765473 0.3754520 0.3743823 0.3733375 0.3723168 0.3713195 0.3703448 0.3693920 0.3684604 0.3675491 0.3666574 0.3657846 0.3649298 0.3640924 0.3632716 0.3624665 0.3616766 0.3609009 0.3601388 0.3593895 0.3586523 0.3579265 0.3572112 0.3565060 0.3558100 0.3551225 0.3544429 0.3537706 0.3531048 0.3524450 0.3517906 0.3511410 0.3504957 0.3498542 0.3492159 0.3485804 0.3479474 0.3473164 0.3466872 0.3460596 0.3454333
0.3936397 0.3921215 0.3906372 0.3891865 0.3877690 0.3863840 0.3850312 0.3837100 0.3824198 0.3811600 0.3799300 0.3787291 0.3775567 0.3764120 0.3752944 0.3742030 0.3731372 0.3720963 0.3710794 0.3700858 0.3691149 0.3681657 0.3672375 0.3663297 0.3654414 0.3645718 0.3637202 0.3628858 0.3620679 0.3612658 0.3604786 0.3597057 0.3589462 0.3581996 0.3574650 0.3567417 0.3560291 0.3553264 0.3546329 0.3539481 0.3532711 0.3526015 0.3519386 0.3512817 0.3506304 0.3499840 0.3493420 0.3487040 0.3480694 0.3474379 0.3468091 0.3461827 0.3455583 0.3449358 0.3443150
0.3923383 0.3908210 0.3893382 0.3878894 0.3864743 0.3850922 0.3837425 0.3824248 0.3811384 0.3798826 0.3786567 0.3774601 0.3762919 0.3751516 0.3740383 0.3729514 0.3718899 0.3708533 0.3698407 0.3688513 0.3678844 0.3669392 0.3660150 0.3651109 0.3642263 0.3633603 0.3625121 0.3616812 0.3608665 0.3600676 0.3592835 0.3585137 0.3577572 0.3570135 0.3562818 0.3555614 0.3548516 0.3541517 0.3534611 0.3527792 0.3521052 0.3514386 0.3507788 0.3501251 0.3494771 0.3488342 0.3481958 0.3475616 0.3469311 0.3463039 0.3456796 0.3450579 0.3444386 0.3438215 0.3432064
0.3910258 0.3895102 0.3880295 0.3865834 0.3851714 0.3837928 0.3824469 0.3811333 0.3798512 0.3785999 0.3773787 0.3761868 0.3750235 0.3738880 0.3727796 0.3716975 0.3706409 0.3696090 0.3686010 0.3676162 0.3666537 0.3657129 0.3647929 0.3638930 0.3630123 0.3621503 0.3613059 0.3604786 0.3596676 0.3588722 0.3580915 0.3573250 0.3565718 0.3558313 0.3551027 0.3543854 0.3536788 0.3529820 0.3522946 0.3516158 0.3509451 0.3502817 0.3496253 0.3489751 0.3483306 0.3476914 0.3470569 0.3464268 0.3458005 0.3451777 0.3445581 0.3439415 0.3433275 0.3427159 0.3421068
0.3897021 0.3881890 0.3867114 0.3852687 0.3838604 0.3824860 0.3811446 0.3798358 0.3785586 0.3773124 0.3760964 0.3749098 0.3737518 0.3726217 0.3715186 0.3704417 0.3693903 0.3683636 0.3673606 0.3663808 0.3654231 0.3644870 0.3635716 0.3626761 0.3617998 0.3609419 0.3601017 0.3592784 0.3584713 0.3576796 0.3569026 0.3561397 0.3553900 0.3546530 0.3539279 0.3532140 0.3525107 0.3518173 0.3511333 0.3504578 0.3497905 0.3491307 0.3484778 0.3478313 0.3471906 0.3465554 0.3459250 0.3452991 0.3446773 0.3440592 0.3434445 0.3428330 0.3422243 0.3416185 0.3410153
0.3883675 0.3868577 0.3853839 0.3839454 0.3825417 0.3811722 0.3798360 0.3785325 0.3772609 0.3760203 0.3748101 0.3736293 0.3724772 0.3713529 0.3702556 0.3691844 0.3681387 0.3671174 0.3661200 0.3651454 0.3641929 0.3632619 0.3623514 0.3614607 0.3605890 0.3597356 0.3588998 0.3580807 0.3572777 0.3564900 0.3557170 0.3549579 0.3542120 0.3534787 0.3527572 0.3520470 0.3513473 0.3506575 0.3499770 0.3493052 0.3486416 0.3479854 0.3473364 0.3466937 0.3460570 0.3454258 0.3447997 0.3441782 0.3435610 0.3429477 0.3423380 0.3417317 0.3411286 0.3405285 0.3399313
0.3870222 0.3855167 0.3840475 0.3826140 0.3812157 0.3798517 0.3785214 0.3772239 0.3759585 0.3747242 0.3735203 0.3723459 0.3712001 0.3700821 0.3689910 0.3679260 0.3668863 0.3658710 0.3648793 0.3639104 0.3629634 0.3620377 0.3611324 0.3602468 0.3593801 0.3585314 0.3577003 0.3568857 0.3560871 0.3553037 0.3545348 0.3537798 0.3530379 0.3523085 0.3515909 0.3508844 0.3501885 0.3495025 0.3488258 0.3481579 0.3474980 0.3468458 0.3462006 0.3455620 0.3449295 0.3443025 0.3436808 0.3430639 0.3424513 0.3418429 0.3412383 0.3406373 0.3400397 0.3394453 0.3388540
0.3856666 0.3841662 0.3827025 0.3812749 0.3798827 0.3785250 0.3772013 0.3759105 0.3746519 0.3734245 0.3722275 0.3710600 0.3699210 0.3688098 0.3677254 0.3666669 0.3656336 0.3646246 0.3636391 0.3626761 0.3617350 0.3608150 0.3599152 0.3590349 0.3581733 0.3573297 0.3565034 0.3556936 0.3548996 0.3541207 0.3533562 0.3526054 0.3518677 0.3511424 0.3504288 0.3497264 0.3490345 0.3483524 0.3476796 0.3470156 0.3463598 0.3457116 0.3450705 0.3444360 0.3438078 0.3431852 0.3425680 0.3419556 0.3413478 0.3407444 0.3401449 0.3395491 0.3389570 0.3383682 0.3377828
0.3843012 0.3828069 0.3813495 0.3799286 0.3785433 0.3771928 0.3758763 0.3745929 0.3733417 0.3721218 0.3709322 0.3697720 0.3686404 0.3675364 0.3664591 0.3654076 0.3643811 0.3633787 0.3623996 0.3614430 0.3605080 0.3595939 0.3586999 0.3578252 0.3569690 0.3561307 0.3553094 0.3545046 0.3537154 0.3529412 0.3521812 0.3514349 0.3507015 0.3499805 0.3492712 0.3485729 0.3478850 0.3472071 0.3465384 0.3458785 0.3452267 0.3445827 0.3439458 0.3433156 0.3426916 0.3420735 0.3414608 0.3408531 0.3402502 0.3396516 0.3390572 0.3384667 0.3378799 0.3372968 0.3367170
0.3829267 0.3814393 0.3799891 0.3785757 0.3771981 0.3758554 0.3745469 0.3732716 0.3720285 0.3708166 0.3696350 0.3684828 0.3673589 0.3662626 0.3651927 0.3641486 0.3631293 0.3621338 0.3611615 0.3602115 0.3592829 0.3583749 0.3574869 0.3566180 0.3557675 0.3549346 0.3541186 0.3533189 0.3525347 0.3517653 0.3510101 0.3502684 0.3495395 0.3488229 0.3481179 0.3474239 0.3467403 0.3460665 0.3454021 0.3447463 0.3440988 0.3434590 0.3428263 0.3422005 0.3415809 0.3409672 0.3403591 0.3397561 0.3391579 0.3385642 0.3379748 0.3373895 0.3368080 0.3362302 0.3356560
0.3815437 0.3800641 0.3786221 0.3772169 0.3758478 0.3745138 0.3732140 0.3719474 0.3707129 0.3695096 0.3683366 0.3671927 0.3660771 0.3649888 0.3639268 0.3628904 0.3618785 0.3608904 0.3599251 0.3589819 0.3580599 0.3571584 0.3562765 0.3554136 0.3545689 0.3537417 0.3529312 0.3521367 0.3513576 0.3505932 0.3498429 0.3491059 0.3483817 0.3476696 0.3469691 0.3462795 0.3456002 0.3449307 0.3442705 0.3436190 0.3429758 0.3423402 0.3417119 0.3410904 0.3404752 0.3398661 0.3392625 0.3386641 0.3380707 0.3374819 0.3368974 0.3363171 0.3357407 0.3351682 0.3345993
0.3801531 0.3786822 0.3772492 0.3758532 0.3744934 0.3731687 0.3718783 0.3706209 0.3693957 0.3682016 0.3670375 0.3659025 0.3647955 0.3637157 0.3626620 0.3616335 0.3606294 0.3596488 0.3586909 0.3577547 0.3568396 0.3559447 0.3550692 0.3542125 0.3533738 0.3525523 0.3517474 0.3509583 0.3501845 0.3494252 0.3486798 0.3479477 0.3472282 0.3465208 0.3458247 0.3451396 0.3444647 0.3437997 0.3431438 0.3424966 0.3418576 0.3412264 0.3406024 0.3399853 0.3393745 0.3387698 0.3381707 0.3375769 0.3369881 0.3364041 0.3358244 0.3352490 0.3346776 0.3341100 0.3335462
0.3787560 0.3772947 0.3758714 0.3744854 0.3731356 0.3718210 0.3705406 0.3692932 0.3680778 0.3668933 0.3657387 0.3646129 0.3635150 0.3624440 0.3613988 0.3603786 0.3593826 0.3584097 0.3574593 0.3565304 0.3556223 0.3547342 0.3538653 0.3530149 0.3521822 0.3513667 0.3505675 0.3497840 0.3490155 0.3482614 0.3475210 0.3467938 0.3460791 0.3453764 0.3446850 0.3440043 0.3433339 0.3426732 0.3420217 0.3413789 0.3407442 0.3401173 0.3394976 0.3388848 0.3382784 0.0000000E+00 0.3370835 0.3364942 0.3359100 0.3353305 0.3347555 0.3341848 0.3336181 0.3330553 0.3324962
0.3773534 0.3759024 0.3744898 0.3731145 0.3717755 0.3704716 0.3692018 0.3679650 0.3667599 0.3655856 0.3644409 0.3633247 0.3622362 0.3611743 0.3601379 0.3591263 0.3581385 0.3571737 0.3562309 0.3553095 0.3544085 0.3535273 0.3526651 0.3518211 0.3509947 0.3501851 0.3493917 0.3486138 0.3478507 0.3471019 0.3463667 0.3456444 0.3449346 0.3442366 0.3435498 0.3428737 0.3422078 0.3415515 0.3409043 0.3402658 0.3396354 0.3390128 0.3383974 0.0000000E+00 0.0000000E+00 0.0000000E+00 0.0000000E+00 0.0000000E+00 0.0000000E+00 0.0000000E+00 0.3336903 0.3331240 0.3325619 0.3320036 0.3314490
0.3759465 0.3745068 0.3731055 0.3717417 0.3704141 0.3691217 0.3678631 0.3666373 0.3654431 0.3642793 0.3631448 0.3620387 0.3609599 0.3599073 0.3588800 0.3578772 0.3568978 0.3559411 0.3550062 0.3540924 0.3531987 0.3523245 0.3514690 0.3506316 0.3498115 0.3490079 0.3482204 0.3474481 0.3466905 0.3459470 0.3452169 0.3444996 0.3437947 0.3431014 0.3424192 0.3417477 0.3410862 0.3404343 0.3397915 0.3391573 0.3385312 0.3379128 0.0000000E+00 0.0000000E+00 0.0000000E+00 0.0000000E+00 0.0000000E+00 0.0000000E+00 0.0000000E+00 0.0000000E+00 0.0000000E+00 0.0000000E+00 0.0000000E+00 0.0000000E+00 0.0000000E+00
0.3745366 0.3731090 0.3717199 0.3703682 0.3690528 0.3677723 0.3665255 0.3653112 0.3641282 0.3629754 0.3618516 0.3607557 0.3596868 0.3586439 0.3576258 0.3566319 0.3556612 0.3547127 0.3537858 0.3528796 0.3519933 0.3511262 0.3502775 0.3494467 0.3486328 0.3478354 0.3470537 0.3462871 0.3455350 0.3447968 0.3440718 0.3433596 0.3426594 0.3419709 0.3412934 0.3406264 0.3399693 0.3393218 0.3386832 0.3380533 0.0000000E+00 0.0000000E+00 0.0000000E+00 0.0000000E+00 0.0000000E+00 0.0000000E+00 0.0000000E+00 0.0000000E+00 0.0000000E+00 0.0000000E+00 0.0000000E+00 0.0000000E+00 0.0000000E+00 0.0000000E+00 0.0000000E+00
