data/rasters/evap/evaporation_20000105.ASC
NCOLS                  300
NROWS                  325
XLLCORNER       0.0000000E+00
YLLCORNER        300000.0
CELLSIZE         1000.000
NODATA_VALUE    0.0000000E+00
[rows 250 to 274 of 325, columns 165 to 219 of 300]
0.4564712 0.4576592 0.4588465 0.4600306 0.4612091 0.4623801 0.4635413 0.4646909 0.4658270 0.4669480 0.4680523 0.4691385 0.4702053 0.4712515 0.4722761 0.4732783 0.4742572 0.4752123 0.4761431 0.4770493 0.4779306 0.4787869 0.4796183 0.4804246 0.4812061 0.4819628 0.4826950 0.4834029 0.4840867 0.4847465 0.4853827 0.4859955 0.4865850 0.4871514 0.4876948 0.4882154 0.4887134 0.4891887 0.4896415 0.4900717 0.4904796 0.4908652 0.4912285 0.4915698 0.4918892 0.4921870 0.4924635 0.4927192 0.4929546 0.4931703 0.4933670 0.4935453 0.4937061 0.0000000E+00 0.0000000E+00
0.4570927 0.4582748 0.4594564 0.4606352 0.4618089 0.4629754 0.4641326 0.4652785 0.4664115 0.4675297 0.4686316 0.4697157 0.4707808 0.4718255 0.4728489 0.4738500 0.4748281 0.4757825 0.4767128 0.4776185 0.4784996 0.4793557 0.4801869 0.4809933 0.4817749 0.4825319 0.4832644 0.4839728 0.4846571 0.4853177 0.4859546 0.4865683 0.4871587 0.4877262 0.4882708 0.4887927 0.4892921 0.4897689 0.4902234 0.4906556 0.4910656 0.4914535 0.4918194 0.4921636 0.4924862 0.4927876 0.4930680 0.4933280 0.4935680 0.4937885 0.4939903 0.4941740 0.4943403 0.0000000E+00 0.0000000E+00
0.4577201 0.4588962 0.4600721 0.4612455 0.4624142 0.4635761 0.4647290 0.4658712 0.4670007 0.4681159 0.4692151 0.4702968 0.4713598 0.4724027 0.4734244 0.4744241 0.4754009 0.4763541 0.4772834 0.4781882 0.4790683 0.4799238 0.4807544 0.4815602 0.4823415 0.4830982 0.4838306 0.4845389 0.4852234 0.4858842 0.4865216 0.4871357 0.4877268 0.4882950 0.4888406 0.4893636 0.4898641 0.4903423 0.4907984 0.4912323 0.4916443 0.4920345 0.4924029 0.4927499 0.4930757 0.4933805 0.4936648 0.4939288 0.4941732 0.4943985 0.4946053 0.4947941 0.0000000E+00 0.0000000E+00 0.0000000E+00
0.4583525 0.4595227 0.4606929 0.4618608 0.4630244 0.4641815 0.4653300 0.4664682 0.4675941 0.4687059 0.4698022 0.4708813 0.4719418 0.4729826 0.4740023 0.4750002 0.4759752 0.4769269 0.4778546 0.4787580 0.4796368 0.4804910 0.4813205 0.4821253 0.4829057 0.4836617 0.4843935 0.4851014 0.4857855 0.4864462 0.4870836 0.4876980 0.4882894 0.4888581 0.4894043 0.4899281 0.4904297 0.4909091 0.4913666 0.4918022 0.4922161 0.4926084 0.4929793 0.4933290 0.4936578 0.4939660 0.4942539 0.4945220 0.4947707 0.4950005 0.4952121 0.0000000E+00 0.0000000E+00 0.0000000E+00 0.0000000E+00
0.4589891 0.4601533 0.4613178 0.4624802 0.4636386 0.4647908 0.4659349 0.4670689 0.4681909 0.4692993 0.4703924 0.4714686 0.4725266 0.4735648 0.4745823 0.4755780 0.4765509 0.4775006 0.4784263 0.4793278 0.4802048 0.4810572 0.4818851 0.4826884 0.4834674 0.4842222 0.4849530 0.4856600 0.4863436 0.4870037 0.4876409 0.4882551 0.4888466 0.4894156 0.4899622 0.4904867 0.4909891 0.4914696 0.4919283 0.4923654 0.4927811 0.4931754 0.4935487 0.4939010 0.4942328 0.4945442 0.4948357 0.4951077 0.4953605 0.4955948 0.0000000E+00 0.0000000E+00 0.0000000E+00 0.0000000E+00 0.0000000E+00
0.4596288 0.4607872 0.4619460 0.4631029 0.4642561 0.4654033 0.4665428 0.4676725 0.4687907 0.4698955 0.4709852 0.4720584 0.4731134 0.4741490 0.4751639 0.4761571 0.4771276 0.4780748 0.4789982 0.4798973 0.4807720 0.4816222 0.4824480 0.4832494 0.4840266 0.4847797 0.4855091 0.4862149 0.4868974 0.4875568 0.4881933 0.4888071 0.4893984 0.4899674 0.4905143 0.4910392 0.4915423 0.4920237 0.4924836 0.4929222 0.4933395 0.4937358 0.4941113 0.4944662 0.4948009 0.4951155 0.4954104 0.4956861 0.4959430 0.4961815 0.0000000E+00 0.0000000E+00 0.0000000E+00 0.0000000E+00 0.0000000E+00
0.4602709 0.4614235 0.4625767 0.4637282 0.4648761 0.4660183 0.4671531 0.4682785 0.4693926 0.4704936 0.4715800 0.4726499 0.4737019 0.4747346 0.4757467 0.4767371 0.4777049 0.4786493 0.4795699 0.4804663 0.4813383 0.4821858 0.4830090 0.4838080 0.4845830 0.4853341 0.4860617 0.4867659 0.4874470 0.4881053 0.4887409 0.4893540 0.4899450 0.4905138 0.4910608 0.4915860 0.4920896 0.4925718 0.4930328 0.4934726 0.4938916 0.4942898 0.4946674 0.4950248 0.4953621 0.4956798 0.4959781 0.4962574 0.0000000E+00 0.0000000E+00 0.0000000E+00 0.0000000E+00 0.0000000E+00 0.0000000E+00 0.0000000E+00
0.4609145 0.4620615 0.4632090 0.4643551 0.4654977 0.4666350 0.4677651 0.4688860 0.4699960 0.4710933 0.4721760 0.4732426 0.4742915 0.4753212 0.4763303 0.4773177 0.4782824 0.4792237 0.4801411 0.4810343 0.4819031 0.4827476 0.4835679 0.4843640 0.4851364 0.4858851 0.4866105 0.4873128 0.4879923 0.4886492 0.4892837 0.4898960 0.4904863 0.4910548 0.4916016 0.4921270 0.4926310 0.4931139 0.4935758 0.4940169 0.4944373 0.4948373 0.4952171 0.4955768 0.4959168 0.4962374 0.4965390 0.4968219 0.0000000E+00 0.0000000E+00 0.0000000E+00 0.0000000E+00 0.0000000E+00 0.0000000E+00 0.0000000E+00
0.4615590 0.4627004 0.4638424 0.4649830 0.4661204 0.4672526 0.4683779 0.4694944 0.4706002 0.4716936 0.4727728 0.4738360 0.4748816 0.4759081 0.4769140 0.4778982 0.4788597 0.4797976 0.4807115 0.4816011 0.4824663 0.4833073 0.4841242 0.4849171 0.4856865 0.4864325 0.4871554 0.4878556 0.4885331 0.4891884 0.4898216 0.4904328 0.4910223 0.4915903 0.4921369 0.4926623 0.4931667 0.4936502 0.4941129 0.4945551 0.4949770 0.4953786 0.4957604 0.4961224 0.4964650 0.4967885 0.4970933 0.0000000E+00 0.0000000E+00 0.0000000E+00 0.0000000E+00 0.0000000E+00 0.0000000E+00 0.0000000E+00 0.0000000E+00
0.4622037 0.4633395 0.4644759 0.4656111 0.4667432 0.4678704 0.4689910 0.4701029 0.4712045 0.4722940 0.4733694 0.4744292 0.4754715 0.4764948 0.4774974 0.4784783 0.4794362 0.4803704 0.4812804 0.4821661 0.4830274 0.4838644 0.4846775 0.4854669 0.4862330 0.4869760 0.4876962 0.4883939 0.4890693 0.4897228 0.4903544 0.4909644 0.4915531 0.4921204 0.4926667 0.4931920 0.4936966 0.4941806 0.4946441 0.4950874 0.4955105 0.4959139 0.4962975 0.4966618 0.4970069 0.4973332 0.0000000E+00 0.0000000E+00 0.0000000E+00 0.0000000E+00 0.0000000E+00 0.0000000E+00 0.0000000E+00 0.0000000E+00 0.0000000E+00
0.4628478 0.4639781 0.4651090 0.4662387 0.4673655 0.4684877 0.4696034 0.4707108 0.4718081 0.4728936 0.4739653 0.4750216 0.4760606 0.4770806 0.4780799 0.4790573 0.4800114 0.4809417 0.4818475 0.4827288 0.4835857 0.4844185 0.4852275 0.4860131 0.4867755 0.4875152 0.4882325 0.4889276 0.4896008 0.4902522 0.4908822 0.4914909 0.4920785 0.4926451 0.4931909 0.4937161 0.4942208 0.4947052 0.4951695 0.4956137 0.4960382 0.4964431 0.4968286 0.4971951 0.4975426 0.4978716 0.0000000E+00 0.0000000E+00 0.0000000E+00 0.0000000E+00 0.0000000E+00 0.0000000E+00 0.0000000E+00 0.0000000E+00 0.0000000E+00
0.4634908 0.4646155 0.4657408 0.4668651 0.4679866 0.4691036 0.4702144 0.4713172 0.4724102 0.4734916 0.4745597 0.4756124 0.4766481 0.4776647 0.4786607 0.4796345 0.4805848 0.4815108 0.4824121 0.4832887 0.4841409 0.4849691 0.4857737 0.4865551 0.4873137 0.4880500 0.4887641 0.4894564 0.4901272 0.4907766 0.4914048 0.4920121 0.4925985 0.4931643 0.4937096 0.4942346 0.4947394 0.4952241 0.4956891 0.4961343 0.4965600 0.4969664 0.4973538 0.4977223 0.4980722 0.0000000E+00 0.0000000E+00 0.0000000E+00 0.0000000E+00 0.0000000E+00 0.0000000E+00 0.0000000E+00 0.0000000E+00 0.0000000E+00 0.0000000E+00
0.4641320 0.4652511 0.4663709 0.4674897 0.4686058 0.4697176 0.4708234 0.4719215 0.4730101 0.4740874 0.4751516 0.4762008 0.4772331 0.4782465 0.4792392 0.4802094 0.4811556 0.4820771 0.4829735 0.4838451 0.4846922 0.4855155 0.4863154 0.4870925 0.4878472 0.4885798 0.4892907 0.4899802 0.4906484 0.4912956 0.4919220 0.4925278 0.4931131 0.4936780 0.4942228 0.4947475 0.4952523 0.4957374 0.4962029 0.4966491 0.4970760 0.4974839 0.4978730 0.4982436 0.4985958 0.0000000E+00 0.0000000E+00 0.0000000E+00 0.0000000E+00 0.0000000E+00 0.0000000E+00 0.0000000E+00 0.0000000E+00 0.0000000E+00 0.0000000E+00
0.4647709 0.4658844 0.4669986 0.4681118 0.4692224 0.4703289 0.4714296 0.4725228 0.4736068 0.4746799 0.4757402 0.4767858 0.4778148 0.4788251 0.4798144 0.4807810 0.4817231 0.4826399 0.4835311 0.4843972 0.4852390 0.4860571 0.4868521 0.4876248 0.4883753 0.4891043 0.4898119 0.4904985 0.4911641 0.4918092 0.4924338 0.4930380 0.4936221 0.4941862 0.4947304 0.4952548 0.4957597 0.4962451 0.4967112 0.4971582 0.4975863 0.4979956 0.4983865 0.4987590 0.0000000E+00 0.0000000E+00 0.0000000E+00 0.0000000E+00 0.0000000E+00 0.0000000E+00 0.0000000E+00 0.0000000E+00 0.0000000E+00 0.0000000E+00 0.0000000E+00
0.4654070 0.4665149 0.4676233 0.4687308 0.4698359 0.4709369 0.4720323 0.4731205 0.4741998 0.4752684 0.4763246 0.4773666 0.4783922 0.4793993 0.4803855 0.4813486 0.4822865 0.4831982 0.4840838 0.4849442 0.4857803 0.4865931 0.4873832 0.4881513 0.4888978 0.4896231 0.4903275 0.4910111 0.4916743 0.4923172 0.4929399 0.4935427 0.4941256 0.4946887 0.4952324 0.4957565 0.4962614 0.4967471 0.4972138 0.4976617 0.4980909 0.4985017 0.4988942 0.0000000E+00 0.4996254 0.0000000E+00 0.0000000E+00 0.0000000E+00 0.0000000E+00 0.0000000E+00 0.0000000E+00 0.0000000E+00 0.0000000E+00 0.0000000E+00 0.0000000E+00
0.4660398 0.4671420 0.4682446 0.4693463 0.4704456 0.4715410 0.4726309 0.4737139 0.4747882 0.4758521 0.4769040 0.4779420 0.4789641 0.4799680 0.4809512 0.4819109 0.4828446 0.4837510 0.4846306 0.4854850 0.4863153 0.4871227 0.4879079 0.4886716 0.4894142 0.4901358 0.4908370 0.4915179 0.4921786 0.4928194 0.4934404 0.4940417 0.4946234 0.4951857 0.4957288 0.4962527 0.4967576 0.4972436 0.4977109 0.4981596 0.4985900 0.4990021 0.4993963 0.4997727 0.5001316 0.5004733 0.5007980 0.5011061 0.0000000E+00 0.0000000E+00 0.0000000E+00 0.0000000E+00 0.0000000E+00 0.0000000E+00 0.0000000E+00
0.4666690 0.4677652 0.4688619 0.4699577 0.4710511 0.4721406 0.4732249 0.4743023 0.4753713 0.4764302 0.4774774 0.4785112 0.4795294 0.4805299 0.4815101 0.4824667 0.4833962 0.4842969 0.4851702 0.4860183 0.4868429 0.4876451 0.4884257 0.4891852 0.4899239 0.4906422 0.4913404 0.4920186 0.4926769 0.4933157 0.4939350 0.4945349 0.4951155 0.4956771 0.4962196 0.4967433 0.4972482 0.4977345 0.4982024 0.4986520 0.4990835 0.4994970 0.4998928 0.5002711 0.5006322 0.5009763 0.5013036 0.5016145 0.5019093 0.0000000E+00 0.0000000E+00 0.0000000E+00 0.0000000E+00 0.0000000E+00 0.0000000E+00
0.4672941 0.4683844 0.4694750 0.4705646 0.4716519 0.4727354 0.4738137 0.4748852 0.4759485 0.4770020 0.4780441 0.4790730 0.4800868 0.4810834 0.4820603 0.4830141 0.4839396 0.4848340 0.4857007 0.4865429 0.4873623 0.4881597 0.4889360 0.4896915 0.4904267 0.4911419 0.4918372 0.4925129 0.4931691 0.4938060 0.4944237 0.4950223 0.4956020 0.4961627 0.4967048 0.4972283 0.4977333 0.4982199 0.4986884 0.4991389 0.4995715 0.4999864 0.5003839 0.5007640 0.5011272 0.5014736 0.5018035 0.5021172 0.5024151 0.0000000E+00 0.0000000E+00 0.0000000E+00 0.0000000E+00 0.0000000E+00 0.0000000E+00
0.4679148 0.4689990 0.4700834 0.4711667 0.4722477 0.4733248 0.4743968 0.4754622 0.4765194 0.4775670 0.4786034 0.4796267 0.4806354 0.4816272 0.4825997 0.4835499 0.4844716 0.4853595 0.4862206 0.4870577 0.4878725 0.4886658 0.4894383 0.4901904 0.4909224 0.4916347 0.4923275 0.4930009 0.4936551 0.4942903 0.4949065 0.4955039 0.4960826 0.4966428 0.4971844 0.4977078 0.4982129 0.4986999 0.4991691 0.4996204 0.5000541 0.5004704 0.5008695 0.5012515 0.5016168 0.5019655 0.5022979 0.5026144 0.5029152 0.5032006 0.0000000E+00 0.0000000E+00 0.0000000E+00 0.0000000E+00 0.0000000E+00
0.0000000E+00 0.4696088 0.4706869 0.4717637 0.4728381 0.4739087 0.4749741 0.4760329 0.4770837 0.4781248 0.4791549 0.4801720 0.4811745 0.4821603 0.4831268 0.4840708 0.4849868 0.4858712 0.4867286 0.4875621 0.4883733 0.4891632 0.4899324 0.4906815 0.4914108 0.4921206 0.4928111 0.4934824 0.4941348 0.4947684 0.4953833 0.4959797 0.4965576 0.4971172 0.4976585 0.4981818 0.4986871 0.4991745 0.4996443 0.5000965 0.5005314 0.5009490 0.5013497 0.5017336 0.5021009 0.5024520 0.5027869 0.5031061 0.5034098 0.5036983 0.0000000E+00 0.0000000E+00 0.0000000E+00 0.0000000E+00 0.0000000E+00
0.0000000E+00 0.0000000E+00 0.0000000E+00 0.0000000E+00 0.4734230 0.4744867 0.4755453 0.4765972 0.4776410 0.4786753 0.4796984 0.4807087 0.4817043 0.4826830 0.4836423 0.4845789 0.4854889 0.4863704 0.4872254 0.4880562 0.4888647 0.4896519 0.4904184 0.4911650 0.4918919 0.4925995 0.4932879 0.4939575 0.4946083 0.4952405 0.4958543 0.4964496 0.4970269 0.4975860 0.4981271 0.4986503 0.4991558 0.4996437 0.5001142 0.5005674 0.5010034 0.5014225 0.5018247 0.5022105 0.5025799 0.5029331 0.5032706 0.5035925 0.5038990 0.5041906 0.0000000E+00 0.0000000E+00 0.0000000E+00 0.0000000E+00 0.0000000E+00
0.0000000E+00 0.0000000E+00 0.0000000E+00 0.0000000E+00 0.0000000E+00 0.0000000E+00 0.4761102 0.4771549 0.4781916 0.4792185 0.4802343 0.4812371 0.4822252 0.4831963 0.4841479 0.4850772 0.4859815 0.4868596 0.4877122 0.4885409 0.4893472 0.4901321 0.4908965 0.4916409 0.4923658 0.4930714 0.4937581 0.4944261 0.4950755 0.4957065 0.4963193 0.4969139 0.4974905 0.4980492 0.4985902 0.4991135 0.4996193 0.5001077 0.5005789 0.5010330 0.5014702 0.5018907 0.5022945 0.5026821 0.5030535 0.5034091 0.5037490 0.5040736 0.5043829 0.0000000E+00 0.0000000E+00 0.0000000E+00 0.0000000E+00 0.0000000E+00 0.0000000E+00
0.0000000E+00 0.0000000E+00 0.0000000E+00 0.0000000E+00 0.0000000E+00 0.0000000E+00 0.4766690 0.4777063 0.4787353 0.4797547 0.4807627 0.4817578 0.4827380 0.4837012 0.4846452 0.4855676 0.4864664 0.4873407 0.4881906 0.4890171 0.4898214 0.4906045 0.4913670 0.4921096 0.4928327 0.4935367 0.4942219 0.4948885 0.4955367 0.4961666 0.4967785 0.4973725 0.4979486 0.4985070 0.4990479 0.4995713 0.5000775 0.5005664 0.5010384 0.5014935 0.5019318 0.5023537 0.5027593 0.5031487 0.5035222 0.5038800 0.5042223 0.5045494 0.5048616 0.5051591 0.0000000E+00 0.0000000E+00 0.0000000E+00 0.0000000E+00 0.0000000E+00
0.0000000E+00 0.0000000E+00 0.0000000E+00 0.0000000E+00 0.0000000E+00 0.0000000E+00 0.0000000E+00 0.0000000E+00 0.4792725 0.4802840 0.4812841 0.4822712 0.4832434 0.4841988 0.4851354 0.4860512 0.4869446 0.4878148 0.4886618 0.4894860 0.4902883 0.4910695 0.4918303 0.4925713 0.4932929 0.4939955 0.4946794 0.4953448 0.4959919 0.4966210 0.4972321 0.4978255 0.4984012 0.4989595 0.4995003 0.5000240 0.5005305 0.5010201 0.5014929 0.5019490 0.5023885 0.5028118 0.5032190 0.5036102 0.5039857 0.5043457 0.5046905 0.5050201 0.5053352 0.0000000E+00 0.0000000E+00 0.0000000E+00 0.0000000E+00 0.0000000E+00 0.0000000E+00
0.0000000E+00 0.0000000E+00 0.0000000E+00 0.0000000E+00 0.0000000E+00 0.0000000E+00 0.0000000E+00 0.0000000E+00 0.0000000E+00 0.0000000E+00 0.0000000E+00 0.0000000E+00 0.0000000E+00 0.0000000E+00 0.4856195 0.4865288 0.4874169 0.4882829 0.4891266 0.4899483 0.4907485 0.4915279 0.4922871 0.4930266 0.4937468 0.4944481 0.4951308 0.4957951 0.4964414 0.4970696 0.4976802 0.4982731 0.4988485 0.4994066 0.4999476 0.5004715 0.5009785 0.5014687 0.5019423 0.5023994 0.5028403 0.5032650 0.5036738 0.5040668 0.5044444 0.5048065 0.5051537 0.5054860 0.5058036 0.0000000E+00 0.0000000E+00 0.0000000E+00 0.0000000E+00 0.0000000E+00 0.0000000E+00
