data/rasters/evap/evaporation_20000106.ASC
NCOLS                  300
NROWS                  325
XLLCORNER       0.0000000E+00
YLLCORNER        300000.0
CELLSIZE         1000.000
NODATA_VALUE    0.0000000E+00
[rows 200 to 224 of 325, columns 55 to 109 of 300]
0.1177309 0.1187193 0.1196984 0.1206688 0.1216309 0.1225851 0.1235322 0.1244727 0.1254073 0.1263367 0.1272616 0.1281830 0.1291014 0.1300179 0.1309333 0.1318483 0.1327641 0.1336813 0.1346011 0.1355243 0.1364520 0.1373851 0.1383246 0.1392715 0.1402269 0.1411918 0.1421672 0.1431541 0.1441536 0.1451665 0.1461938 0.1472363 0.1482947 0.1493697 0.1504616 0.1515708 0.1526976 0.1538419 0.1550035 0.1561823 0.1573778 0.1585895 0.1598169 0.1610593 0.1623160 0.1635862 0.1648692 0.1661642 0.1674704 0.1687870 0.1701132 0.1714481 0.1727910 0.1741411 0.1754975
0.1190994 0.1200933 0.1210776 0.1220528 0.1230193 0.1239777 0.1249286 0.1258726 0.1268104 0.1277428 0.1286705 0.1295944 0.1305151 0.1314338 0.1323510 0.1332679 0.1341852 0.1351040 0.1360251 0.1369495 0.1378782 0.1388122 0.1397524 0.1406999 0.1416556 0.1426206 0.1435958 0.1445822 0.1455807 0.1465923 0.1476178 0.1486579 0.1497133 0.1507846 0.1518723 0.1529766 0.1540977 0.1552357 0.1563904 0.1575616 0.1587491 0.1599522 0.1611706 0.1624036 0.1636506 0.1649108 0.1661837 0.1674683 0.1687641 0.1700702 0.1713859 0.1727104 0.1740429 0.1753827 0.1767289
0.1204761 0.1214756 0.1224651 0.1234451 0.1244160 0.1253785 0.1263332 0.1272806 0.1282216 0.1291569 0.1300873 0.1310136 0.1319366 0.1328572 0.1337764 0.1346949 0.1356138 0.1365339 0.1374563 0.1383818 0.1393114 0.1402461 0.1411869 0.1421347 0.1430906 0.1440554 0.1450302 0.1460159 0.1470133 0.1480233 0.1490467 0.1500843 0.1511366 0.1522041 0.1532874 0.1543867 0.1555021 0.1566338 0.1577816 0.1589453 0.1601247 0.1613193 0.1625287 0.1637524 0.1649897 0.1662400 0.1675027 0.1687771 0.1700625 0.1713581 0.1726633 0.1739773 0.1752993 0.1766288 0.1779648
0.1218607 0.1228658 0.1238605 0.1248452 0.1258206 0.1267871 0.1277454 0.1286963 0.1296404 0.1305785 0.1315115 0.1324401 0.1333653 0.1342878 0.1352088 0.1361289 0.1370492 0.1379706 0.1388941 0.1398205 0.1407509 0.1416863 0.1426275 0.1435755 0.1445313 0.1454958 0.1464700 0.1474547 0.1484508 0.1494591 0.1504803 0.1515151 0.1525641 0.1536278 0.1547066 0.1558008 0.1569105 0.1580358 0.1591767 0.1603330 0.1615044 0.1626906 0.1638911 0.1651055 0.1663332 0.1675737 0.1688263 0.1700904 0.1713654 0.1726506 0.1739452 0.1752487 0.1765604 0.1778795 0.1792054
0.1232528 0.1242635 0.1252634 0.1262529 0.1272326 0.1282030 0.1291650 0.1301191 0.1310662 0.1320071 0.1329425 0.1338734 0.1348006 0.1357251 0.1366476 0.1375693 0.1384909 0.1394135 0.1403379 0.1412652 0.1421963 0.1431321 0.1440735 0.1450216 0.1459772 0.1469413 0.1479147 0.1488983 0.1498929 0.1508992 0.1519181 0.1529500 0.1539956 0.1550553 0.1561296 0.1572186 0.1583226 0.1594416 0.1605757 0.1617245 0.1628880 0.1640658 0.1652575 0.1664627 0.1676810 0.1689117 0.1701543 0.1714083 0.1726729 0.1739477 0.1752319 0.1765250 0.1778262 0.1791350 0.1804508
0.1246521 0.1256684 0.1266734 0.1276675 0.1286515 0.1296259 0.1305913 0.1315487 0.1324987 0.1334422 0.1343800 0.1353130 0.1362422 0.1371683 0.1380924 0.1390155 0.1399383 0.1408619 0.1417872 0.1427152 0.1436468 0.1445830 0.1455246 0.1464726 0.1474279 0.1483914 0.1493638 0.1503461 0.1513391 0.1523434 0.1533597 0.1543886 0.1554307 0.1564864 0.1575561 0.1586399 0.1597382 0.1608510 0.1619781 0.1631197 0.1642753 0.1654448 0.1666279 0.1678241 0.1690329 0.1702540 0.1714867 0.1727306 0.1739850 0.1752494 0.1765233 0.1778059 0.1790969 0.1803955 0.1817011
0.1260582 0.1270800 0.1280900 0.1290888 0.1300769 0.1310551 0.1320240 0.1329845 0.1339373 0.1348832 0.1358233 0.1367584 0.1376893 0.1386171 0.1395427 0.1404670 0.1413909 0.1423154 0.1432415 0.1441701 0.1451021 0.1460385 0.1469801 0.1479279 0.1488827 0.1498455 0.1508169 0.1517978 0.1527890 0.1537911 0.1548048 0.1558306 0.1568691 0.1579207 0.1589858 0.1600645 0.1611571 0.1622636 0.1633840 0.1645183 0.1656662 0.1668276 0.1680021 0.1691893 0.1703889 0.1716004 0.1728234 0.1740573 0.1753016 0.1765558 0.1778194 0.1790918 0.1803725 0.1816609 0.1829566
0.1274706 0.1284979 0.1295129 0.1305162 0.1315085 0.1324903 0.1334625 0.1344259 0.1353814 0.1363297 0.1372720 0.1382089 0.1391416 0.1400709 0.1409978 0.1419232 0.1428481 0.1437735 0.1447002 0.1456293 0.1465617 0.1474981 0.1484397 0.1493871 0.1503413 0.1513032 0.1522734 0.1532528 0.1542421 0.1552420 0.1562530 0.1572757 0.1583106 0.1593581 0.1604185 0.1614920 0.1625790 0.1636793 0.1647931 0.1659202 0.1670606 0.1682139 0.1693800 0.1705585 0.1717490 0.1729511 0.1741644 0.1753885 0.1766229 0.1778670 0.1791204 0.1803827 0.1816532 0.1829316 0.1842173
0.1288890 0.1299217 0.1309416 0.1319493 0.1329455 0.1339309 0.1349063 0.1358725 0.1368305 0.1377811 0.1387254 0.1396641 0.1405983 0.1415290 0.1424571 0.1433836 0.1443094 0.1452355 0.1461628 0.1470923 0.1480248 0.1489613 0.1499027 0.1508497 0.1518032 0.1527641 0.1537331 0.1547109 0.1556982 0.1566958 0.1577040 0.1587235 0.1597548 0.1607981 0.1618540 0.1629224 0.1640038 0.1650980 0.1662053 0.1673254 0.1684583 0.1696037 0.1707615 0.1719314 0.1731130 0.1743059 0.1755098 0.1767242 0.1779488 0.1791830 0.1804264 0.1816786 0.1829391 0.1842076 0.1854835
0.1303128 0.1313509 0.1323756 0.1333876 0.1343876 0.1353764 0.1363548 0.1373238 0.1382841 0.1392369 0.1401830 0.1411234 0.1420591 0.1429910 0.1439202 0.1448477 0.1457743 0.1467010 0.1476288 0.1485585 0.1494912 0.1504276 0.1513686 0.1523152 0.1532679 0.1542278 0.1551954 0.1561716 0.1571569 0.1581521 0.1591575 0.1601739 0.1612015 0.1622407 0.1632920 0.1643555 0.1654313 0.1665196 0.1676204 0.1687336 0.1698592 0.1709969 0.1721467 0.1733081 0.1744810 0.1756649 0.1768595 0.1780645 0.1792794 0.1805039 0.1817375 0.1829798 0.1842305 0.1854891 0.1867553
0.1317417 0.1327850 0.1338144 0.1348305 0.1358342 0.1368263 0.1378076 0.1387790 0.1397416 0.1406964 0.1416442 0.1425861 0.1435232 0.1444563 0.1453865 0.1463148 0.1472421 0.1481694 0.1490975 0.1500275 0.1509602 0.1518965 0.1528372 0.1537831 0.1547351 0.1556939 0.1566601 0.1576346 0.1586179 0.1596106 0.1606133 0.1616264 0.1626504 0.1636856 0.1647324 0.1657909 0.1668613 0.1679438 0.1690383 0.1701448 0.1712632 0.1723935 0.1735353 0.1746885 0.1758529 0.1770280 0.1782136 0.1794093 0.1806148 0.1818297 0.1830537 0.1842863 0.1855273 0.1867763 0.1880330
0.1331751 0.1342235 0.1352574 0.1362776 0.1372848 0.1382799 0.1392639 0.1402378 0.1412025 0.1421590 0.1431084 0.1440518 0.1449901 0.1459243 0.1468554 0.1477844 0.1487124 0.1496401 0.1505686 0.1514988 0.1524315 0.1533675 0.1543078 0.1552531 0.1562043 0.1571619 0.1581268 0.1590995 0.1600808 0.1610711 0.1620710 0.1630810 0.1641014 0.1651327 0.1661750 0.1672287 0.1682938 0.1693705 0.1704589 0.1715589 0.1726704 0.1737933 0.1749275 0.1760727 0.1772287 0.1783953 0.1795720 0.1807587 0.1819551 0.1831606 0.1843752 0.1855983 0.1868298 0.1880693 0.1893166
0.1346126 0.1356659 0.1367042 0.1377282 0.1387387 0.1397368 0.1407233 0.1416994 0.1426660 0.1436242 0.1445751 0.1455198 0.1464591 0.1473943 0.1483263 0.1492560 0.1501845 0.1511127 0.1520415 0.1529717 0.1539044 0.1548402 0.1557801 0.1567248 0.1576750 0.1586315 0.1595950 0.1605660 0.1615452 0.1625332 0.1635304 0.1645373 0.1655542 0.1665816 0.1676196 0.1686685 0.1697285 0.1707997 0.1718822 0.1729758 0.1740806 0.1751964 0.1763231 0.1774606 0.1786085 0.1797667 0.1809350 0.1821129 0.1833003 0.1844967 0.1857021 0.1869160 0.1881382 0.1893685 0.1906065
0.1360535 0.1371116 0.1381541 0.1391817 0.1401954 0.1411961 0.1421850 0.1431631 0.1441315 0.1450913 0.1460436 0.1469894 0.1479298 0.1488659 0.1497986 0.1507290 0.1516580 0.1525866 0.1535156 0.1544460 0.1553785 0.1563141 0.1572536 0.1581976 0.1591470 0.1601024 0.1610644 0.1620338 0.1630110 0.1639967 0.1649912 0.1659950 0.1670086 0.1680322 0.1690660 0.1701104 0.1711654 0.1722313 0.1733079 0.1743954 0.1754937 0.1766026 0.1777222 0.1788521 0.1799923 0.1811425 0.1823024 0.1834718 0.1846505 0.1858382 0.1870346 0.1882395 0.1894526 0.1906739 0.1919029
0.1374973 0.1385601 0.1396065 0.1406376 0.1416542 0.1426574 0.1436485 0.1446285 0.1455985 0.1465597 0.1475132 0.1484601 0.1494015 0.1503384 0.1512718 0.1522028 0.1531323 0.1540612 0.1549905 0.1559209 0.1568534 0.1577888 0.1587278 0.1596712 0.1606198 0.1615741 0.1625348 0.1635025 0.1644778 0.1654612 0.1664532 0.1674541 0.1684644 0.1694843 0.1705141 0.1715541 0.1726043 0.1736650 0.1747361 0.1758177 0.1769097 0.1780120 0.1791247 0.1802474 0.1813800 0.1825224 0.1836744 0.1848356 0.1860059 0.1871850 0.1883728 0.1895690 0.1907733 0.1919857 0.1932060
0.1389434 0.1400106 0.1410608 0.1420950 0.1431143 0.1441199 0.1451129 0.1460946 0.1470661 0.1480286 0.1489833 0.1499312 0.1508735 0.1518112 0.1527453 0.1536769 0.1546068 0.1555361 0.1564656 0.1573962 0.1583287 0.1592638 0.1602025 0.1611453 0.1620930 0.1630463 0.1640057 0.1649719 0.1659454 0.1669266 0.1679161 0.1689142 0.1699214 0.1709378 0.1719638 0.1729995 0.1740451 0.1751008 0.1761666 0.1772425 0.1783285 0.1794246 0.1805305 0.1816463 0.1827718 0.1839067 0.1850510 0.1862043 0.1873666 0.1885375 0.1897169 0.1909046 0.1921005 0.1933044 0.1945161
0.1403911 0.1414625 0.1425162 0.1435533 0.1445751 0.1455828 0.1465777 0.1475609 0.1485338 0.1494975 0.1504532 0.1514021 0.1523452 0.1532837 0.1542185 0.1551506 0.1560811 0.1570108 0.1579405 0.1588712 0.1598037 0.1607387 0.1616770 0.1626194 0.1635664 0.1645187 0.1654769 0.1664417 0.1674134 0.1683926 0.1693798 0.1703752 0.1713794 0.1723924 0.1734147 0.1744464 0.1754877 0.1765387 0.1775994 0.1786699 0.1797502 0.1808402 0.1819398 0.1830490 0.1841676 0.1852954 0.1864323 0.1875781 0.1887326 0.1898956 0.1910670 0.1922466 0.1934343 0.1946299 0.1958335
0.1418397 0.1429150 0.1439720 0.1450118 0.1460359 0.1470454 0.1480419 0.1490265 0.1500006 0.1509655 0.1519222 0.1528720 0.1538160 0.1547552 0.1556907 0.1566235 0.1575545 0.1584846 0.1594147 0.1603456 0.1612782 0.1622131 0.1631512 0.1640931 0.1650395 0.1659909 0.1669481 0.1679115 0.1688816 0.1698589 0.1708439 0.1718369 0.1728382 0.1738481 0.1748669 0.1758948 0.1769320 0.1779785 0.1790344 0.1800998 0.1811746 0.1822589 0.1833525 0.1844554 0.1855674 0.1866884 0.1878183 0.1889569 0.1901040 0.1912595 0.1924233 0.1935951 0.1947750 0.1959627 0.1971583
0.1432885 0.1443674 0.1454273 0.1464695 0.1474956 0.1485069 0.1495048 0.1504908 0.1514660 0.1524319 0.1533896 0.1543403 0.1552852 0.1562252 0.1571615 0.1580949 0.1590265 0.1599572 0.1608877 0.1618189 0.1627516 0.1636866 0.1646245 0.1655661 0.1665120 0.1674627 0.1684189 0.1693811 0.1703498 0.1713254 0.1723083 0.1732990 0.1742977 0.1753047 0.1763202 0.1773446 0.1783778 0.1794201 0.1804715 0.1815321 0.1826018 0.1836806 0.1847685 0.1858655 0.1869713 0.1880859 0.1892092 0.1903409 0.1914811 0.1926294 0.1937859 0.1949503 0.1961227 0.1973029 0.1984909
0.1447365 0.1458187 0.1468812 0.1479256 0.1489535 0.1499663 0.1509656 0.1519527 0.1529291 0.1538960 0.1548547 0.1558064 0.1567522 0.1576931 0.1586301 0.1595644 0.1604967 0.1614279 0.1623590 0.1632906 0.1642236 0.1651588 0.1660967 0.1670381 0.1679836 0.1689337 0.1698891 0.1708503 0.1718177 0.1727917 0.1737728 0.1747613 0.1757576 0.1767619 0.1777745 0.1787955 0.1798251 0.1808635 0.1819106 0.1829667 0.1840316 0.1851054 0.1861879 0.1872793 0.1883793 0.1894878 0.1906049 0.1917302 0.1928637 0.1940054 0.1951550 0.1963124 0.1974777 0.1986508 0.1998316
0.1461829 0.1472680 0.1483328 0.1493792 0.1504086 0.1514228 0.1524233 0.1534116 0.1543891 0.1553570 0.1563168 0.1572695 0.1582163 0.1591581 0.1600962 0.1610313 0.1619644 0.1628964 0.1638281 0.1647604 0.1656938 0.1666292 0.1675673 0.1685087 0.1694539 0.1704037 0.1713585 0.1723188 0.1732850 0.1742577 0.1752372 0.1762238 0.1772179 0.1782197 0.1792295 0.1802475 0.1812738 0.1823085 0.1833517 0.1844036 0.1854640 0.1865330 0.1876107 0.1886968 0.1897914 0.1908943 0.1920055 0.1931248 0.1942521 0.1953875 0.1965306 0.1976816 0.1988402 0.2000066 0.2011807
0.1476265 0.1487141 0.1497810 0.1508290 0.1518599 0.1528754 0.1538770 0.1548665 0.1558451 0.1568142 0.1577751 0.1587289 0.1596768 0.1606199 0.1615590 0.1624952 0.1634293 0.1643622 0.1652948 0.1662277 0.1671617 0.1680976 0.1690360 0.1699776 0.1709228 0.1718723 0.1728266 0.1737863 0.1747516 0.1757232 0.1767012 0.1776862 0.1786783 0.1796779 0.1806852 0.1817004 0.1827236 0.1837550 0.1847947 0.1858427 0.1868990 0.1879637 0.1890367 0.1901180 0.1912075 0.1923052 0.1934109 0.1945247 0.1956463 0.1967758 0.1979130 0.1990578 0.2002103 0.2013705 0.2025382
0.1490662 0.1501561 0.1512247 0.1522741 0.1533063 0.1543230 0.1553259 0.1563165 0.1572964 0.1582668 0.1592289 0.1601841 0.1611333 0.1620776 0.1630180 0.1639555 0.1648908 0.1658248 0.1667584 0.1676922 0.1686271 0.1695637 0.1705026 0.1714444 0.1723899 0.1733393 0.1742934 0.1752526 0.1762173 0.1771879 0.1781648 0.1791483 0.1801388 0.1811364 0.1821415 0.1831542 0.1841747 0.1852031 0.1862395 0.1872839 0.1883365 0.1893971 0.1904659 0.1915428 0.1926277 0.1937206 0.1948214 0.1959300 0.1970464 0.1981705 0.1993021 0.2004414 0.2015882 0.2027426 0.2039046
0.1505007 0.1515924 0.1526625 0.1537133 0.1547467 0.1557647 0.1567688 0.1577608 0.1587421 0.1597139 0.1606776 0.1616343 0.1625850 0.1635309 0.1644728 0.1654117 0.1663484 0.1672838 0.1682186 0.1691536 0.1700895 0.1710269 0.1719666 0.1729090 0.1738548 0.1748045 0.1757586 0.1767175 0.1776817 0.1786517 0.1796276 0.1806100 0.1815991 0.1825950 0.1835982 0.1846087 0.1856268 0.1866525 0.1876859 0.1887272 0.1897764 0.1908334 0.1918984 0.1929713 0.1940520 0.1951405 0.1962367 0.1973407 0.1984523 0.1995714 0.2006981 0.2018323 0.2029740 0.2041232 0.2052799
0.1519284 0.1530217 0.1540932 0.1551452 0.1561799 0.1571993 0.1582049 0.1591985 0.1601814 0.1611550 0.1621204 0.1630789 0.1640315 0.1649791 0.1659228 0.1668634 0.1678018 0.1687388 0.1696751 0.1706115 0.1715486 0.1724872 0.1734278 0.1743710 0.1753174 0.1762675 0.1772218 0.1781808 0.1791448 0.1801143 0.1810897 0.1820711 0.1830590 0.1840536 0.1850552 0.1860638 0.1870798 0.1881031 0.1891340 0.1901725 0.1912186 0.1922725 0.1933340 0.1944033 0.1954802 0.1965648 0.1976570 0.1987568 0.1998640 0.2009788 0.2021010 0.2032307 0.2043678 0.2055123 0.2066644
