data/rasters/evap/evaporation_20000104.ASC
NCOLS                  300
NROWS                  325
XLLCORNER       0.0000000E+00
YLLCORNER        300000.0
CELLSIZE         1000.000
NODATA_VALUE    0.0000000E+00
[rows 66 to 87 of 325, columns 200 to 249 of 300]
0.1357813 0.1353528 0.1349094 0.1344516 0.1339798 0.1334946 0.1329963 0.1324855 0.1319628 0.1314287 0.1308838 0.1303287 0.1297639 0.1291902 0.1286082 0.1280187 0.1274224 0.1268200 0.1262124 0.1256004 0.1249850 0.1243671 0.1237476 0.1231275 0.1225080 0.1218901 0.1212749 0.1206637 0.1200576 0.1194578 0.1188655 0.1182818 0.1177078 0.1171443 0.1165921 0.1160520 0.1155242 0.1150090 0.1145064 0.1140164 0.1135386 0.1130727 0.1126183 0.1121749 0.1117422 0.1113196 0.1109067 0.1105033 0.1101089 0.1097232
0.1346674 0.1342515 0.1338209 0.1333760 0.1329174 0.1324454 0.1319606 0.1314635 0.1309546 0.1304345 0.1299037 0.1293629 0.1288126 0.1282535 0.1276864 0.1271118 0.1265305 0.1259433 0.1253511 0.1247546 0.1241547 0.1235524 0.1229486 0.1223443 0.1217406 0.1211385 0.1205391 0.1199435 0.1193528 0.1187682 0.1181907 0.1176215 0.1170614 0.1165113 0.1159720 0.1154440 0.1149276 0.1144233 0.1139310 0.1134506 0.1129821 0.1125250 0.1120791 0.1116439 0.1112192 0.1108045 0.1103995 0.1100037 0.1096169 0.1092387
0.1335603 0.1331570 0.1327393 0.1323075 0.1318622 0.1314037 0.1309325 0.1304492 0.1299544 0.1294484 0.1289319 0.1284056 0.1278699 0.1273257 0.1267734 0.1262139 0.1256479 0.1250760 0.1244993 0.1239183 0.1233341 0.1227476 0.1221596 0.1215711 0.1209832 0.1203969 0.1198131 0.1192331 0.1186578 0.1180883 0.1175256 0.1169708 0.1164246 0.1158879 0.1153614 0.1148455 0.1143408 0.1138474 0.1133655 0.1128951 0.1124359 0.1119879 0.1115507 0.1111239 0.1107074 0.1103007 0.1099035 0.1095155 0.1091363 0.1087658
0.1324601 0.1320697 0.1316650 0.1312464 0.1308145 0.1303696 0.1299122 0.1294429 0.1289621 0.1284705 0.1279685 0.1274568 0.1269359 0.1264066 0.1258694 0.1253251 0.1247744 0.1242181 0.1236569 0.1230916 0.1225232 0.1219524 0.1213802 0.1208076 0.1202355 0.1196650 0.1190969 0.1185324 0.1179724 0.1174179 0.1168700 0.1163294 0.1157971 0.1152737 0.1147600 0.1142564 0.1137634 0.1132811 0.1128098 0.1123494 0.1118998 0.1114610 0.1110326 0.1106145 0.1102063 0.1098077 0.1094185 0.1090383 0.1086669 0.1083040
0.1313673 0.1309898 0.1305982 0.1301929 0.1297745 0.1293433 0.1288998 0.1284446 0.1279781 0.1275009 0.1270135 0.1265166 0.1260106 0.1254963 0.1249744 0.1244454 0.1239102 0.1233694 0.1228238 0.1222743 0.1217216 0.1211667 0.1206104 0.1200537 0.1194974 0.1189426 0.1183901 0.1178410 0.1172963 0.1167568 0.1162234 0.1156971 0.1151786 0.1146686 0.1141677 0.1136764 0.1131951 0.1127241 0.1122634 0.1118133 0.1113735 0.1109440 0.1105247 0.1101153 0.1097156 0.1093253 0.1089441 0.1085719 0.1082082 0.1078530
0.1302820 0.1299174 0.1295390 0.1291472 0.1287424 0.1283250 0.1278955 0.1274545 0.1270024 0.1265397 0.1260671 0.1255850 0.1250941 0.1245949 0.1240883 0.1235747 0.1230550 0.1225298 0.1220000 0.1214663 0.1209294 0.1203904 0.1198500 0.1193091 0.1187686 0.1182294 0.1176925 0.1171588 0.1166293 0.1161046 0.1155859 0.1150738 0.1145690 0.1140723 0.1135843 0.1131053 0.1126358 0.1121761 0.1117263 0.1112864 0.1108566 0.1104367 0.1100266 0.1096260 0.1092349 0.1088530 0.1084801 0.1081158 0.1077600 0.1074126
0.1292044 0.1288529 0.1284877 0.1281094 0.1277183 0.1273148 0.1268995 0.1264727 0.1260351 0.1255870 0.1251292 0.1246621 0.1241863 0.1237024 0.1232111 0.1227130 0.1222089 0.1216994 0.1211854 0.1206674 0.1201465 0.1196233 0.1190987 0.1185736 0.1180489 0.1175254 0.1170040 0.1164856 0.1159711 0.1154613 0.1149571 0.1144591 0.1139681 0.1134847 0.1130095 0.1125429 0.1120852 0.1116369 0.1111980 0.1107687 0.1103489 0.1099387 0.1095379 0.1091464 0.1087640 0.1083906 0.1080259 0.1076698 0.1073220 0.1069823
0.1281347 0.1277963 0.1274445 0.1270797 0.1267024 0.1263129 0.1259117 0.1254993 0.1250762 0.1246429 0.1241999 0.1237479 0.1232872 0.1228187 0.1223428 0.1218603 0.1213719 0.1208781 0.1203798 0.1198777 0.1193726 0.1188653 0.1183566 0.1178473 0.1173382 0.1168303 0.1163244 0.1158212 0.1153217 0.1148267 0.1143368 0.1138529 0.1133756 0.1129055 0.1124431 0.1119889 0.1115432 0.1111063 0.1106784 0.1102597 0.1098501 0.1094497 0.1090584 0.1086761 0.1083026 0.1079378 0.1075815 0.1072336 0.1068938 0.1065620
0.1270732 0.1267479 0.1264095 0.1260583 0.1256947 0.1253193 0.1249324 0.1245344 0.1241259 0.1237074 0.1232794 0.1228424 0.1223970 0.1219438 0.1214835 0.1210166 0.1205437 0.1200657 0.1195832 0.1190970 0.1186077 0.1181163 0.1176233 0.1171298 0.1166364 0.1161440 0.1156534 0.1151654 0.1146809 0.1142005 0.1137250 0.1132551 0.1127914 0.1123346 0.1118850 0.1114432 0.1110095 0.1105842 0.1101674 0.1097594 0.1093601 0.1089696 0.1085879 0.1082149 0.1078504 0.1074944 0.1071466 0.1068069 0.1064752 0.1061514
0.1260199 0.1257077 0.1253827 0.1250452 0.1246955 0.1243342 0.1239615 0.1235781 0.1231842 0.1227806 0.1223676 0.1219457 0.1215156 0.1210778 0.1206330 0.1201817 0.1197246 0.1192623 0.1187956 0.1183252 0.1178518 0.1173761 0.1168989 0.1164211 0.1159433 0.1154663 0.1149910 0.1145182 0.1140485 0.1135827 0.1131215 0.1126655 0.1122155 0.1117718 0.1113351 0.1109057 0.1104840 0.1100703 0.1096647 0.1092675 0.1088786 0.1084982 0.1081262 0.1077626 0.1074072 0.1070600 0.1067208 0.1063896 0.1060660 0.1057501
0.1249750 0.1246760 0.1243644 0.1240406 0.1237048 0.1233576 0.1229993 0.1226303 0.1222512 0.1218624 0.1214644 0.1210578 0.1206430 0.1202207 0.1197914 0.1193557 0.1189143 0.1184678 0.1180169 0.1175622 0.1171046 0.1166447 0.1161832 0.1157210 0.1152587 0.1147972 0.1143371 0.1138792 0.1134243 0.1129730 0.1125261 0.1120840 0.1116476 0.1112171 0.1107932 0.1103763 0.1099666 0.1095645 0.1091702 0.1087838 0.1084055 0.1080352 0.1076730 0.1073189 0.1069727 0.1066345 0.1063040 0.1059812 0.1056659 0.1053581
0.1239386 0.1236528 0.1233547 0.1230445 0.1227227 0.1223896 0.1220456 0.1216913 0.1213269 0.1209530 0.1205701 0.1201786 0.1197792 0.1193723 0.1189585 0.1185385 0.1181128 0.1176820 0.1172469 0.1168080 0.1163661 0.1159220 0.1154762 0.1150295 0.1145827 0.1141364 0.1136915 0.1132485 0.1128083 0.1123715 0.1119387 0.1115105 0.1110876 0.1106703 0.1102592 0.1098547 0.1094571 0.1090667 0.1086837 0.1083083 0.1079405 0.1075805 0.1072282 0.1068837 0.1065469 0.1062176 0.1058959 0.1055817 0.1052747 0.1049750
0.1229108 0.1226382 0.1223535 0.1220571 0.1217492 0.1214303 0.1211007 0.1207609 0.1204113 0.1200523 0.1196845 0.1193083 0.1189242 0.1185327 0.1181345 0.1177301 0.1173200 0.1169050 0.1164856 0.1160625 0.1156363 0.1152078 0.1147776 0.1143464 0.1139150 0.1134840 0.1130541 0.1126260 0.1122004 0.1117780 0.1113593 0.1109449 0.1105354 0.1101313 0.1097330 0.1093410 0.1089554 0.1085767 0.1082051 0.1078407 0.1074836 0.1071339 0.1067916 0.1064568 0.1061294 0.1058093 0.1054964 0.1051908 0.1048922 0.1046006
0.1218917 0.1216323 0.1213610 0.1210783 0.1207844 0.1204796 0.1201645 0.1198392 0.1195044 0.1191604 0.1188076 0.1184466 0.1180779 0.1177019 0.1173192 0.1169304 0.1165360 0.1161367 0.1157330 0.1153256 0.1149151 0.1145022 0.1140875 0.1136718 0.1132556 0.1128397 0.1124248 0.1120115 0.1116005 0.1111923 0.1107876 0.1103870 0.1099910 0.1096000 0.1092145 0.1088349 0.1084614 0.1080945 0.1077343 0.1073809 0.1070345 0.1066953 0.1063631 0.1060380 0.1057201 0.1054092 0.1051053 0.1048083 0.1045182 0.1042348
0.1208813 0.1206351 0.1203773 0.1201083 0.1198283 0.1195377 0.1192370 0.1189263 0.1186063 0.1182772 0.1179395 0.1175938 0.1172404 0.1168798 0.1165127 0.1161394 0.1157607 0.1153770 0.1149890 0.1145972 0.1142023 0.1138049 0.1134057 0.1130054 0.1126044 0.1122036 0.1118036 0.1114050 0.1110084 0.1106145 0.1102238 0.1098368 0.1094542 0.1090763 0.1087035 0.1083363 0.1079750 0.1076199 0.1072711 0.1069289 0.1065933 0.1062644 0.1059424 0.1056272 0.1053188 0.1050172 0.1047223 0.1044341 0.1041525 0.1038774
0.1198796 0.1196466 0.1194023 0.1191470 0.1188810 0.1186046 0.1183182 0.1180222 0.1177169 0.1174027 0.1170802 0.1167496 0.1164115 0.1160664 0.1157148 0.1153571 0.1149939 0.1146259 0.1142535 0.1138773 0.1134980 0.1131161 0.1127323 0.1123472 0.1119614 0.1115756 0.1111904 0.1108064 0.1104242 0.1100444 0.1096676 0.1092942 0.1089249 0.1085601 0.1082001 0.1078453 0.1074961 0.1071528 0.1068155 0.1064844 0.1061596 0.1058413 0.1055295 0.1052242 0.1049255 0.1046332 0.1043474 0.1040680 0.1037949 0.1035281
0.1188868 0.1186669 0.1184361 0.1181945 0.1179424 0.1176802 0.1174082 0.1171268 0.1168362 0.1165370 0.1162295 0.1159142 0.1155914 0.1152617 0.1149255 0.1145834 0.1142358 0.1138833 0.1135264 0.1131658 0.1128019 0.1124355 0.1120670 0.1116971 0.1113264 0.1109555 0.1105850 0.1102156 0.1098477 0.1094820 0.1091190 0.1087592 0.1084032 0.1080513 0.1077040 0.1073617 0.1070246 0.1066931 0.1063673 0.1060474 0.1057336 0.1054258 0.1051243 0.1048290 0.1045399 0.1042570 0.1039803 0.1037098 0.1034453 0.1031869
0.1179028 0.1176961 0.1174786 0.1172507 0.1170126 0.1167645 0.1165069 0.1162401 0.1159643 0.1156800 0.1153876 0.1150874 0.1147799 0.1144655 0.1141448 0.1138182 0.1134861 0.1131491 0.1128078 0.1124627 0.1121142 0.1117631 0.1114099 0.1110552 0.1106995 0.1103434 0.1099875 0.1096325 0.1092789 0.1089271 0.1085779 0.1082316 0.1078888 0.1075499 0.1072153 0.1068854 0.1065605 0.1062407 0.1059265 0.1056178 0.1053149 0.1050178 0.1047266 0.1044413 0.1041619 0.1038885 0.1036210 0.1033594 0.1031036 0.1028536
0.1169276 0.1167340 0.1165299 0.1163157 0.1160915 0.1158576 0.1156144 0.1153621 0.1151010 0.1148316 0.1145542 0.1142692 0.1139770 0.1136780 0.1133727 0.1130615 0.1127449 0.1124234 0.1120975 0.1117678 0.1114348 0.1110990 0.1107609 0.1104212 0.1100804 0.1097391 0.1093978 0.1090572 0.1087177 0.1083799 0.1080443 0.1077115 0.1073818 0.1070558 0.1067339 0.1064164 0.1061035 0.1057957 0.1054929 0.1051956 0.1049036 0.1046172 0.1043363 0.1040611 0.1037915 0.1035276 0.1032693 0.1030166 0.1027695 0.1025279
0.1159611 0.1157807 0.1155900 0.1153894 0.1151791 0.1149594 0.1147305 0.1144927 0.1142464 0.1139919 0.1137295 0.1134596 0.1131826 0.1128990 0.1126090 0.1123132 0.1120121 0.1117060 0.1113956 0.1110812 0.1107635 0.1104429 0.1101200 0.1097952 0.1094693 0.1091427 0.1088159 0.1084895 0.1081641 0.1078401 0.1075182 0.1071987 0.1068822 0.1065690 0.1062597 0.1059545 0.1056538 0.1053578 0.1050666 0.1047805 0.1044996 0.1042238 0.1039534 0.1036883 0.1034286 0.1031742 0.1029251 0.1026814 0.1024430 0.1022099
0.1150035 0.1148361 0.1146588 0.1144718 0.1142754 0.1140698 0.1138553 0.1136320 0.1134004 0.1131607 0.1129133 0.1126586 0.1123968 0.1121284 0.1118538 0.1115734 0.1112876 0.1109969 0.1107019 0.1104028 0.1101003 0.1097949 0.1094870 0.1091772 0.1088660 0.1085540 0.1082416 0.1079295 0.1076180 0.1073078 0.1069994 0.1066932 0.1063897 0.1060894 0.1057927 0.1054999 0.1052112 0.1049270 0.1046475 0.1043727 0.1041027 0.1038378 0.1035778 0.1033228 0.1030729 0.1028281 0.1025883 0.1023536 0.1021240 0.1018993
0.1140545 0.1139002 0.1137362 0.1135629 0.1133804 0.1131889 0.1129886 0.1127799 0.1125630 0.1123381 0.1121057 0.1118660 0.1116194 0.1113662 0.1111069 0.1108418 0.1105714 0.1102961 0.1100163 0.1097325 0.1094452 0.1091549 0.1088620 0.1085670 0.1082706 0.1079730 0.1076750 0.1073770 0.1070795 0.1067830 0.1064880 0.1061950 0.1059046 0.1056170 0.1053328 0.1050523 0.1047757 0.1045034 0.1042354 0.1039720 0.1037131 0.1034588 0.1032093 0.1029645 0.1027245 0.1024893 0.1022588 0.1020331 0.1018122 0.1015961
