data/rasters/evap/evaporation_20000105.ASC
NCOLS                  300
NROWS                  325
XLLCORNER       0.0000000E+00
YLLCORNER        300000.0
CELLSIZE         1000.000
NODATA_VALUE    0.0000000E+00
[rows 50 to 74 of 325, columns 165 to 219 of 300]
0.3995230 0.3995232 0.3995222 0.3995200 0.3995168 0.3995125 0.3995072 0.3995008 0.3994935 0.3994851 0.3994758 0.3994655 0.3994543 0.3994422 0.3994291 0.3994152 0.3994004 0.3993848 0.3993685 0.3993515 0.3993340 0.3993159 0.3992973 0.3992783 0.3992590 0.3992393 0.3992193 0.3991992 0.3991787 0.3991582 0.3991375 0.3991168 0.3990960 0.3990751 0.3990543 0.3990335 0.3990128 0.3989921 0.3989716 0.3989513 0.3989311 0.3989111 0.3988914 0.3988719 0.3988527 0.3988339 0.3988154 0.3987973 0.3987796 0.3987623 0.3987456 0.3987293 0.3987136 0.3986985 0.3986839
0.3995259 0.3995254 0.3995237 0.3995209 0.3995170 0.3995120 0.3995060 0.3994989 0.3994909 0.3994819 0.3994720 0.3994611 0.3994492 0.3994365 0.3994229 0.3994084 0.3993931 0.3993770 0.3993603 0.3993429 0.3993249 0.3993064 0.3992874 0.3992680 0.3992482 0.3992281 0.3992078 0.3991872 0.3991664 0.3991455 0.3991245 0.3991033 0.3990822 0.3990610 0.3990399 0.3990188 0.3989978 0.3989769 0.3989562 0.3989356 0.3989153 0.3988951 0.3988753 0.3988557 0.3988365 0.3988176 0.3987991 0.3987810 0.3987633 0.3987462 0.3987295 0.3987134 0.3986979 0.3986829 0.3986685
0.3995274 0.3995262 0.3995238 0.3995202 0.3995157 0.3995100 0.3995033 0.3994956 0.3994869 0.3994773 0.3994667 0.3994552 0.3994427 0.3994294 0.3994152 0.3994002 0.3993844 0.3993679 0.3993507 0.3993329 0.3993144 0.3992955 0.3992761 0.3992563 0.3992361 0.3992156 0.3991948 0.3991739 0.3991527 0.3991314 0.3991100 0.3990886 0.3990671 0.3990456 0.3990242 0.3990029 0.3989816 0.3989605 0.3989395 0.3989187 0.3988982 0.3988779 0.3988579 0.3988383 0.3988189 0.3988000 0.3987815 0.3987634 0.3987458 0.3987287 0.3987122 0.3986962 0.3986807 0.3986660 0.3986518
0.3995275 0.3995255 0.3995224 0.3995182 0.3995129 0.3995066 0.3994992 0.3994909 0.3994815 0.3994712 0.3994600 0.3994479 0.3994348 0.3994209 0.3994062 0.3993907 0.3993744 0.3993574 0.3993397 0.3993214 0.3993026 0.3992832 0.3992634 0.3992432 0.3992226 0.3992018 0.3991806 0.3991593 0.3991378 0.3991161 0.3990944 0.3990726 0.3990508 0.3990290 0.3990073 0.3989857 0.3989641 0.3989428 0.3989216 0.3989006 0.3988799 0.3988595 0.3988394 0.3988196 0.3988002 0.3987812 0.3987627 0.3987446 0.3987271 0.3987100 0.3986935 0.3986776 0.3986624 0.3986477 0.3986338
0.3995262 0.3995235 0.3995197 0.3995148 0.3995088 0.3995018 0.3994938 0.3994848 0.3994748 0.3994638 0.3994520 0.3994392 0.3994257 0.3994112 0.3993959 0.3993799 0.3993631 0.3993456 0.3993275 0.3993087 0.3992895 0.3992697 0.3992495 0.3992288 0.3992079 0.3991866 0.3991651 0.3991434 0.3991216 0.3990996 0.3990775 0.3990554 0.3990332 0.3990112 0.3989892 0.3989673 0.3989455 0.3989239 0.3989025 0.3988813 0.3988605 0.3988399 0.3988197 0.3987998 0.3987803 0.3987613 0.3987427 0.3987246 0.3987071 0.3986901 0.3986737 0.3986579 0.3986427 0.3986283 0.3986145
0.3995236 0.3995202 0.3995157 0.3995101 0.3995034 0.3994957 0.3994870 0.3994773 0.3994667 0.3994552 0.3994427 0.3994294 0.3994152 0.3994002 0.3993844 0.3993678 0.3993505 0.3993326 0.3993140 0.3992948 0.3992751 0.3992549 0.3992343 0.3992133 0.3991919 0.3991703 0.3991485 0.3991264 0.3991042 0.3990818 0.3990594 0.3990370 0.3990146 0.3989922 0.3989699 0.3989477 0.3989257 0.3989039 0.3988823 0.3988610 0.3988399 0.3988192 0.3987988 0.3987789 0.3987593 0.3987402 0.3987216 0.3987035 0.3986860 0.3986691 0.3986527 0.3986370 0.3986220 0.3986076 0.3985940
0.3995197 0.3995156 0.3995104 0.3995041 0.3994967 0.3994884 0.3994790 0.3994687 0.3994574 0.3994453 0.3994322 0.3994183 0.3994035 0.3993880 0.3993716 0.3993546 0.3993368 0.3993184 0.3992994 0.3992797 0.3992596 0.3992390 0.3992180 0.3991966 0.3991749 0.3991529 0.3991306 0.3991082 0.3990857 0.3990630 0.3990403 0.3990175 0.3989948 0.3989722 0.3989496 0.3989272 0.3989049 0.3988828 0.3988610 0.3988395 0.3988183 0.3987974 0.3987769 0.3987568 0.3987372 0.3987181 0.3986994 0.3986813 0.3986638 0.3986469 0.3986306 0.3986150 0.3986000 0.3985858 0.3985723
0.3995146 0.3995098 0.3995038 0.3994969 0.3994888 0.3994798 0.3994698 0.3994588 0.3994470 0.3994342 0.3994205 0.3994060 0.3993907 0.3993746 0.3993578 0.3993402 0.3993219 0.3993030 0.3992836 0.3992636 0.3992430 0.3992220 0.3992006 0.3991788 0.3991567 0.3991344 0.3991118 0.3990890 0.3990661 0.3990431 0.3990201 0.3989970 0.3989740 0.3989511 0.3989282 0.3989055 0.3988830 0.3988608 0.3988387 0.3988170 0.3987956 0.3987746 0.3987540 0.3987338 0.3987141 0.3986949 0.3986762 0.3986581 0.3986406 0.3986237 0.3986075 0.3985919 0.3985771 0.3985629 0.3985496
0.3995082 0.3995027 0.3994961 0.3994884 0.3994797 0.3994701 0.3994594 0.3994478 0.3994353 0.3994220 0.3994077 0.3993927 0.3993768 0.3993602 0.3993428 0.3993247 0.3993060 0.3992867 0.3992668 0.3992463 0.3992254 0.3992040 0.3991822 0.3991600 0.3991376 0.3991148 0.3990919 0.3990688 0.3990456 0.3990223 0.3989989 0.3989755 0.3989522 0.3989290 0.3989059 0.3988830 0.3988602 0.3988377 0.3988155 0.3987936 0.3987720 0.3987509 0.3987301 0.3987099 0.3986900 0.3986708 0.3986520 0.3986339 0.3986164 0.3985995 0.3985834 0.3985679 0.3985531 0.3985390 0.3985258
0.3995007 0.3994945 0.3994873 0.3994789 0.3994696 0.3994592 0.3994479 0.3994357 0.3994226 0.3994087 0.3993939 0.3993782 0.3993618 0.3993447 0.3993268 0.3993083 0.3992891 0.3992693 0.3992490 0.3992281 0.3992068 0.3991849 0.3991628 0.3991403 0.3991174 0.3990944 0.3990711 0.3990476 0.3990241 0.3990004 0.3989768 0.3989531 0.3989295 0.3989060 0.3988827 0.3988595 0.3988365 0.3988138 0.3987914 0.3987693 0.3987476 0.3987263 0.3987054 0.3986850 0.3986651 0.3986458 0.3986270 0.3986088 0.3985913 0.3985744 0.3985583 0.3985428 0.3985281 0.3985142 0.3985010
0.3994921 0.3994853 0.3994773 0.3994683 0.3994583 0.3994473 0.3994354 0.3994226 0.3994089 0.3993943 0.3993790 0.3993628 0.3993459 0.3993283 0.3993099 0.3992909 0.3992712 0.3992510 0.3992302 0.3992090 0.3991872 0.3991650 0.3991425 0.3991196 0.3990964 0.3990730 0.3990494 0.3990256 0.3990017 0.3989778 0.3989538 0.3989299 0.3989060 0.3988822 0.3988586 0.3988352 0.3988119 0.3987890 0.3987664 0.3987441 0.3987222 0.3987008 0.3986798 0.3986593 0.3986393 0.3986199 0.3986011 0.3985829 0.3985653 0.3985485 0.3985323 0.3985169 0.3985023 0.3984884 0.3984753
0.3994825 0.3994749 0.3994663 0.3994566 0.3994460 0.3994344 0.3994218 0.3994084 0.3993942 0.3993790 0.3993631 0.3993465 0.3993290 0.3993109 0.3992921 0.3992726 0.3992525 0.3992318 0.3992106 0.3991889 0.3991668 0.3991443 0.3991213 0.3990981 0.3990746 0.3990508 0.3990268 0.3990027 0.3989785 0.3989543 0.3989300 0.3989058 0.3988816 0.3988576 0.3988337 0.3988100 0.3987866 0.3987634 0.3987406 0.3987182 0.3986961 0.3986745 0.3986534 0.3986328 0.3986127 0.3985932 0.3985744 0.3985561 0.3985386 0.3985217 0.3985056 0.3984902 0.3984756 0.3984618 0.3984489
0.3994718 0.3994635 0.3994542 0.3994440 0.3994327 0.3994205 0.3994073 0.3993933 0.3993785 0.3993629 0.3993464 0.3993292 0.3993113 0.3992926 0.3992733 0.3992534 0.3992329 0.3992118 0.3991902 0.3991681 0.3991456 0.3991227 0.3990994 0.3990758 0.3990519 0.3990278 0.3990036 0.3989791 0.3989546 0.3989301 0.3989055 0.3988810 0.3988566 0.3988323 0.3988081 0.3987842 0.3987606 0.3987372 0.3987142 0.3986915 0.3986693 0.3986475 0.3986263 0.3986056 0.3985854 0.3985658 0.3985469 0.3985286 0.3985111 0.3984942 0.3984781 0.3984628 0.3984482 0.3984345 0.3984216
0.3994601 0.3994512 0.3994412 0.3994303 0.3994184 0.3994056 0.3993919 0.3993773 0.3993620 0.3993458 0.3993288 0.3993111 0.3992927 0.3992736 0.3992538 0.3992335 0.3992125 0.3991911 0.3991690 0.3991466 0.3991237 0.3991004 0.3990768 0.3990528 0.3990286 0.3990042 0.3989796 0.3989548 0.3989300 0.3989052 0.3988803 0.3988555 0.3988308 0.3988062 0.3987819 0.3987577 0.3987338 0.3987103 0.3986870 0.3986642 0.3986419 0.3986199 0.3985985 0.3985777 0.3985574 0.3985378 0.3985188 0.3985005 0.3984829 0.3984661 0.3984500 0.3984347 0.3984202 0.3984065 0.3983937
0.3994475 0.3994379 0.3994273 0.3994158 0.3994033 0.3993899 0.3993756 0.3993605 0.3993446 0.3993278 0.3993104 0.3992922 0.3992733 0.3992538 0.3992336 0.3992128 0.3991914 0.3991695 0.3991472 0.3991243 0.3991010 0.3990774 0.3990534 0.3990292 0.3990046 0.3989799 0.3989550 0.3989299 0.3989048 0.3988796 0.3988545 0.3988295 0.3988045 0.3987797 0.3987550 0.3987306 0.3987065 0.3986827 0.3986593 0.3986363 0.3986138 0.3985917 0.3985702 0.3985492 0.3985289 0.3985091 0.3984901 0.3984717 0.3984541 0.3984373 0.3984212 0.3984059 0.3983915 0.3983779 0.3983651
0.3994339 0.3994237 0.3994125 0.3994004 0.3993873 0.3993733 0.3993585 0.3993428 0.3993264 0.3993092 0.3992912 0.3992726 0.3992532 0.3992332 0.3992126 0.3991914 0.3991697 0.3991474 0.3991247 0.3991014 0.3990778 0.3990538 0.3990295 0.3990049 0.3989801 0.3989550 0.3989298 0.3989044 0.3988790 0.3988536 0.3988282 0.3988028 0.3987776 0.3987525 0.3987276 0.3987030 0.3986787 0.3986547 0.3986311 0.3986079 0.3985852 0.3985630 0.3985413 0.3985202 0.3984998 0.3984800 0.3984609 0.3984425 0.3984248 0.3984080 0.3983919 0.3983766 0.3983622 0.3983487 0.3983361
0.3994195 0.3994087 0.3993969 0.3993841 0.3993705 0.3993559 0.3993406 0.3993244 0.3993075 0.3992898 0.3992713 0.3992522 0.3992325 0.3992121 0.3991911 0.3991694 0.3991473 0.3991247 0.3991016 0.3990780 0.3990541 0.3990297 0.3990051 0.3989802 0.3989550 0.3989296 0.3989041 0.3988785 0.3988528 0.3988270 0.3988014 0.3987757 0.3987502 0.3987249 0.3986998 0.3986749 0.3986504 0.3986262 0.3986024 0.3985790 0.3985561 0.3985338 0.3985120 0.3984908 0.3984702 0.3984503 0.3984312 0.3984127 0.3983951 0.3983782 0.3983621 0.3983469 0.3983326 0.3983191 0.3983065
0.3994042 0.3993928 0.3993804 0.3993671 0.3993529 0.3993378 0.3993219 0.3993053 0.3992878 0.3992697 0.3992508 0.3992313 0.3992111 0.3991903 0.3991689 0.3991469 0.3991244 0.3991014 0.3990780 0.3990541 0.3990298 0.3990051 0.3989802 0.3989549 0.3989295 0.3989038 0.3988780 0.3988521 0.3988261 0.3988001 0.3987741 0.3987482 0.3987225 0.3986969 0.3986715 0.3986464 0.3986217 0.3985973 0.3985733 0.3985497 0.3985267 0.3985042 0.3984822 0.3984609 0.3984403 0.3984203 0.3984011 0.3983826 0.3983649 0.3983480 0.3983320 0.3983168 0.3983025 0.3982891 0.3982766
0.3993882 0.3993761 0.3993632 0.3993493 0.3993346 0.3993190 0.3993026 0.3992855 0.3992676 0.3992490 0.3992297 0.3992097 0.3991892 0.3991680 0.3991462 0.3991239 0.3991010 0.3990777 0.3990539 0.3990297 0.3990051 0.3989801 0.3989549 0.3989293 0.3989035 0.3988776 0.3988515 0.3988253 0.3987990 0.3987728 0.3987465 0.3987204 0.3986944 0.3986686 0.3986430 0.3986176 0.3985927 0.3985680 0.3985438 0.3985201 0.3984969 0.3984742 0.3984522 0.3984307 0.3984100 0.3983899 0.3983706 0.3983521 0.3983344 0.3983175 0.3983015 0.3982863 0.3982721 0.3982588 0.3982464
0.3993713 0.3993587 0.3993452 0.3993308 0.3993156 0.3992995 0.3992827 0.3992651 0.3992468 0.3992277 0.3992080 0.3991877 0.3991667 0.3991452 0.3991230 0.3991004 0.3990772 0.3990535 0.3990294 0.3990049 0.3989800 0.3989548 0.3989292 0.3989034 0.3988774 0.3988511 0.3988247 0.3987982 0.3987717 0.3987452 0.3987187 0.3986923 0.3986660 0.3986399 0.3986141 0.3985886 0.3985634 0.3985385 0.3985142 0.3984903 0.3984669 0.3984441 0.3984219 0.3984003 0.3983794 0.3983593 0.3983400 0.3983214 0.3983037 0.3982868 0.3982708 0.3982557 0.3982415 0.3982282 0.3982159
0.3993538 0.3993406 0.3993266 0.3993117 0.3992959 0.3992794 0.3992621 0.3992441 0.3992254 0.3992060 0.3991859 0.3991652 0.3991438 0.3991219 0.3990995 0.3990765 0.3990530 0.3990290 0.3990046 0.3989798 0.3989547 0.3989291 0.3989033 0.3988772 0.3988509 0.3988244 0.3987977 0.3987710 0.3987442 0.3987173 0.3986906 0.3986639 0.3986374 0.3986111 0.3985851 0.3985593 0.3985339 0.3985088 0.3984843 0.3984602 0.3984366 0.3984137 0.3983913 0.3983697 0.3983487 0.3983285 0.3983091 0.3982905 0.3982727 0.3982559 0.3982399 0.3982248 0.3982107 0.3981975 0.3981853
0.3993355 0.3993218 0.3993073 0.3992919 0.3992757 0.3992587 0.3992410 0.3992226 0.3992035 0.3991837 0.3991632 0.3991422 0.3991206 0.3990983 0.3990756 0.3990523 0.3990285 0.3990043 0.3989796 0.3989545 0.3989291 0.3989033 0.3988772 0.3988508 0.3988242 0.3987975 0.3987705 0.3987435 0.3987164 0.3986894 0.3986624 0.3986355 0.3986087 0.3985822 0.3985559 0.3985299 0.3985043 0.3984790 0.3984542 0.3984300 0.3984063 0.3983832 0.3983607 0.3983389 0.3983179 0.3982976 0.3982781 0.3982595 0.3982417 0.3982248 0.3982089 0.3981939 0.3981798 0.3981667 0.3981547
0.3993166 0.3993024 0.3992874 0.3992715 0.3992549 0.3992375 0.3992195 0.3992006 0.3991812 0.3991610 0.3991403 0.3991189 0.3990969 0.3990744 0.3990514 0.3990278 0.3990038 0.3989793 0.3989543 0.3989290 0.3989033 0.3988772 0.3988509 0.3988243 0.3987975 0.3987704 0.3987433 0.3987160 0.3986887 0.3986614 0.3986341 0.3986070 0.3985800 0.3985532 0.3985267 0.3985004 0.3984746 0.3984492 0.3984242 0.3983998 0.3983759 0.3983526 0.3983300 0.3983082 0.3982870 0.3982666 0.3982471 0.3982284 0.3982106 0.3981938 0.3981778 0.3981629 0.3981489 0.3981359 0.3981240
0.3992971 0.3992824 0.3992670 0.3992507 0.3992336 0.3992159 0.3991974 0.3991783 0.3991584 0.3991380 0.3991169 0.3990953 0.3990730 0.3990503 0.3990270 0.3990031 0.3989789 0.3989541 0.3989289 0.3989034 0.3988774 0.3988512 0.3988246 0.3987977 0.3987706 0.3987434 0.3987160 0.3986885 0.3986609 0.3986334 0.3986059 0.3985785 0.3985513 0.3985242 0.3984975 0.3984710 0.3984450 0.3984194 0.3983942 0.3983696 0.3983455 0.3983221 0.3982994 0.3982774 0.3982562 0.3982357 0.3982161 0.3981974 0.3981796 0.3981628 0.3981469 0.3981320 0.3981181 0.3981052 0.3980934
0.3992769 0.3992619 0.3992460 0.3992293 0.3992119 0.3991938 0.3991750 0.3991555 0.3991354 0.3991147 0.3990933 0.3990714 0.3990489 0.3990259 0.3990024 0.3989783 0.3989538 0.3989289 0.3989035 0.3988777 0.3988515 0.3988250 0.3987982 0.3987712 0.3987439 0.3987164 0.3986887 0.3986610 0.3986332 0.3986054 0.3985777 0.3985501 0.3985226 0.3984953 0.3984684 0.3984417 0.3984154 0.3983896 0.3983642 0.3983395 0.3983153 0.3982917 0.3982688 0.3982467 0.3982254 0.3982049 0.3981853 0.3981665 0.3981487 0.3981318 0.3981160 0.3981012 0.3980874 0.3980746 0.3980629
