data/rasters/evap/evaporation_20000109.ASC
NCOLS                  300
NROWS                  325
XLLCORNER       0.0000000E+00
YLLCORNER        300000.0
CELLSIZE         1000.000
NODATA_VALUE    0.0000000E+00
[rows 100 to 124 of 325, columns 220 to 274 of 300]
0.3873633 0.3866337 0.3858758 0.3850893 0.3842742 0.3834301 0.3825566 0.3816534 0.3807199 0.3797553 0.3787590 0.3777297 0.3766664 0.3755676 0.3744323 0.3732600 0.3720512 0.3708076 0.3695315 0.3682255 0.3668921 0.3655338 0.3641528 0.3627511 0.3613305 0.3598928 0.3584394 0.3569720 0.3554917 0.3540000 0.3524981 0.3509871 0.3494682 0.3479424 0.3464108 0.3448742 0.3433336 0.3417899 0.3402439 0.3386964 0.3371481 0.3355998 0.3340522 0.3325058 0.3309613 0.3294192 0.3278801 0.3263445 0.3248128 0.3232855 0.3217629 0.3202456 0.3187337 0.0000000E+00 0.0000000E+00
0.3870532 0.3863154 0.3855491 0.3847543 0.3839306 0.3830779 0.3821957 0.3812837 0.3803414 0.3793680 0.3783630 0.3773253 0.3762540 0.3751481 0.3740070 0.3728305 0.3716192 0.3703745 0.3690982 0.3677927 0.3664602 0.3651031 0.3637235 0.3623232 0.3609042 0.3594682 0.3580166 0.3565511 0.3550729 0.3535835 0.3520839 0.3505755 0.3490593 0.3475363 0.3460076 0.3444742 0.3429369 0.3413967 0.3398542 0.3383105 0.3367660 0.3352217 0.3336781 0.3321359 0.3305956 0.3290578 0.3275231 0.3259919 0.3244647 0.3229420 0.3214240 0.3199112 0.3184039 0.0000000E+00 0.0000000E+00
0.3867339 0.3859875 0.3852125 0.3844088 0.3835762 0.3827144 0.3818231 0.3809020 0.3799505 0.3789682 0.3779543 0.3769082 0.3758290 0.3747162 0.3735694 0.3723886 0.3711744 0.3699281 0.3686512 0.3673459 0.3660142 0.3646582 0.3632798 0.3618811 0.3604638 0.3590296 0.3575800 0.3561166 0.3546407 0.3531536 0.3516566 0.3501509 0.3486376 0.3471176 0.3455921 0.3440620 0.3425283 0.3409916 0.3394530 0.3379130 0.3363726 0.3348324 0.3332931 0.3317552 0.3302193 0.3286861 0.3271559 0.3256294 0.3241069 0.3225889 0.3210757 0.3195677 0.3180652 0.0000000E+00 0.0000000E+00
0.3864058 0.3856504 0.3848663 0.3840533 0.3832114 0.3823402 0.3814395 0.3805090 0.3795482 0.3785567 0.3775339 0.3764794 0.3753925 0.3742728 0.3731203 0.3719350 0.3707177 0.3694694 0.3681917 0.3668862 0.3655549 0.3641998 0.3628227 0.3614255 0.3600099 0.3585776 0.3571301 0.3556689 0.3541954 0.3527109 0.3512166 0.3497137 0.3482034 0.3466867 0.3451645 0.3436379 0.3421078 0.3405749 0.3390402 0.3375044 0.3359682 0.3344323 0.3328973 0.3313640 0.3298328 0.3283042 0.3267788 0.3252571 0.3237395 0.3222264 0.3207181 0.3192151 0.0000000E+00 0.0000000E+00 0.0000000E+00
0.3860692 0.3853045 0.3845109 0.3836884 0.3828368 0.3819559 0.3810456 0.3801054 0.3791351 0.3781344 0.3771027 0.3760398 0.3749452 0.3738188 0.3726605 0.3714706 0.3702499 0.3689994 0.3677203 0.3664144 0.3650833 0.3637289 0.3623529 0.3609571 0.3595432 0.3581128 0.3566674 0.3552085 0.3537375 0.3522556 0.3507642 0.3492644 0.3477572 0.3462438 0.3447251 0.3432022 0.3416758 0.3401470 0.3386163 0.3370847 0.3355529 0.3340215 0.3324912 0.3309625 0.3294360 0.3279124 0.3263920 0.3248753 0.3233627 0.3218547 0.3203516 0.3188538 0.0000000E+00 0.0000000E+00 0.0000000E+00
0.3857246 0.3849502 0.3841469 0.3833145 0.3824530 0.3815622 0.3806419 0.3796920 0.3787121 0.3777021 0.3766615 0.3755902 0.3744880 0.3733547 0.3721906 0.3709961 0.3697717 0.3685187 0.3672380 0.3659313 0.3646002 0.3632462 0.3618711 0.3604766 0.3590643 0.3576357 0.3561925 0.3547359 0.3532675 0.3517883 0.3502998 0.3488031 0.3472992 0.3457893 0.3442743 0.3427551 0.3412327 0.3397079 0.3381816 0.3366544 0.3351271 0.3336003 0.3320747 0.3305509 0.3290295 0.3275109 0.3259956 0.3244841 0.3229768 0.3214741 0.3199764 0.3184839 0.0000000E+00 0.0000000E+00 0.0000000E+00
0.3853723 0.3845880 0.3837746 0.3829321 0.3820604 0.3811595 0.3802292 0.3792694 0.3782798 0.3772604 0.3762110 0.3751313 0.3740214 0.3728814 0.3717114 0.3705120 0.3692839 0.3680280 0.3667454 0.3654377 0.3641061 0.3627523 0.3613780 0.3599846 0.3585738 0.3571471 0.3557059 0.3542517 0.3527858 0.3513095 0.3498240 0.3483304 0.3468299 0.3453235 0.3438122 0.3422970 0.3407787 0.3392582 0.3377362 0.3362135 0.3346909 0.3331690 0.3316483 0.3301296 0.3286133 0.3270999 0.3255899 0.3240838 0.3225820 0.3210848 0.3195925 0.3181056 0.3166243 0.0000000E+00 0.0000000E+00
0.3850127 0.3842182 0.3833945 0.3825417 0.3816597 0.3807485 0.3798079 0.3788381 0.3778388 0.3768100 0.3757516 0.3746637 0.3735462 0.3723993 0.3712234 0.3700190 0.3687869 0.3675279 0.3662432 0.3649341 0.3636019 0.3622481 0.3608742 0.3594818 0.3580724 0.3566474 0.3552082 0.3537563 0.3522930 0.3508195 0.3493370 0.3478467 0.3463496 0.3448469 0.3433394 0.3418282 0.3403141 0.3387980 0.3372805 0.3357626 0.3342448 0.3327278 0.3312122 0.3296987 0.3281877 0.3266797 0.3251753 0.3236747 0.3221785 0.3206870 0.3192005 0.3177193 0.3162437 0.0000000E+00 0.0000000E+00
0.3846462 0.3838413 0.3830071 0.3821437 0.3812512 0.3803295 0.3793787 0.3783987 0.3773896 0.3763514 0.3752841 0.3741878 0.3730627 0.3719089 0.3707271 0.3695176 0.3682813 0.3670191 0.3657319 0.3644212 0.3630880 0.3617340 0.3603604 0.3589688 0.3575605 0.3561372 0.3546999 0.3532503 0.3517895 0.3503188 0.3488393 0.3473523 0.3458588 0.3443598 0.3428562 0.3413492 0.3398393 0.3383277 0.3368149 0.3353017 0.3337889 0.3322770 0.3307667 0.3292585 0.3277530 0.3262506 0.3247518 0.3232570 0.3217666 0.3202809 0.3188003 0.3173251 0.3158554 0.0000000E+00 0.0000000E+00
0.3842732 0.3834576 0.3826127 0.3817386 0.3808354 0.3799031 0.3789419 0.3779517 0.3769328 0.3758851 0.3748089 0.3737042 0.3725714 0.3714108 0.3702229 0.3690082 0.3677675 0.3665018 0.3652121 0.3638994 0.3625651 0.3612106 0.3598371 0.3584461 0.3570389 0.3556170 0.3541816 0.3527341 0.3512758 0.3498079 0.3483315 0.3468477 0.3453577 0.3438625 0.3423630 0.3408601 0.3393547 0.3378476 0.3363396 0.3348314 0.3333237 0.3318170 0.3303121 0.3288095 0.3273096 0.3258129 0.3243200 0.3228311 0.3213466 0.3198670 0.3183925 0.3169233 0.3154598 0.0000000E+00 0.0000000E+00
0.3838940 0.3830675 0.3822118 0.3813268 0.3804127 0.3794697 0.3784980 0.3774976 0.3764687 0.3754116 0.3743264 0.3732134 0.3720728 0.3709053 0.3697112 0.3684912 0.3672460 0.3659767 0.3646840 0.3633693 0.3620337 0.3606784 0.3593048 0.3579142 0.3565079 0.3550873 0.3536536 0.3522083 0.3507524 0.3492872 0.3478138 0.3463334 0.3448470 0.3433556 0.3418601 0.3403615 0.3388606 0.3373582 0.3358550 0.3343519 0.3328494 0.3313482 0.3298488 0.3283518 0.3268577 0.3253669 0.3238799 0.3223971 0.3209188 0.3194454 0.3179771 0.3165143 0.3150571 0.0000000E+00 0.0000000E+00
0.3835089 0.3826714 0.3818046 0.3809085 0.3799835 0.3790297 0.3780473 0.3770366 0.3759978 0.3749312 0.3738370 0.3727156 0.3715673 0.3703928 0.3691925 0.3679670 0.3667172 0.3654440 0.3641484 0.3628314 0.3614942 0.3601379 0.3587640 0.3573736 0.3559681 0.3545487 0.3531166 0.3516733 0.3502198 0.3487573 0.3472869 0.3458098 0.3443270 0.3428394 0.3413480 0.3398537 0.3383574 0.3368597 0.3353615 0.3338636 0.3323664 0.3308707 0.3293769 0.3278857 0.3263976 0.3249129 0.3234321 0.3219555 0.3204835 0.3190165 0.3175546 0.3160982 0.3146475 0.0000000E+00 0.0000000E+00
0.3831182 0.3822695 0.3813915 0.3804842 0.3795481 0.3785834 0.3775903 0.3765692 0.3755204 0.3744443 0.3733411 0.3722112 0.3710552 0.3698736 0.3686670 0.3674360 0.3661815 0.3649043 0.3636055 0.3622860 0.3609470 0.3595897 0.3582152 0.3568249 0.3554199 0.3540015 0.3525710 0.3511296 0.3496783 0.3482185 0.3467511 0.3452773 0.3437980 0.3423143 0.3408270 0.3393371 0.3378454 0.3363526 0.3348595 0.3333668 0.3318751 0.3303850 0.3288970 0.3274118 0.3259297 0.3244512 0.3229766 0.3215065 0.3200410 0.3185805 0.3171253 0.3156755 0.3142315 0.0000000E+00 0.0000000E+00
0.3827222 0.3818622 0.3809727 0.3800542 0.3791068 0.3781311 0.3771273 0.3760958 0.3750370 0.3739512 0.3728389 0.3717007 0.3705369 0.3693482 0.3681352 0.3668985 0.3656392 0.3643579 0.3630557 0.3617335 0.3603926 0.3590340 0.3576588 0.3562684 0.3548639 0.3534464 0.3520173 0.3505776 0.3491286 0.3476713 0.3462068 0.3447363 0.3432606 0.3417808 0.3402977 0.3388122 0.3373251 0.3358372 0.3343493 0.3328619 0.3313757 0.3298914 0.3284094 0.3269302 0.3254543 0.3239821 0.3225141 0.3210505 0.3195916 0.3181379 0.3166893 0.3152464 0.3138092 0.0000000E+00 0.0000000E+00
0.3823212 0.3814496 0.3805487 0.3796186 0.3786600 0.3776731 0.3766585 0.3756165 0.3745476 0.3734522 0.3723309 0.3711842 0.3700126 0.3688167 0.3675973 0.3663549 0.3650906 0.3638051 0.3624994 0.3611744 0.3598314 0.3584713 0.3570953 0.3557046 0.3543003 0.3528837 0.3514558 0.3500178 0.3485709 0.3471162 0.3456546 0.3441873 0.3427151 0.3412392 0.3397602 0.3382792 0.3367969 0.3353140 0.3338312 0.3323493 0.3308688 0.3293903 0.3279143 0.3264413 0.3249718 0.3235061 0.3220447 0.3205878 0.3191357 0.3176888 0.3162473 0.3148113 0.3133810 0.0000000E+00 0.0000000E+00
0.3819153 0.3810320 0.3801194 0.3791778 0.3782077 0.3772097 0.3761841 0.3751316 0.3740526 0.3729477 0.3718173 0.3706621 0.3694826 0.3682795 0.3670536 0.3658055 0.3645361 0.3632462 0.3619369 0.3606091 0.3592637 0.3579021 0.3565251 0.3551340 0.3537298 0.3523138 0.3508871 0.3494507 0.3480059 0.3465535 0.3450948 0.3436307 0.3421621 0.3406900 0.3392152 0.3377387 0.3362611 0.3347833 0.3333058 0.3318294 0.3303546 0.3288821 0.3274122 0.3259456 0.3244826 0.3230235 0.3215688 0.3201188 0.3186737 0.3172338 0.3157993 0.3143705 0.3129474 0.0000000E+00 0.0000000E+00
0.3815047 0.3806097 0.3796852 0.3787319 0.3777503 0.3767410 0.3757045 0.3746414 0.3735523 0.3724377 0.3712983 0.3701345 0.3689472 0.3677369 0.3665044 0.3652505 0.3639759 0.3626817 0.3613686 0.3600377 0.3586901 0.3573266 0.3559485 0.3545569 0.3531528 0.3517373 0.3503116 0.3488767 0.3474338 0.3459838 0.3445279 0.3430669 0.3416018 0.3401336 0.3386630 0.3371910 0.3357182 0.3342454 0.3327734 0.3313026 0.3298336 0.3283671 0.3269036 0.3254434 0.3239869 0.3225347 0.3210868 0.3196438 0.3182058 0.3167731 0.3153459 0.3139243 0.3125086 0.0000000E+00 0.0000000E+00
0.3810897 0.3801826 0.3792462 0.3782811 0.3772879 0.3762672 0.3752198 0.3741461 0.3730468 0.3719226 0.3707741 0.3696018 0.3684066 0.3671891 0.3659500 0.3646902 0.3634105 0.3621117 0.3607948 0.3594608 0.3581106 0.3567454 0.3553660 0.3539737 0.3525695 0.3511544 0.3497297 0.3482962 0.3468552 0.3454075 0.3439543 0.3424964 0.3410348 0.3395705 0.3381041 0.3366366 0.3351686 0.3337010 0.3322343 0.3307692 0.3293062 0.3278459 0.3263887 0.3249350 0.3234853 0.3220399 0.3205991 0.3191632 0.3177325 0.3163071 0.3148873 0.3134731 0.3120649 0.0000000E+00 0.0000000E+00
0.3806701 0.3797509 0.3788024 0.3778254 0.3768205 0.3757885 0.3747301 0.3736458 0.3725364 0.3714025 0.3702449 0.3690642 0.3678611 0.3666363 0.3653907 0.3641250 0.3628400 0.3615367 0.3602159 0.3588786 0.3575259 0.3561586 0.3547780 0.3533849 0.3519804 0.3505657 0.3491418 0.3477097 0.3462704 0.3448250 0.3433744 0.3419196 0.3404615 0.3390010 0.3375388 0.3360758 0.3346128 0.3331503 0.3316891 0.3302297 0.3287727 0.3273186 0.3258679 0.3244209 0.3229781 0.3215397 0.3201061 0.3186775 0.3172542 0.3158363 0.3144239 0.3130174 0.3116168 0.0000000E+00 0.0000000E+00
0.3802462 0.3793147 0.3783540 0.3773650 0.3763484 0.3753050 0.3742355 0.3731406 0.3720211 0.3708777 0.3697110 0.3685218 0.3673109 0.3660789 0.3648266 0.3635550 0.3622648 0.3609568 0.3596321 0.3582916 0.3569362 0.3555669 0.3541847 0.3527908 0.3513860 0.3499716 0.3485484 0.3471175 0.3456800 0.3442367 0.3427888 0.3413370 0.3398823 0.3384256 0.3369676 0.3355092 0.3340510 0.3325938 0.3311381 0.3296845 0.3282337 0.3267859 0.3253417 0.3239016 0.3224657 0.3210345 0.3196082 0.3181870 0.3167712 0.3153609 0.3139563 0.3125575 0.3111646 0.0000000E+00 0.0000000E+00
0.3798179 0.3788740 0.3779010 0.3769000 0.3758716 0.3748167 0.3737362 0.3726308 0.3715012 0.3703482 0.3691725 0.3679749 0.3667561 0.3655169 0.3642581 0.3629806 0.3616851 0.3603725 0.3590438 0.3576999 0.3563418 0.3549704 0.3535867 0.3521918 0.3507867 0.3493724 0.3479499 0.3465202 0.3450842 0.3436431 0.3421977 0.3407489 0.3392977 0.3378448 0.3363910 0.3349371 0.3334839 0.3320319 0.3305818 0.3291341 0.3276894 0.3262481 0.3248106 0.3233773 0.3219486 0.3205246 0.3191057 0.3176921 0.3162840 0.3148814 0.3134847 0.3120937 0.0000000E+00 0.0000000E+00 0.0000000E+00
0.3793852 0.3784287 0.3774434 0.3764302 0.3753901 0.3743238 0.3732323 0.3721164 0.3709768 0.3698143 0.3686297 0.3674237 0.3661971 0.3649508 0.3636855 0.3624020 0.3611012 0.3597840 0.3584513 0.3571041 0.3557431 0.3543696 0.3529843 0.3515884 0.3501828 0.3487686 0.3473467 0.3459180 0.3444837 0.3430446 0.3416018 0.3401559 0.3387080 0.3372589 0.3358094 0.3343601 0.3329117 0.3314651 0.3300206 0.3285789 0.3271404 0.3257056 0.3242749 0.3228486 0.3214270 0.3200105 0.3185992 0.3171933 0.3157929 0.3143983 0.3130095 0.3116266 0.0000000E+00 0.0000000E+00 0.0000000E+00
0.3789479 0.3779788 0.3769810 0.3759558 0.3749039 0.3738263 0.3727238 0.3715975 0.3704480 0.3692761 0.3680826 0.3668684 0.3656341 0.3643807 0.3631089 0.3618195 0.3605135 0.3591917 0.3578550 0.3565043 0.3551406 0.3537648 0.3523779 0.3509809 0.3495748 0.3481606 0.3467392 0.3453116 0.3438788 0.3424417 0.3410013 0.3395584 0.3381139 0.3366685 0.3352231 0.3337784 0.3323351 0.3308937 0.3294549 0.3280192 0.3265871 0.3251589 0.3237351 0.3223159 0.3209017 0.3194926 0.3180890 0.3166909 0.3152985 0.3139119 0.3125313 0.3111565 0.0000000E+00 0.0000000E+00 0.0000000E+00
0.3785059 0.3775241 0.3765139 0.3754765 0.3744130 0.3733241 0.3722109 0.3710742 0.3699149 0.3687337 0.3675316 0.3663091 0.3650673 0.3638069 0.3625287 0.3612335 0.3599223 0.3585958 0.3572551 0.3559010 0.3545344 0.3531564 0.3517679 0.3503698 0.3489631 0.3475488 0.3461279 0.3447013 0.3432699 0.3418348 0.3403968 0.3389568 0.3375156 0.3360740 0.3346328 0.3331927 0.3317543 0.3303184 0.3288853 0.3274557 0.3260299 0.3246084 0.3231916 0.3217796 0.3203728 0.3189715 0.3175757 0.3161855 0.3148012 0.3134228 0.3120503 0.3106839 0.0000000E+00 0.0000000E+00 0.0000000E+00
0.3780589 0.3770644 0.3760419 0.3749925 0.3739173 0.3728174 0.3716936 0.3705467 0.3693777 0.3681875 0.3669767 0.3657462 0.3644969 0.3632296 0.3619450 0.3606441 0.3593277 0.3579967 0.3566520 0.3552945 0.3539252 0.3525449 0.3511546 0.3497554 0.3483481 0.3469337 0.3455132 0.3440875 0.3426576 0.3412244 0.3397888 0.3383516 0.3369137 0.3354759 0.3340388 0.3326033 0.3311700 0.3297394 0.3283121 0.3268886 0.3254693 0.3240547 0.3226449 0.3212403 0.3198411 0.3184475 0.3170596 0.3156776 0.3143014 0.3129313 0.3115672 0.0000000E+00 0.0000000E+00 0.0000000E+00 0.0000000E+00
