data/rasters/evap/evaporation_20000108.ASC
NCOLS                  300
NROWS                  325
XLLCORNER       0.0000000E+00
YLLCORNER        300000.0
CELLSIZE         1000.000
NODATA_VALUE    0.0000000E+00
[rows 161 to 183 of 325, columns 52 to 103 of 300]
0.0000000E+00 0.0000000E+00 0.0000000E+00 0.0000000E+00 0.0000000E+00 0.0000000E+00 0.0000000E+00 0.0000000E+00 0.0000000E+00 0.0000000E+00 0.0000000E+00 0.0000000E+00 0.0000000E+00 0.0000000E+00 0.0000000E+00 0.0000000E+00 0.0000000E+00 0.0000000E+00 0.0000000E+00 0.0000000E+00 0.0000000E+00 0.0000000E+00 0.0000000E+00 0.0000000E+00 0.0000000E+00 0.0000000E+00 0.2730460 0.2707286 0.2683882 0.2660238 0.2636346 0.2612191 0.2587757 0.2563015 0.2537930 0.2512443 0.2486447 0.2459792 0.2432560 0.2404919 0.2376965 0.2348765 0.2320371 0.2291825 0.2263163 0.2234418 0.2205620 0.2176794 0.2147966 0.2119160 0.2090397 0.2061698
0.0000000E+00 0.0000000E+00 0.0000000E+00 0.0000000E+00 0.0000000E+00 0.0000000E+00 0.0000000E+00 0.0000000E+00 0.0000000E+00 0.0000000E+00 0.0000000E+00 0.0000000E+00 0.0000000E+00 0.0000000E+00 0.0000000E+00 0.0000000E+00 0.0000000E+00 0.0000000E+00 0.0000000E+00 0.0000000E+00 0.0000000E+00 0.0000000E+00 0.0000000E+00 0.0000000E+00 0.0000000E+00 0.2740547 0.2717548 0.2694322 0.2670863 0.2647164 0.2623215 0.2599002 0.2574504 0.2549695 0.2524534 0.2498961 0.2472889 0.2446248 0.2419081 0.2391497 0.2363591 0.2335433 0.2307078 0.2278568 0.2249943 0.2221234 0.2192472 0.2163684 0.2134895 0.2106127 0.2077405 0.2048748
0.0000000E+00 0.0000000E+00 0.0000000E+00 0.0000000E+00 0.0000000E+00 0.0000000E+00 0.0000000E+00 0.0000000E+00 0.0000000E+00 0.0000000E+00 0.0000000E+00 0.0000000E+00 0.0000000E+00 0.0000000E+00 0.0000000E+00 0.0000000E+00 0.0000000E+00 0.0000000E+00 0.0000000E+00 0.0000000E+00 0.0000000E+00 0.0000000E+00 0.0000000E+00 0.0000000E+00 0.2750339 0.2727506 0.2704445 0.2681156 0.2657631 0.2633864 0.2609845 0.2585557 0.2560980 0.2536087 0.2510836 0.2485176 0.2459048 0.2432416 0.2405307 0.2377796 0.2349961 0.2321868 0.2293573 0.2265122 0.2236551 0.2207897 0.2179188 0.2150452 0.2121716 0.2093001 0.2064332 0.2035730
0.0000000E+00 0.0000000E+00 0.0000000E+00 0.0000000E+00 0.0000000E+00 0.0000000E+00 0.0000000E+00 0.0000000E+00 0.0000000E+00 0.0000000E+00 0.0000000E+00 0.0000000E+00 0.0000000E+00 0.0000000E+00 0.0000000E+00 0.0000000E+00 0.0000000E+00 0.0000000E+00 0.0000000E+00 0.0000000E+00 0.0000000E+00 0.0000000E+00 0.0000000E+00 0.2759861 0.2737188 0.2714288 0.2691157 0.2667795 0.2644195 0.2620350 0.2596249 0.2571876 0.2547212 0.2522228 0.2496888 0.2471153 0.2444981 0.2418357 0.2391300 0.2363863 0.2336108 0.2308096 0.2279878 0.2251501 0.2223002 0.2194418 0.2165777 0.2137109 0.2108439 0.2079791 0.2051188 0.2022651
0.0000000E+00 0.0000000E+00 0.0000000E+00 0.0000000E+00 0.0000000E+00 0.0000000E+00 0.0000000E+00 0.0000000E+00 0.0000000E+00 0.0000000E+00 0.0000000E+00 0.0000000E+00 0.0000000E+00 0.0000000E+00 0.0000000E+00 0.0000000E+00 0.0000000E+00 0.0000000E+00 0.0000000E+00 0.0000000E+00 0.0000000E+00 0.0000000E+00 0.2769130 0.2746617 0.2723874 0.2700899 0.2677691 0.2654248 0.2630566 0.2606635 0.2582447 0.2557984 0.2533228 0.2508155 0.2482733 0.2456934 0.2430730 0.2404115 0.2377105 0.2349739 0.2322068 0.2294144 0.2266015 0.2237725 0.2209312 0.2180811 0.2152253 0.2123666 0.2095075 0.2066506 0.2037980 0.2009521
0.0000000E+00 0.0000000E+00 0.0000000E+00 0.0000000E+00 0.0000000E+00 0.0000000E+00 0.0000000E+00 0.0000000E+00 0.0000000E+00 0.0000000E+00 0.0000000E+00 0.0000000E+00 0.0000000E+00 0.0000000E+00 0.0000000E+00 0.0000000E+00 0.0000000E+00 0.0000000E+00 0.0000000E+00 0.0000000E+00 0.0000000E+00 0.0000000E+00 0.2755808 0.2733222 0.2710401 0.2687346 0.2664055 0.2640527 0.2616757 0.2592737 0.2568457 0.2543903 0.2519058 0.2493900 0.2468406 0.2442553 0.2416326 0.2389722 0.2362756 0.2335459 0.2307872 0.2280041 0.2252008 0.2223816 0.2195500 0.2167094 0.2138631 0.2110136 0.2081637 0.2053158 0.2024722 0.1996350
0.0000000E+00 0.0000000E+00 0.0000000E+00 0.0000000E+00 0.0000000E+00 0.0000000E+00 0.0000000E+00 0.0000000E+00 0.0000000E+00 0.0000000E+00 0.0000000E+00 0.0000000E+00 0.0000000E+00 0.0000000E+00 0.0000000E+00 0.0000000E+00 0.0000000E+00 0.0000000E+00 0.0000000E+00 0.0000000E+00 0.0000000E+00 0.2764768 0.2742344 0.2719680 0.2696777 0.2673637 0.2650259 0.2626642 0.2602781 0.2578670 0.2554299 0.2529656 0.2504725 0.2479490 0.2453933 0.2428037 0.2401794 0.2375204 0.2348281 0.2321052 0.2293550 0.2265814 0.2237883 0.2209795 0.2181584 0.2153285 0.2124926 0.2096535 0.2068138 0.2039760 0.2011424 0.1983151
0.0000000E+00 0.0000000E+00 0.0000000E+00 0.0000000E+00 0.0000000E+00 0.0000000E+00 0.0000000E+00 0.0000000E+00 0.0000000E+00 0.0000000E+00 0.0000000E+00 0.0000000E+00 0.0000000E+00 0.0000000E+00 0.0000000E+00 0.0000000E+00 0.0000000E+00 0.0000000E+00 0.0000000E+00 0.0000000E+00 0.2773497 0.2751244 0.2728742 0.2705996 0.2683008 0.2659780 0.2636313 0.2612606 0.2588654 0.2564452 0.2539992 0.2515264 0.2490254 0.2464950 0.2439338 0.2413408 0.2387156 0.2360584 0.2333706 0.2306543 0.2279126 0.2251487 0.2223661 0.2195683 0.2167586 0.2139400 0.2111155 0.2082877 0.2054593 0.2026326 0.1998099 0.1969934
0.0000000E+00 0.0000000E+00 0.0000000E+00 0.0000000E+00 0.0000000E+00 0.0000000E+00 0.0000000E+00 0.0000000E+00 0.0000000E+00 0.0000000E+00 0.0000000E+00 0.0000000E+00 0.0000000E+00 0.0000000E+00 0.0000000E+00 0.0000000E+00 0.0000000E+00 0.0000000E+00 0.0000000E+00 0.2781991 0.2759920 0.2737590 0.2715007 0.2692176 0.2669101 0.2645784 0.2622227 0.2598430 0.2574388 0.2550098 0.2525553 0.2500745 0.2475663 0.2450299 0.2424642 0.2398687 0.2372432 0.2345882 0.2319050 0.2291955 0.2264623 0.2237083 0.2209366 0.2181502 0.2153524 0.2125459 0.2097335 0.2069180 0.2041016 0.2012869 0.1984761 0.1956714
0.0000000E+00 0.0000000E+00 0.0000000E+00 0.0000000E+00 0.0000000E+00 0.0000000E+00 0.0000000E+00 0.0000000E+00 0.0000000E+00 0.0000000E+00 0.0000000E+00 0.0000000E+00 0.0000000E+00 0.0000000E+00 0.0000000E+00 0.0000000E+00 0.0000000E+00 0.0000000E+00 0.2790239 0.2768365 0.2746219 0.2723810 0.2701144 0.2678226 0.2655063 0.2631657 0.2608011 0.2584125 0.2559997 0.2535623 0.2510999 0.2486117 0.2460972 0.2435555 0.2409862 0.2383890 0.2357638 0.2331115 0.2304332 0.2277306 0.2250061 0.2222622 0.2195016 0.2167272 0.2139417 0.2111479 0.2083485 0.2055458 0.2027424 0.1999406 0.1971425 0.1943504
0.0000000E+00 0.0000000E+00 0.0000000E+00 0.0000000E+00 0.0000000E+00 0.0000000E+00 0.0000000E+00 0.0000000E+00 0.0000000E+00 0.0000000E+00 0.0000000E+00 0.0000000E+00 0.0000000E+00 0.0000000E+00 0.0000000E+00 0.0000000E+00 0.0000000E+00 0.2798220 0.2776562 0.2754619 0.2732397 0.2709906 0.2687155 0.2664151 0.2640900 0.2617407 0.2593675 0.2569704 0.2545493 0.2521041 0.2496344 0.2471397 0.2446195 0.2420736 0.2395015 0.2369032 0.2342791 0.2316299 0.2289568 0.2262615 0.2235459 0.2208123 0.2180631 0.2153010 0.2125284 0.2097479 0.2069620 0.2041729 0.2013832 0.1985949 0.1958104 0.1930317
0.0000000E+00 0.0000000E+00 0.0000000E+00 0.0000000E+00 0.0000000E+00 0.0000000E+00 0.0000000E+00 0.0000000E+00 0.0000000E+00 0.0000000E+00 0.0000000E+00 0.0000000E+00 0.0000000E+00 0.0000000E+00 0.0000000E+00 0.0000000E+00 0.2805906 0.2784488 0.2762768 0.2740753 0.2718453 0.2695880 0.2673044 0.2649954 0.2626618 0.2603041 0.2579226 0.2555176 0.2530889 0.2506365 0.2481603 0.2456598 0.2431349 0.2405855 0.2380114 0.2354130 0.2327906 0.2301450 0.2274776 0.2247898 0.2220834 0.2193604 0.2166230 0.2138735 0.2111143 0.2083476 0.2055757 0.2028009 0.2000255 0.1972516 0.1944813 0.1917168
0.0000000E+00 0.0000000E+00 0.0000000E+00 0.0000000E+00 0.0000000E+00 0.0000000E+00 0.0000000E+00 0.0000000E+00 0.0000000E+00 0.0000000E+00 0.0000000E+00 0.0000000E+00 0.0000000E+00 0.0000000E+00 0.0000000E+00 0.0000000E+00 0.2792110 0.2770641 0.2748857 0.2726768 0.2704389 0.2681733 0.2658814 0.2635641 0.2612224 0.2588567 0.2564676 0.2540551 0.2516195 0.2491608 0.2466788 0.2441735 0.2416448 0.2390927 0.2365175 0.2339196 0.2312995 0.2286582 0.2259969 0.2233170 0.2206201 0.2179081 0.2151829 0.2124465 0.2097010 0.2069486 0.2041913 0.2014314 0.1986710 0.1959120 0.1931567 0.1904070
0.0000000E+00 0.0000000E+00 0.0000000E+00 0.0000000E+00 0.0000000E+00 0.0000000E+00 0.0000000E+00 0.0000000E+00 0.0000000E+00 0.0000000E+00 0.0000000E+00 0.0000000E+00 0.0000000E+00 0.0000000E+00 0.0000000E+00 0.2799380 0.2778195 0.2756675 0.2734825 0.2712661 0.2690202 0.2667465 0.2644466 0.2621214 0.2597721 0.2573991 0.2550030 0.2525841 0.2501424 0.2476781 0.2451913 0.2426820 0.2401504 0.2375966 0.2350211 0.2324244 0.2298073 0.2271708 0.2245161 0.2218446 0.2191577 0.2164570 0.2137444 0.2110215 0.2082902 0.2055526 0.2028105 0.2000660 0.1973210 0.1945776 0.1918379 0.1891037
0.0000000E+00 0.0000000E+00 0.0000000E+00 0.0000000E+00 0.0000000E+00 0.0000000E+00 0.0000000E+00 0.0000000E+00 0.0000000E+00 0.0000000E+00 0.0000000E+00 0.0000000E+00 0.0000000E+00 0.0000000E+00 0.2806244 0.2785375 0.2764158 0.2742585 0.2720667 0.2698427 0.2675889 0.2653075 0.2630000 0.2606677 0.2583115 0.2559321 0.2535299 0.2511053 0.2486585 0.2461897 0.2436990 0.2411867 0.2386530 0.2360984 0.2335234 0.2309287 0.2283152 0.2256842 0.2230366 0.2203740 0.2176975 0.2150087 0.2123090 0.2096001 0.2068835 0.2041611 0.2014347 0.1987061 0.1959772 0.1932500 0.1905264 0.1878084
0.0000000E+00 0.0000000E+00 0.0000000E+00 0.0000000E+00 0.0000000E+00 0.0000000E+00 0.0000000E+00 0.0000000E+00 0.2911686 0.2892281 0.2872698 0.2852916 0.2832912 0.2812656 0.2792111 0.2771236 0.2749990 0.2728362 0.2706373 0.2684057 0.2661445 0.2638560 0.2615419 0.2592033 0.2568412 0.2544563 0.2520490 0.2496198 0.2471689 0.2446966 0.2422031 0.2396888 0.2371541 0.2345995 0.2320257 0.2294338 0.2268247 0.2241996 0.2215598 0.2189066 0.2162411 0.2135646 0.2108784 0.2081839 0.2054825 0.2027758 0.2000654 0.1973532 0.1946409 0.1919304 0.1892236 0.1865223
0.0000000E+00 0.0000000E+00 0.0000000E+00 0.0000000E+00 0.0000000E+00 0.0000000E+00 0.2935789 0.2916672 0.2897412 0.2877993 0.2858400 0.2838612 0.2818608 0.2798356 0.2777820 0.2756947 0.2735677 0.2713991 0.2691930 0.2669543 0.2646865 0.2623919 0.2600722 0.2577285 0.2553616 0.2529724 0.2505612 0.2481285 0.2456747 0.2432000 0.2407048 0.2381895 0.2356547 0.2331011 0.2305295 0.2279410 0.2253368 0.2227184 0.2200869 0.2174437 0.2147898 0.2121263 0.2094541 0.2067745 0.2040886 0.2013981 0.1987043 0.1960089 0.1933136 0.1906203 0.1879307 0.1852468
0.0000000E+00 0.0000000E+00 0.0000000E+00 0.0000000E+00 0.0000000E+00 0.0000000E+00 0.2921425 0.2902282 0.2882999 0.2863559 0.2843948 0.2824147 0.2804133 0.2783878 0.2763347 0.2742484 0.2721196 0.2699445 0.2677318 0.2654872 0.2632143 0.2609151 0.2585912 0.2562437 0.2538735 0.2514812 0.2490674 0.2466325 0.2441769 0.2417011 0.2392053 0.2366902 0.2341564 0.2316046 0.2290360 0.2264517 0.2238531 0.2212419 0.2186194 0.2159868 0.2133451 0.2106951 0.2080375 0.2053732 0.2027034 0.2000294 0.1973525 0.1946744 0.1919966 0.1893210 0.1866491 0.1839830
0.0000000E+00 0.0000000E+00 0.0000000E+00 0.0000000E+00 0.0000000E+00 0.2925984 0.2906937 0.2887763 0.2868449 0.2848981 0.2829342 0.2809516 0.2789479 0.2769206 0.2748660 0.2727793 0.2706491 0.2684687 0.2662518 0.2640038 0.2617278 0.2594258 0.2570994 0.2547497 0.2523776 0.2499837 0.2475686 0.2451328 0.2426768 0.2402010 0.2377059 0.2351921 0.2326603 0.2301114 0.2275466 0.2249672 0.2223749 0.2197714 0.2171585 0.2145373 0.2119085 0.2092726 0.2066301 0.2039817 0.2013283 0.1986712 0.1960116 0.1933511 0.1906912 0.1880336 0.1853800 0.1827321
0.0000000E+00 0.0000000E+00 0.0000000E+00 0.0000000E+00 0.0000000E+00 0.2911417 0.2892331 0.2873118 0.2853767 0.2834262 0.2814587 0.2794724 0.2774650 0.2754337 0.2733749 0.2712830 0.2691491 0.2669697 0.2647527 0.2625042 0.2602274 0.2579247 0.2555977 0.2532474 0.2508748 0.2484808 0.2460659 0.2436306 0.2411755 0.2387010 0.2362079 0.2336966 0.2311680 0.2286230 0.2260629 0.2234891 0.2209036 0.2183085 0.2157058 0.2130967 0.2104815 0.2078604 0.2052334 0.2026013 0.1999647 0.1973248 0.1946829 0.1920403 0.1893986 0.1867594 0.1841245 0.1814954
0.0000000E+00 0.0000000E+00 0.0000000E+00 0.0000000E+00 0.0000000E+00 0.2896743 0.2877612 0.2858356 0.2838960 0.2819410 0.2799690 0.2779780 0.2759656 0.2739290 0.2718642 0.2697662 0.2676293 0.2654515 0.2632368 0.2609901 0.2587147 0.2564131 0.2540871 0.2517378 0.2493664 0.2469737 0.2445603 0.2421269 0.2396741 0.2372024 0.2347124 0.2322049 0.2296807 0.2271408 0.2245864 0.2220192 0.2194411 0.2168548 0.2142629 0.2116667 0.2090659 0.2064601 0.2038491 0.2012335 0.1986139 0.1959915 0.1933674 0.1907431 0.1881199 0.1854995 0.1828836 0.1802737
0.0000000E+00 0.0000000E+00 0.0000000E+00 0.0000000E+00 0.0000000E+00 0.2881969 0.2862789 0.2843483 0.2824037 0.2804437 0.2784665 0.2764701 0.2744520 0.2724094 0.2703386 0.2682354 0.2660961 0.2639195 0.2617077 0.2594640 0.2571915 0.2548926 0.2525691 0.2502224 0.2478536 0.2454636 0.2430532 0.2406231 0.2381738 0.2357062 0.2332208 0.2307184 0.2281998 0.2256662 0.2231188 0.2205591 0.2179892 0.2154122 0.2128317 0.2102493 0.2076636 0.2050734 0.2024786 0.1998796 0.1972772 0.1946724 0.1920664 0.1894605 0.1868562 0.1842549 0.1816583 0.1790680
0.0000000E+00 0.0000000E+00 0.0000000E+00 0.0000000E+00 0.2886222 0.2867104 0.2847871 0.2828511 0.2809011 0.2789356 0.2769527 0.2749505 0.2729266 0.2708780 0.2688017 0.2666943 0.2645533 0.2623778 0.2601689 0.2579289 0.2556603 0.2533653 0.2510456 0.2487027 0.2463378 0.2439519 0.2415458 0.2391202 0.2366759 0.2342137 0.2317342 0.2292382 0.2267267 0.2242007 0.2216616 0.2191108 0.2165504 0.2139832 0.2114147 0.2088469 0.2062764 0.2037018 0.2011231 0.1985409 0.1959557 0.1933686 0.1907808 0.1881936 0.1856083 0.1830264 0.1804495 0.1778792
