data/rasters/evap/evaporation_20000102.ASC
NCOLS                  300
NROWS                  325
XLLCORNER       0.0000000E+00
YLLCORNER        300000.0
CELLSIZE         1000.000
NODATA_VALUE    0.0000000E+00
[rows 144 to 167 of 325, columns 159 to 211 of 300]
0.1026629 0.1031098 0.1035755 0.1040605 0.1045649 0.1050892 0.1056337 0.1061986 0.1067841 0.1073905 0.1080180 0.1086667 0.1093368 0.1100285 0.1107418 0.1114768 0.1122338 0.1130126 0.1138133 0.1146359 0.1154804 0.1163467 0.1172347 0.1181442 0.1190749 0.1200267 0.1209991 0.1219917 0.1230041 0.1240355 0.1250855 0.1261532 0.1272378 0.1283383 0.1294537 0.1305829 0.1317247 0.1328776 0.1340405 0.1352116 0.1363894 0.1375723 0.1387585 0.1399460 0.1411329 0.1423173 0.1434971 0.1446700 0.1458341 0.1469871 0.1481269 0.1492516 0.1503593
0.1027309 0.1031801 0.1036481 0.1041352 0.1046418 0.1051681 0.1057146 0.1062813 0.1068687 0.1074768 0.1081060 0.1087564 0.1094282 0.1101216 0.1108366 0.1115734 0.1123321 0.1131127 0.1139154 0.1147400 0.1155866 0.1164552 0.1173456 0.1182576 0.1191911 0.1201458 0.1211213 0.1221172 0.1231330 0.1241682 0.1252220 0.1262938 0.1273826 0.1284875 0.1296075 0.1307414 0.1318880 0.1330459 0.1342137 0.1353900 0.1365730 0.1377611 0.1389526 0.1401455 0.1413379 0.1425280 0.1437136 0.1448927 0.1460632 0.1472232 0.1483706 0.1495035 0.1506202
0.1028019 0.1032532 0.1037232 0.1042123 0.1047208 0.1052489 0.1057970 0.1063654 0.1069544 0.1075640 0.1081947 0.1088465 0.1095196 0.1102143 0.1109307 0.1116689 0.1124290 0.1132111 0.1140153 0.1148416 0.1156899 0.1165603 0.1174527 0.1183669 0.1193027 0.1202599 0.1212381 0.1222369 0.1232559 0.1242944 0.1253518 0.1264273 0.1275201 0.1286291 0.1297534 0.1308918 0.1320430 0.1332057 0.1343783 0.1355595 0.1367476 0.1379409 0.1391376 0.1403359 0.1415339 0.1427296 0.1439212 0.1451066 0.1462837 0.1474508 0.1486059 0.1497471 0.1508730
0.1028761 0.1033293 0.1038011 0.1042919 0.1048020 0.1053318 0.1058814 0.1064512 0.1070414 0.1076523 0.1082841 0.1089370 0.1096113 0.1103070 0.1110244 0.1117636 0.1125248 0.1133080 0.1141134 0.1149409 0.1157906 0.1166625 0.1175564 0.1184724 0.1194101 0.1203694 0.1213500 0.1223514 0.1233731 0.1244146 0.1254753 0.1265542 0.1276507 0.1287636 0.1298920 0.1310347 0.1321903 0.1333576 0.1345350 0.1357211 0.1369141 0.1381125 0.1393145 0.1405182 0.1417217 0.1429233 0.1441209 0.1453126 0.1464966 0.1476709 0.1488338 0.1499835 0.1511185
0.1029535 0.1034085 0.1038820 0.1043743 0.1048859 0.1054170 0.1059678 0.1065388 0.1071300 0.1077419 0.1083746 0.1090284 0.1097034 0.1103999 0.1111180 0.1118580 0.1126198 0.1134038 0.1142100 0.1150384 0.1158890 0.1167620 0.1176572 0.1185745 0.1195138 0.1204749 0.1214574 0.1224610 0.1234852 0.1245294 0.1255930 0.1266752 0.1277751 0.1288917 0.1300240 0.1311708 0.1323307 0.1335025 0.1346845 0.1358754 0.1370734 0.1382769 0.1394841 0.1406932 0.1419024 0.1431099 0.1443136 0.1455118 0.1467027 0.1478844 0.1490552 0.1502134 0.1513577
0.1030346 0.1034910 0.1039660 0.1044597 0.1049725 0.1055047 0.1060566 0.1066285 0.1072206 0.1078332 0.1084665 0.1091208 0.1097964 0.1104933 0.1112119 0.1119522 0.1127145 0.1134989 0.1143055 0.1151344 0.1159857 0.1168593 0.1177554 0.1186737 0.1196143 0.1205767 0.1215609 0.1225664 0.1235927 0.1246393 0.1257056 0.1267907 0.1278939 0.1290140 0.1301500 0.1313008 0.1324649 0.1336411 0.1348277 0.1360233 0.1372263 0.1384349 0.1396474 0.1408620 0.1420769 0.1432903 0.1445003 0.1457051 0.1469029 0.1480921 0.1492709 0.1504377 0.1515913
0.1031193 0.1035772 0.1040534 0.1045483 0.1050621 0.1055953 0.1061480 0.1067206 0.1073133 0.1079264 0.1085601 0.1092148 0.1098905 0.1105876 0.1113063 0.1120467 0.1128091 0.1135936 0.1144003 0.1152294 0.1160809 0.1169549 0.1178515 0.1187705 0.1197119 0.1206754 0.1216609 0.1226679 0.1236961 0.1247449 0.1258136 0.1269015 0.1280077 0.1291311 0.1302708 0.1314254 0.1325936 0.1337741 0.1349653 0.1361657 0.1373736 0.1385873 0.1398052 0.1410253 0.1422460 0.1434654 0.1446817 0.1458932 0.1470982 0.1482949 0.1494817 0.1506572 0.1518200
0.1032080 0.1036671 0.1041444 0.1046403 0.1051551 0.1056890 0.1062423 0.1068154 0.1074085 0.1080219 0.1086558 0.1093105 0.1099863 0.1106833 0.1114018 0.1121420 0.1129042 0.1136884 0.1144949 0.1153238 0.1161753 0.1170493 0.1179460 0.1188653 0.1198072 0.1207715 0.1217579 0.1227662 0.1237960 0.1248467 0.1259176 0.1270081 0.1281171 0.1292438 0.1303869 0.1315453 0.1327176 0.1339024 0.1350982 0.1363033 0.1375162 0.1387351 0.1399583 0.1411840 0.1424106 0.1436361 0.1448589 0.1460771 0.1472892 0.1484935 0.1496885 0.1508726 0.1520446
0.1033009 0.1037611 0.1042394 0.1047361 0.1052516 0.1057861 0.1063399 0.1069133 0.1075066 0.1081201 0.1087540 0.1094085 0.1100840 0.1107807 0.1114988 0.1122385 0.1130001 0.1137838 0.1145898 0.1154182 0.1162693 0.1171430 0.1180394 0.1189587 0.1199008 0.1208655 0.1218526 0.1228619 0.1238930 0.1249453 0.1260182 0.1271111 0.1282229 0.1293526 0.1304992 0.1316613 0.1328376 0.1340267 0.1352270 0.1364369 0.1376548 0.1388790 0.1401076 0.1413390 0.1425715 0.1438032 0.1450325 0.1462576 0.1474769 0.1486888 0.1498919 0.1510847 0.1522658
0.1033982 0.1038594 0.1043385 0.1048360 0.1053521 0.1058870 0.1064411 0.1070147 0.1076080 0.1082213 0.1088550 0.1095091 0.1101842 0.1108802 0.1115977 0.1123367 0.1130975 0.1138804 0.1146855 0.1155131 0.1163634 0.1172364 0.1181324 0.1190513 0.1199932 0.1209580 0.1219455 0.1229555 0.1239876 0.1250414 0.1261162 0.1272112 0.1283256 0.1294583 0.1306083 0.1317741 0.1329544 0.1341478 0.1353527 0.1365675 0.1377904 0.1390199 0.1402540 0.1414912 0.1427297 0.1439676 0.1452035 0.1464354 0.1476620 0.1488816 0.1500927 0.1512941 0.1524844
0.1035002 0.1039623 0.1044422 0.1049402 0.1054567 0.1059920 0.1065462 0.1071198 0.1077130 0.1083260 0.1089592 0.1096128 0.1102872 0.1109825 0.1116990 0.1124370 0.1131968 0.1139785 0.1147826 0.1156091 0.1164583 0.1173303 0.1182254 0.1191437 0.1200851 0.1210496 0.1220372 0.1230477 0.1240806 0.1251356 0.1262120 0.1273091 0.1284260 0.1295617 0.1307150 0.1318845 0.1330689 0.1342666 0.1354761 0.1366958 0.1379238 0.1391586 0.1403984 0.1416414 0.1428859 0.1441302 0.1453726 0.1466115 0.1478453 0.1490725 0.1502917 0.1515016 0.1527009
0.1036073 0.1040701 0.1045506 0.1050492 0.1055660 0.1061014 0.1066557 0.1072291 0.1078220 0.1084346 0.1090672 0.1097201 0.1103935 0.1110878 0.1118032 0.1125400 0.1132985 0.1140789 0.1148816 0.1157067 0.1165545 0.1174253 0.1183192 0.1192364 0.1201771 0.1211411 0.1221285 0.1231391 0.1241726 0.1252286 0.1263065 0.1274056 0.1285249 0.1296635 0.1308200 0.1319932 0.1331817 0.1343838 0.1355980 0.1368226 0.1380559 0.1392961 0.1405415 0.1417904 0.1430410 0.1442916 0.1455406 0.1467865 0.1480275 0.1492624 0.1504896 0.1517079 0.1529160
0.1037196 0.1041831 0.1046642 0.1051631 0.1056801 0.1062156 0.1067698 0.1073430 0.1079354 0.1085475 0.1091793 0.1098313 0.1105037 0.1111968 0.1119109 0.1126463 0.1134033 0.1141821 0.1149831 0.1158065 0.1166527 0.1175219 0.1184144 0.1193303 0.1202698 0.1212330 0.1222199 0.1232304 0.1242643 0.1253211 0.1264004 0.1275013 0.1286230 0.1297644 0.1309243 0.1321012 0.1332938 0.1345004 0.1357193 0.1369489 0.1381875 0.1394332 0.1406843 0.1419391 0.1431958 0.1444528 0.1457085 0.1469612 0.1482095 0.1494519 0.1506870 0.1519136 0.1531304
0.1038375 0.1043016 0.1047832 0.1052824 0.1057996 0.1063350 0.1068890 0.1074618 0.1080538 0.1086651 0.1092961 0.1099471 0.1106183 0.1113100 0.1120227 0.1127565 0.1135117 0.1142887 0.1150878 0.1159094 0.1167537 0.1176210 0.1185117 0.1194259 0.1203640 0.1213261 0.1223123 0.1233224 0.1243564 0.1254139 0.1264943 0.1275970 0.1287210 0.1298653 0.1310285 0.1322092 0.1334060 0.1346171 0.1358409 0.1370756 0.1383195 0.1395707 0.1408276 0.1420883 0.1433512 0.1446145 0.1458768 0.1471364 0.1483918 0.1496417 0.1508846 0.1521194 0.1533448
0.1039613 0.1044260 0.1049079 0.1054074 0.1059247 0.1064600 0.1070137 0.1075861 0.1081774 0.1087879 0.1094180 0.1100678 0.1107377 0.1114280 0.1121390 0.1128711 0.1136244 0.1143994 0.1151965 0.1160159 0.1168580 0.1177232 0.1186118 0.1195241 0.1204605 0.1214212 0.1224063 0.1234158 0.1244497 0.1255077 0.1265891 0.1276935 0.1288198 0.1299669 0.1311335 0.1323181 0.1335192 0.1347349 0.1359636 0.1372035 0.1384528 0.1397096 0.1409722 0.1422389 0.1435079 0.1447777 0.1460465 0.1473129 0.1485754 0.1498326 0.1510831 0.1523259 0.1535597
0.1040914 0.1045565 0.1050388 0.1055385 0.1060558 0.1065909 0.1071443 0.1077162 0.1083068 0.1089165 0.1095455 0.1101941 0.1108626 0.1115513 0.1122606 0.1129907 0.1137420 0.1145149 0.1153097 0.1161267 0.1169664 0.1178292 0.1187155 0.1196257 0.1205601 0.1215191 0.1225028 0.1235115 0.1245450 0.1256032 0.1266857 0.1277916 0.1289202 0.1300702 0.1312403 0.1324288 0.1336342 0.1348547 0.1360884 0.1373336 0.1385883 0.1398507 0.1411191 0.1423918 0.1436669 0.1449429 0.1462183 0.1474913 0.1487608 0.1500252 0.1512833 0.1525338 0.1537757
0.1042279 0.1046936 0.1051762 0.1056760 0.1061933 0.1067283 0.1072813 0.1078526 0.1084425 0.1090512 0.1096791 0.1103264 0.1109935 0.1116806 0.1123880 0.1131161 0.1138653 0.1146359 0.1154282 0.1162427 0.1170799 0.1179401 0.1188238 0.1197315 0.1206636 0.1216205 0.1226026 0.1236101 0.1246431 0.1257014 0.1267847 0.1278922 0.1290231 0.1301761 0.1313497 0.1325423 0.1337522 0.1349775 0.1362163 0.1374667 0.1387269 0.1399950 0.1412692 0.1425478 0.1438290 0.1451112 0.1463929 0.1476725 0.1489488 0.1502202 0.1514856 0.1527437 0.1539935
0.1043713 0.1048375 0.1053204 0.1058203 0.1063375 0.1068723 0.1074250 0.1079957 0.1085849 0.1091926 0.1098194 0.1104654 0.1111309 0.1118163 0.1125219 0.1132479 0.1139949 0.1147630 0.1155528 0.1163647 0.1171991 0.1180565 0.1189374 0.1198423 0.1207718 0.1217265 0.1227067 0.1237127 0.1247449 0.1258032 0.1268872 0.1279962 0.1291294 0.1302854 0.1314627 0.1326595 0.1338740 0.1351042 0.1363482 0.1376040 0.1388697 0.1401434 0.1414233 0.1427077 0.1439949 0.1452832 0.1465711 0.1478572 0.1491401 0.1504183 0.1516908 0.1529563 0.1542137
0.1045219 0.1049885 0.1054717 0.1059718 0.1064890 0.1070236 0.1075758 0.1081460 0.1087344 0.1093412 0.1099668 0.1106115 0.1112755 0.1119592 0.1126628 0.1133868 0.1141314 0.1148971 0.1156843 0.1164934 0.1173249 0.1181794 0.1190573 0.1199592 0.1208859 0.1218379 0.1228159 0.1238203 0.1248514 0.1259094 0.1269940 0.1281046 0.1292401 0.1303993 0.1315804 0.1327815 0.1340008 0.1352360 0.1364852 0.1377464 0.1390176 0.1402968 0.1415824 0.1428725 0.1441655 0.1454598 0.1467538 0.1480461 0.1493353 0.1506202 0.1518995 0.1531720 0.1544368
0.1046800 0.1051471 0.1056307 0.1061309 0.1066480 0.1071824 0.1077343 0.1083039 0.1088915 0.1094974 0.1101219 0.1107652 0.1114277 0.1121097 0.1128115 0.1135334 0.1142758 0.1150390 0.1158235 0.1166298 0.1174584 0.1183097 0.1191844 0.1200832 0.1210068 0.1219560 0.1229314 0.1239337 0.1249635 0.1260210 0.1271062 0.1282182 0.1293563 0.1305187 0.1317038 0.1329095 0.1341335 0.1353739 0.1366283 0.1378949 0.1391715 0.1404562 0.1417473 0.1430430 0.1443417 0.1456417 0.1469415 0.1482398 0.1495352 0.1508264 0.1521122 0.1533916 0.1546633
0.1048459 0.1053136 0.1057974 0.1062978 0.1068150 0.1073492 0.1079007 0.1084698 0.1090567 0.1096617 0.1102851 0.1109272 0.1115883 0.1122686 0.1129685 0.1136884 0.1144285 0.1151893 0.1159713 0.1167747 0.1176003 0.1184485 0.1193199 0.1202154 0.1211357 0.1220817 0.1230542 0.1240542 0.1250824 0.1261393 0.1272248 0.1283384 0.1294790 0.1306450 0.1318342 0.1330445 0.1342735 0.1355190 0.1367787 0.1380506 0.1393325 0.1406226 0.1419190 0.1432201 0.1445242 0.1458297 0.1471351 0.1484392 0.1497404 0.1510376 0.1523297 0.1536155 0.1548939
0.1050201 0.1054882 0.1059725 0.1064731 0.1069903 0.1075244 0.1080756 0.1086442 0.1092304 0.1098346 0.1104570 0.1110979 0.1117576 0.1124364 0.1131345 0.1138525 0.1145905 0.1153489 0.1161283 0.1169290 0.1177516 0.1185967 0.1194649 0.1203569 0.1212738 0.1222163 0.1231857 0.1241830 0.1252093 0.1262652 0.1273510 0.1284662 0.1296096 0.1307792 0.1319728 0.1331879 0.1344220 0.1356726 0.1369375 0.1382145 0.1395016 0.1407968 0.1420983 0.1434045 0.1447138 0.1460245 0.1473353 0.1486447 0.1499515 0.1512545 0.1525524 0.1538443 0.1551290
0.1052027 0.1056714 0.1061561 0.1066570 0.1071743 0.1077083 0.1082592 0.1088274 0.1094131 0.1100166 0.1106380 0.1112779 0.1119363 0.1126136 0.1133102 0.1140263 0.1147623 0.1155185 0.1162955 0.1170936 0.1179134 0.1187554 0.1196203 0.1205090 0.1214223 0.1223613 0.1233272 0.1243215 0.1253454 0.1264001 0.1274861 0.1286030 0.1297493 0.1309229 0.1321211 0.1333411 0.1345802 0.1358359 0.1371058 0.1383878 0.1396797 0.1409798 0.1422862 0.1435972 0.1449113 0.1462269 0.1475426 0.1488571 0.1501691 0.1514775 0.1527809 0.1540785 0.1553691
0.1053941 0.1058635 0.1063487 0.1068498 0.1073673 0.1079013 0.1084521 0.1090200 0.1096052 0.1102080 0.1108287 0.1114675 0.1121248 0.1128009 0.1134960 0.1142104 0.1149446 0.1156989 0.1164737 0.1172694 0.1180865 0.1189257 0.1197875 0.1206729 0.1215826 0.1225180 0.1234803 0.1244712 0.1254924 0.1265455 0.1276315 0.1287502 0.1298998 0.1310776 0.1322806 0.1335055 0.1347496 0.1360102 0.1372849 0.1385715 0.1398680 0.1411726 0.1424834 0.1437989 0.1451174 0.1464375 0.1477579 0.1490771 0.1503939 0.1517072 0.1530157 0.1543186 0.1556147
