data/rasters/evap/evaporation_20000104.ASC
NCOLS                  300
NROWS                  325
XLLCORNER       0.0000000E+00
YLLCORNER        300000.0
CELLSIZE         1000.000
NODATA_VALUE    0.0000000E+00
[rows 176 to 197 of 325, columns 200 to 249 of 300]
5.8023795E-02 5.8957905E-02 5.9893366E-02 6.0828920E-02 6.1763443E-02 6.2695898E-02 6.3625351E-02 6.4550929E-02 6.5471835E-02 6.6387348E-02 6.7296766E-02 6.8199478E-02 6.9094889E-02 6.9982447E-02 7.0861652E-02 7.1732022E-02 7.2593108E-02 7.3444501E-02 7.4285790E-02 7.5116605E-02 7.5936593E-02 7.6745413E-02 7.7542737E-02 7.8328252E-02 7.9101652E-02 7.9862632E-02 8.0610886E-02 8.1346132E-02 8.2068048E-02 8.2776323E-02 8.3470628E-02 8.4150620E-02 8.4815927E-02 8.5466139E-02 8.6100809E-02 8.6719453E-02 8.7321505E-02 8.7906353E-02 8.8473335E-02 8.9021772E-02 8.9551039E-02 9.0060696E-02 9.0550601E-02 9.1020972E-02 9.1472335E-02 9.1905393E-02 9.2320904E-02 9.2719607E-02 9.3102194E-02 9.3469292E-02
5.8175229E-02 5.9104748E-02 6.0035836E-02 6.0967222E-02 6.1897751E-02 6.2826380E-02 6.3752152E-02 6.4674206E-02 6.5591715E-02 6.6503957E-02 6.7410231E-02 6.8309903E-02 6.9202386E-02 7.0087127E-02 7.0963614E-02 7.1831353E-02 7.2689913E-02 7.3538847E-02 7.4377768E-02 7.5206287E-02 7.6024048E-02 7.6830707E-02 7.7625930E-02 7.8409396E-02 7.9180785E-02 7.9939798E-02 8.0686115E-02 8.1419446E-02 8.2139455E-02 8.2845837E-02 8.3538257E-02 8.4216349E-02 8.4879741E-02 8.5528024E-02 8.6160764E-02 8.6777471E-02 8.7377615E-02 8.7960638E-02 8.8525958E-02 8.9072987E-02 8.9601256E-02 9.0110414E-02 9.0600379E-02 9.1071315E-02 9.1523640E-02 9.1957919E-02 9.2374802E-02 9.2774950E-02 9.3159005E-02 9.3527563E-02
5.8359988E-02 5.9283860E-02 6.0209539E-02 6.1135735E-02 6.2061280E-02 6.2985122E-02 6.3906290E-02 6.4823896E-02 6.5737128E-02 6.6645235E-02 6.7547530E-02 6.8443350E-02 6.9332115E-02 7.0213266E-02 7.1086273E-02 7.1950644E-02 7.2805941E-02 7.3651716E-02 7.4487574E-02 7.5313121E-02 7.6127991E-02 7.6931834E-02 7.7724308E-02 7.8505091E-02 7.9273857E-02 8.0030285E-02 8.0774076E-02 8.1504904E-02 8.2222447E-02 8.2926378E-02 8.3616361E-02 8.4292032E-02 8.4953010E-02 8.5598901E-02 8.6229265E-02 8.6843640E-02 8.7441526E-02 8.8022426E-02 8.8585809E-02 8.9131206E-02 8.9658223E-02 9.0166599E-02 9.0656273E-02 9.1127388E-02 9.1580272E-02 9.2015401E-02 9.2433326E-02 9.2834637E-02 9.3219906E-02 9.3589716E-02
5.8577038E-02 5.9494320E-02 6.0413647E-02 6.1333723E-02 6.2253375E-02 6.3171528E-02 6.4087205E-02 6.4999506E-02 6.5907620E-02 6.6810779E-02 6.7708276E-02 6.8599470E-02 6.9483750E-02 7.0360549E-02 7.1229346E-02 7.2089642E-02 7.2940975E-02 7.3782906E-02 7.4615024E-02 7.5436935E-02 7.6248266E-02 7.7048659E-02 7.7837765E-02 7.8615248E-02 7.9380795E-02 8.0134064E-02 8.0874741E-02 8.1602514E-02 8.2317039E-02 8.3017997E-02 8.3705030E-02 8.4377795E-02 8.5035905E-02 8.5678957E-02 8.6306550E-02 8.6918220E-02 8.7513529E-02 8.8092007E-02 8.8653199E-02 8.9196712E-02 8.9722224E-02 9.0229526E-02 9.0718575E-02 9.1189504E-02 9.1642566E-02 9.2078172E-02 9.2496797E-02 9.2898957E-02 9.3285181E-02 9.3655996E-02
5.8825269E-02 5.9735131E-02 6.0647264E-02 6.1560377E-02 6.2473286E-02 6.3384913E-02 6.4294279E-02 6.5200478E-02 6.6102669E-02 6.7000099E-02 6.7892045E-02 6.8777852E-02 6.9656916E-02 7.0528649E-02 7.1392529E-02 7.2248049E-02 7.3094748E-02 7.3932163E-02 7.4759893E-02 7.5577535E-02 7.6384701E-02 7.7181026E-02 7.7966169E-02 7.8739770E-02 7.9501510E-02 8.0251060E-02 8.0988079E-02 8.1712261E-02 8.2423255E-02 8.3120733E-02 8.3804347E-02 8.4473744E-02 8.5128538E-02 8.5768364E-02 8.6392798E-02 8.7001428E-02 8.7593846E-02 8.8169627E-02 8.8728376E-02 8.9269750E-02 8.9793488E-02 9.0299428E-02 9.0787530E-02 9.1257907E-02 9.1710791E-02 9.2146516E-02 9.2565492E-02 9.2968188E-02 9.3355075E-02 9.3726650E-02
5.9103508E-02 6.0005222E-02 6.0909420E-02 6.1814807E-02 6.2720209E-02 6.3624553E-02 6.4526841E-02 6.5426171E-02 6.6321708E-02 6.7212664E-02 6.8098336E-02 6.8978049E-02 6.9851190E-02 7.0717171E-02 7.1575463E-02 7.2425544E-02 7.3266953E-02 7.4099228E-02 7.4921943E-02 7.5734690E-02 7.6537088E-02 7.7328764E-02 7.8109361E-02 7.8878522E-02 7.9635911E-02 8.0381192E-02 8.1114039E-02 8.1834115E-02 8.2541086E-02 8.3234608E-02 8.3914347E-02 8.4579945E-02 8.5231028E-02 8.5867234E-02 8.6488165E-02 8.7093435E-02 8.7682664E-02 8.8255472E-02 8.8811509E-02 8.9350492E-02 8.9872189E-02 9.0376467E-02 9.0863310E-02 9.1332808E-02 9.1785155E-02 9.2220649E-02 9.2639647E-02 9.3042560E-02 9.3429819E-02 9.3801878E-02
5.9410546E-02 6.0303494E-02 6.1199095E-02 6.2096085E-02 6.2993288E-02 6.3889645E-02 6.4784162E-02 6.5675922E-02 6.6564098E-02 6.7447901E-02 6.8326607E-02 6.9199555E-02 7.0066109E-02 7.0925690E-02 7.1777746E-02 7.2621763E-02 7.3457263E-02 7.4283779E-02 7.5100876E-02 7.5908154E-02 7.6705210E-02 7.7491671E-02 7.8267165E-02 7.9031341E-02 7.9783857E-02 8.0524363E-02 8.1252530E-02 8.1968024E-02 8.2670502E-02 8.3359629E-02 8.4035061E-02 8.4696449E-02 8.5343443E-02 8.5975662E-02 8.6592756E-02 8.7194361E-02 8.7780111E-02 8.8349678E-02 8.8902749E-02 8.9439072E-02 8.9958452E-02 9.0460792E-02 9.0946063E-02 9.1414355E-02 9.1865830E-02 9.2300758E-02 9.2719443E-02 9.3122259E-02 9.3509592E-02 9.3881868E-02
5.9745170E-02 6.0628809E-02 6.1515246E-02 6.2403232E-02 6.3291624E-02 6.4179361E-02 6.5065458E-02 6.5949015E-02 6.6829182E-02 6.7705184E-02 6.8576299E-02 6.9441848E-02 7.0301190E-02 7.1153753E-02 7.1998961E-02 7.2836317E-02 7.3665313E-02 7.4485488E-02 7.5296409E-02 7.6097652E-02 7.6888815E-02 7.7669516E-02 7.8439385E-02 7.9198062E-02 7.9945192E-02 8.0680437E-02 8.1403457E-02 8.2113907E-02 8.2811452E-02 8.3495758E-02 8.4166482E-02 8.4823281E-02 8.5465811E-02 8.6093716E-02 8.6706661E-02 8.7304287E-02 8.7886289E-02 8.8452339E-02 8.9002177E-02 8.9535587E-02 9.0052381E-02 9.0552494E-02 9.1035895E-02 9.1502659E-02 9.1952950E-02 9.2386983E-02 9.2805035E-02 9.3207441E-02 9.3594566E-02 9.3966775E-02
6.0106162E-02 6.0980033E-02 6.1856799E-02 6.2735252E-02 6.3614279E-02 6.4492822E-02 6.5369926E-02 6.6244684E-02 6.7116261E-02 6.7983873E-02 6.8846792E-02 6.9704354E-02 7.0555903E-02 7.1400858E-02 7.2238654E-02 7.3068768E-02 7.3890708E-02 7.4703999E-02 7.5508192E-02 7.6302864E-02 7.7087618E-02 7.7862054E-02 7.8625798E-02 7.9378486E-02 8.0119759E-02 8.0849282E-02 8.1566691E-02 8.2271673E-02 8.2963869E-02 8.3642952E-02 8.4308580E-02 8.4960423E-02 8.5598148E-02 8.6221412E-02 8.6829893E-02 8.7423265E-02 8.8001236E-02 8.8563517E-02 8.9109868E-02 8.9640088E-02 9.0154037E-02 9.0651631E-02 9.1132872E-02 9.1597818E-02 9.2046604E-02 9.2479430E-02 9.2896543E-02 9.3298241E-02 9.3684852E-02 9.4056726E-02
6.0492318E-02 6.1356023E-02 6.2222686E-02 6.3091144E-02 6.3960306E-02 6.4829156E-02 6.5696739E-02 6.6562161E-02 6.7424595E-02 6.8283267E-02 6.9137454E-02 6.9986470E-02 7.0829682E-02 7.1666494E-02 7.2496332E-02 7.3318683E-02 7.4133031E-02 7.4938916E-02 7.5735874E-02 7.6523475E-02 7.7301323E-02 7.8069009E-02 7.8826152E-02 7.9572387E-02 8.0307357E-02 8.1030712E-02 8.1742100E-02 8.2441188E-02 8.3127640E-02 8.3801121E-02 8.4461294E-02 8.5107841E-02 8.5740432E-02 8.6358748E-02 8.6962476E-02 8.7551311E-02 8.8124983E-02 8.8683225E-02 8.9225829E-02 8.9752607E-02 9.0263441E-02 9.0758257E-02 9.1237053E-02 9.1699883E-02 9.2146866E-02 9.2578180E-02 9.2994049E-02 9.3394741E-02 9.3780555E-02 9.4151817E-02
6.0902450E-02 6.1755642E-02 6.2611818E-02 6.3469872E-02 6.4328745E-02 6.5187439E-02 6.6045024E-02 6.6900633E-02 6.7753434E-02 6.8602674E-02 6.9447614E-02 7.0287585E-02 7.1121953E-02 7.1950108E-02 7.2771497E-02 7.3585577E-02 7.4391849E-02 7.5189836E-02 7.5979076E-02 7.6759137E-02 7.7529602E-02 7.8290083E-02 7.9040177E-02 7.9779528E-02 8.0507763E-02 8.1224531E-02 8.1929497E-02 8.2622312E-02 8.3302639E-02 8.3970159E-02 8.4624544E-02 8.5265465E-02 8.5892610E-02 8.6505674E-02 8.7104365E-02 8.7688394E-02 8.8257506E-02 8.8811465E-02 8.9350067E-02 8.9873150E-02 9.0380609E-02 9.0872377E-02 9.1348447E-02 9.1808878E-02 9.2253767E-02 9.2683278E-02 9.3097612E-02 9.3497016E-02 9.3881756E-02 9.4252132E-02
6.1335381E-02 6.2177766E-02 6.3023135E-02 6.3870423E-02 6.4718619E-02 6.5566756E-02 6.6413924E-02 6.7259282E-02 6.8102010E-02 6.8941347E-02 6.9776587E-02 7.0607051E-02 7.1432099E-02 7.2251141E-02 7.3063605E-02 7.3868953E-02 7.4666686E-02 7.5456321E-02 7.6237388E-02 7.7009462E-02 7.7772118E-02 7.8524962E-02 7.9267591E-02 7.9999633E-02 8.0720738E-02 8.1430539E-02 8.2128696E-02 8.2814872E-02 8.3488733E-02 8.4149949E-02 8.4798209E-02 8.5433193E-02 8.6054601E-02 8.6662136E-02 8.7255515E-02 8.7834477E-02 8.8398777E-02 8.8948198E-02 8.9482546E-02 9.0001687E-02 9.0505511E-02 9.0993971E-02 9.1467053E-02 9.1924801E-02 9.2367321E-02 9.2794746E-02 9.3207270E-02 9.3605101E-02 9.3988493E-02 9.4357722E-02
6.1789967E-02 6.2621288E-02 6.3455567E-02 6.4291775E-02 6.5128952E-02 6.5966174E-02 6.6802561E-02 6.7637272E-02 6.8469517E-02 6.9298550E-02 7.0123665E-02 7.0944190E-02 7.1759500E-02 7.2568990E-02 7.3372103E-02 7.4168295E-02 7.4957065E-02 7.5737916E-02 7.6510400E-02 7.7274069E-02 7.8028508E-02 7.8773305E-02 7.9508074E-02 8.0232434E-02 8.0946028E-02 8.1648491E-02 8.2339488E-02 8.3018675E-02 8.3685733E-02 8.4340334E-02 8.4982157E-02 8.5610911E-02 8.6226299E-02 8.6828031E-02 8.7415844E-02 8.7989479E-02 8.8548720E-02 8.9093357E-02 8.9623213E-02 9.0138167E-02 9.0638116E-02 9.1123007E-02 9.1592833E-02 9.2047647E-02 9.2487529E-02 9.2912599E-02 9.3323030E-02 9.3719020E-02 9.4100803E-02 9.4468631E-02
6.2265087E-02 6.3085124E-02 6.3908048E-02 6.4732917E-02 6.5558784E-02 6.6384777E-02 6.7210041E-02 6.8033762E-02 6.8855166E-02 6.9673523E-02 7.0488133E-02 7.1298338E-02 7.2103515E-02 7.2903067E-02 7.3696427E-02 7.4483067E-02 7.5262472E-02 7.6034158E-02 7.6797664E-02 7.7552542E-02 7.8298382E-02 7.9034761E-02 7.9761297E-02 8.0477618E-02 8.1183344E-02 8.1878133E-02 8.2561634E-02 8.3233513E-02 8.3893456E-02 8.4541127E-02 8.5176237E-02 8.5798480E-02 8.6407579E-02 8.7003246E-02 8.7585241E-02 8.8153310E-02 8.8707246E-02 8.9246862E-02 8.9771993E-02 9.0282515E-02 9.0778343E-02 9.1259427E-02 9.1725759E-02 9.2177369E-02 9.2614345E-02 9.3036801E-02 9.3444884E-02 9.3838781E-02 9.4218694E-02 9.4584867E-02
6.2759630E-02 6.3568182E-02 6.4379558E-02 6.5192834E-02 6.6007145E-02 6.6821635E-02 6.7635484E-02 6.8447903E-02 6.9258146E-02 7.0065491E-02 7.0869260E-02 7.1668804E-02 7.2463490E-02 7.3252738E-02 7.4035995E-02 7.4812710E-02 7.5582393E-02 7.6344550E-02 7.7098712E-02 7.7844456E-02 7.8581333E-02 7.9308957E-02 8.0026917E-02 8.0734856E-02 8.1432387E-02 8.2119174E-02 8.2794875E-02 8.3459146E-02 8.4111676E-02 8.4752150E-02 8.5380264E-02 8.5995734E-02 8.6598277E-02 8.7187640E-02 8.7763570E-02 8.8325836E-02 8.8874243E-02 8.9408614E-02 8.9928783E-02 9.0434648E-02 9.0926118E-02 9.1403157E-02 9.1865741E-02 9.2313915E-02 9.2747740E-02 9.3167327E-02 9.3572810E-02 9.3964353E-02 9.4342157E-02 9.4706431E-02
6.3272513E-02 6.4069420E-02 6.4869046E-02 6.5670542E-02 6.6473067E-02 6.7275807E-02 6.8077989E-02 6.8878844E-02 6.9677643E-02 7.0473693E-02 7.1266308E-02 7.2054870E-02 7.2838753E-02 7.3617384E-02 7.4390195E-02 7.5156674E-02 7.5916298E-02 7.6668590E-02 7.7413090E-02 7.8149356E-02 7.8876957E-02 7.9595491E-02 8.0304570E-02 8.1003807E-02 8.1692852E-02 8.2371339E-02 8.3038941E-02 8.3695322E-02 8.4340163E-02 8.4973164E-02 8.5594028E-02 8.6202472E-02 8.6798228E-02 8.7381043E-02 8.7950684E-02 8.8506922E-02 8.9049578E-02 8.9578472E-02 9.0093471E-02 9.0594448E-02 9.1081344E-02 9.1554098E-02 9.2012711E-02 9.2457205E-02 9.2887640E-02 9.3304120E-02 9.3706757E-02 9.4095707E-02 9.4471157E-02 9.4833300E-02
6.3802682E-02 6.4587794E-02 6.5375514E-02 6.6165045E-02 6.6955596E-02 6.7746393E-02 6.8536684E-02 6.9325738E-02 7.0112847E-02 7.0897333E-02 7.1678534E-02 7.2455838E-02 7.3228635E-02 7.3996350E-02 7.4758433E-02 7.5514369E-02 7.6263636E-02 7.7005766E-02 7.7740297E-02 7.8466788E-02 7.9184815E-02 7.9893969E-02 8.0593869E-02 8.1284128E-02 8.1964388E-02 8.2634307E-02 8.3293542E-02 8.3941765E-02 8.4578663E-02 8.5203946E-02 8.5817315E-02 8.6418502E-02 8.7007239E-02 8.7583281E-02 8.8146411E-02 8.8696413E-02 8.9233093E-02 8.9756310E-02 9.0265907E-02 9.0761796E-02 9.1243885E-02 9.1712147E-02 9.2166558E-02 9.2607148E-02 9.3033969E-02 9.3447097E-02 9.3846664E-02 9.4232798E-02 9.4605662E-02 9.4965443E-02
6.4349085E-02 6.5122284E-02 6.5897964E-02 6.6675380E-02 6.7453787E-02 6.8232462E-02 6.9010675E-02 6.9787726E-02 7.0562929E-02 7.1335636E-02 7.2105192E-02 7.2870992E-02 7.3632449E-02 7.4388996E-02 7.5140089E-02 7.5885206E-02 7.6623850E-02 7.7355549E-02 7.8079835E-02 7.8796282E-02 7.9504460E-02 8.0203965E-02 8.0894418E-02 8.1575431E-02 8.2246661E-02 8.2907744E-02 8.3558358E-02 8.4198184E-02 8.4826909E-02 8.5444234E-02 8.6049885E-02 8.6643592E-02 8.7225094E-02 8.7794155E-02 8.8350564E-02 8.8894114E-02 8.9424625E-02 8.9941956E-02 9.0445958E-02 9.0936542E-02 9.1413625E-02 0.0000000E+00 0.0000000E+00 0.0000000E+00 0.0000000E+00 0.0000000E+00 9.3992449E-02 9.4375536E-02 9.4745599E-02 0.0000000E+00
6.4910695E-02 6.5671861E-02 6.6435389E-02 6.7200571E-02 6.7966715E-02 6.8733118E-02 6.9499090E-02 7.0263974E-02 7.1027093E-02 7.1787819E-02 7.2545521E-02 7.3299617E-02 7.4049518E-02 7.4794665E-02 7.5534530E-02 7.6268598E-02 7.6996379E-02 7.7717401E-02 7.8431204E-02 7.9137355E-02 7.9835437E-02 8.0525056E-02 8.1205808E-02 8.1877343E-02 8.2539290E-02 8.3191313E-02 8.3833084E-02 8.4464282E-02 8.5084610E-02 8.5693762E-02 8.6291485E-02 8.6877495E-02 8.7451562E-02 8.8013448E-02 8.8562936E-02 8.9099839E-02 8.9623988E-02 9.0135232E-02 9.0633444E-02 0.0000000E+00 0.0000000E+00 0.0000000E+00 0.0000000E+00 0.0000000E+00 0.0000000E+00 0.0000000E+00 0.0000000E+00 0.0000000E+00 0.0000000E+00 0.0000000E+00
6.5486498E-02 6.6235550E-02 6.6986829E-02 6.7739680E-02 6.8493441E-02 6.9247454E-02 7.0001066E-02 7.0753627E-02 7.1504511E-02 7.2253101E-02 7.2998784E-02 7.3740989E-02 7.4479140E-02 7.5212695E-02 7.5941131E-02 7.6663949E-02 7.7380650E-02 7.8090772E-02 7.8793876E-02 7.9489514E-02 8.0177277E-02 8.0856778E-02 8.1527628E-02 8.2189456E-02 8.2841910E-02 8.3484657E-02 8.4117368E-02 8.4739737E-02 8.5351452E-02 8.5952245E-02 8.6541831E-02 8.7119967E-02 8.7686405E-02 8.8240914E-02 8.8783309E-02 8.9313380E-02 8.9830980E-02 0.0000000E+00 0.0000000E+00 0.0000000E+00 0.0000000E+00 0.0000000E+00 0.0000000E+00 0.0000000E+00 0.0000000E+00 0.0000000E+00 0.0000000E+00 0.0000000E+00 0.0000000E+00 0.0000000E+00
6.6075489E-02 6.6812366E-02 6.7551322E-02 6.8291761E-02 6.9033056E-02 6.9774583E-02 7.0515729E-02 7.1255863E-02 7.1994394E-02 7.2730705E-02 7.3464230E-02 7.4194387E-02 7.4920632E-02 7.5642429E-02 7.6359265E-02 7.7070639E-02 7.7776082E-02 7.8475125E-02 7.9167321E-02 7.9852253E-02 8.0529511E-02 8.1198700E-02 8.1859440E-02 8.2511365E-02 8.3154134E-02 8.3787411E-02 8.4410869E-02 8.5024215E-02 8.5627139E-02 8.6219378E-02 8.6800657E-02 8.7370723E-02 8.7929353E-02 8.8476323E-02 8.9011438E-02 0.0000000E+00 0.0000000E+00 0.0000000E+00 0.0000000E+00 0.0000000E+00 0.0000000E+00 0.0000000E+00 0.0000000E+00 0.0000000E+00 0.0000000E+00 0.0000000E+00 0.0000000E+00 0.0000000E+00 0.0000000E+00 0.0000000E+00
6.6676691E-02 6.7401327E-02 6.8127915E-02 6.8855882E-02 6.9584653E-02 7.0313625E-02 7.1042225E-02 7.1769848E-02 7.2495922E-02 7.3219858E-02 7.3941097E-02 7.4659094E-02 7.5373299E-02 7.6083198E-02 7.6788284E-02 7.7488072E-02 7.8182094E-02 7.8869887E-02 7.9551019E-02 8.0225073E-02 8.0891646E-02 8.1550345E-02 8.2200795E-02 8.2842648E-02 8.3475552E-02 8.4099181E-02 8.4713221E-02 8.5317366E-02 8.5911334E-02 8.6494848E-02 8.7067649E-02 8.7629490E-02 8.8180147E-02 8.8719413E-02 0.0000000E+00 0.0000000E+00 0.0000000E+00 0.0000000E+00 0.0000000E+00 0.0000000E+00 0.0000000E+00 0.0000000E+00 0.0000000E+00 0.0000000E+00 0.0000000E+00 0.0000000E+00 0.0000000E+00 0.0000000E+00 0.0000000E+00 0.0000000E+00
