data/rasters/evap/evaporation_20000106.ASC
NCOLS                  300
NROWS                  325
XLLCORNER       0.0000000E+00
YLLCORNER        300000.0
CELLSIZE         1000.000
NODATA_VALUE    0.0000000E+00
[rows 250 to 274 of 325, columns 0 to 54 of 300]
0.0000000E+00 0.0000000E+00 0.0000000E+00 0.0000000E+00 0.0000000E+00 0.0000000E+00 0.0000000E+00 0.0000000E+00 0.0000000E+00 0.0000000E+00 0.1219586 0.1231985 0.1244450 0.1256985 0.1269593 0.1282278 0.1295044 0.1307896 0.1320840 0.1333881 0.1347025 0.1360280 0.1373652 0.1387149 0.1400780 0.1414552 0.1428473 0.1442550 0.1456786 0.1471184 0.1485742 0.1500455 0.1515310 0.1530295 0.1545390 0.1560576 0.1575828 0.1591124 0.1606438 0.1621748 0.1637028 0.1652256 0.1667410 0.1682469 0.1697413 0.1712223 0.1726884 0.1741381 0.1755700 0.1769833 0.1783772 0.1797510 0.1811045 0.1824377 0.1837506
0.0000000E+00 0.0000000E+00 0.0000000E+00 0.0000000E+00 0.0000000E+00 0.0000000E+00 0.0000000E+00 0.0000000E+00 0.0000000E+00 0.1219410 0.1231784 0.1244222 0.1256727 0.1269302 0.1281951 0.1294677 0.1307486 0.1320382 0.1333370 0.1346456 0.1359645 0.1372943 0.1386359 0.1399898 0.1413568 0.1427374 0.1441325 0.1455424 0.1469674 0.1484077 0.1498629 0.1513324 0.1528152 0.1543101 0.1558152 0.1573288 0.1588486 0.1603725 0.1618983 0.1634235 0.1649460 0.1664636 0.1679740 0.1694754 0.1709656 0.1724431 0.1739061 0.1753533 0.1767835 0.1781956 0.1795889 0.1809629 0.1823174 0.1836521 0.1849673
0.0000000E+00 0.0000000E+00 0.0000000E+00 0.0000000E+00 0.0000000E+00 0.0000000E+00 0.0000000E+00 0.0000000E+00 0.0000000E+00 0.1231614 0.1244026 0.1256503 0.1269047 0.1281663 0.1294353 0.1307121 0.1319973 0.1332912 0.1345943 0.1359072 0.1372304 0.1385645 0.1399101 0.1412679 0.1426384 0.1440223 0.1454199 0.1468317 0.1482579 0.1496984 0.1511528 0.1526206 0.1541009 0.1555922 0.1570932 0.1586020 0.1601167 0.1616353 0.1631555 0.1646753 0.1661925 0.1677049 0.1692105 0.1707074 0.1721937 0.1736676 0.1751276 0.1765723 0.1780005 0.1794113 0.1808039 0.1821778 0.1835328 0.1848688 0.1861858
0.0000000E+00 0.0000000E+00 0.0000000E+00 0.0000000E+00 0.0000000E+00 0.0000000E+00 0.0000000E+00 0.0000000E+00 0.0000000E+00 0.1243858 0.1256309 0.1268824 0.1281409 0.1294064 0.1306795 0.1319606 0.1332499 0.1345480 0.1358554 0.1371724 0.1384998 0.1398379 0.1411874 0.1425487 0.1439225 0.1453092 0.1467091 0.1481225 0.1495496 0.1509901 0.1524437 0.1539098 0.1553875 0.1568756 0.1583726 0.1598769 0.1613867 0.1629001 0.1644151 0.1659296 0.1674417 0.1689492 0.1704502 0.1719427 0.1734251 0.1748955 0.1763525 0.1777947 0.1792209 0.1806302 0.1820218 0.1833954 0.1847507 0.1860876 0.1874061
0.0000000E+00 0.0000000E+00 0.0000000E+00 0.0000000E+00 0.0000000E+00 0.0000000E+00 0.0000000E+00 0.0000000E+00 0.0000000E+00 0.1256141 0.1268629 0.1281184 0.1293808 0.1306503 0.1319275 0.1332126 0.1345060 0.1358082 0.1371197 0.1384408 0.1397721 0.1411140 0.1424671 0.1438317 0.1452085 0.1465976 0.1479995 0.1494143 0.1508420 0.1522824 0.1537351 0.1551995 0.1566747 0.1581596 0.1596528 0.1611528 0.1626580 0.1641665 0.1656765 0.1671860 0.1686931 0.1701959 0.1716925 0.1731809 0.1746595 0.1761265 0.1775806 0.1790202 0.1804443 0.1818520 0.1832426 0.1846157 0.1859709 0.1873084 0.1886281
0.0000000E+00 0.0000000E+00 0.0000000E+00 0.0000000E+00 0.0000000E+00 0.0000000E+00 0.0000000E+00 0.0000000E+00 0.0000000E+00 0.1268459 0.1280985 0.1293578 0.1306241 0.1318976 0.1331787 0.1344678 0.1357653 0.1370715 0.1383868 0.1397118 0.1410468 0.1423923 0.1437487 0.1451164 0.1464958 0.1478872 0.1492908 0.1507067 0.1521348 0.1535750 0.1550267 0.1564893 0.1579621 0.1594439 0.1609335 0.1624295 0.1639302 0.1654341 0.1669393 0.1684441 0.1699465 0.1714448 0.1729371 0.1744215 0.1758965 0.1773603 0.1788114 0.1802486 0.1816706 0.1830766 0.1844660 0.1858382 0.1871932 0.1885310 0.1898517
0.0000000E+00 0.0000000E+00 0.0000000E+00 0.0000000E+00 0.0000000E+00 0.0000000E+00 0.0000000E+00 0.0000000E+00 0.0000000E+00 0.0000000E+00 0.1293373 0.1306005 0.1318706 0.1331480 0.1344330 0.1357259 0.1370272 0.1383373 0.1396564 0.1409850 0.1423235 0.1436723 0.1450318 0.1464023 0.1477841 0.1491775 0.1505826 0.1519993 0.1534277 0.1548675 0.1563181 0.1577790 0.1592494 0.1607283 0.1622144 0.1637065 0.1652030 0.1667024 0.1682031 0.1697033 0.1712013 0.1726952 0.1741835 0.1756642 0.1771357 0.1785964 0.1800448 0.1814795 0.1828994 0.1843036 0.1856916 0.1870629 0.1884174 0.1897552 0.1910765
0.0000000E+00 0.0000000E+00 0.0000000E+00 0.0000000E+00 0.0000000E+00 0.0000000E+00 0.0000000E+00 0.0000000E+00 0.0000000E+00 0.0000000E+00 0.1305791 0.1318460 0.1331198 0.1344010 0.1356898 0.1369866 0.1382916 0.1396053 0.1409280 0.1422601 0.1436019 0.1449538 0.1463161 0.1476891 0.1490731 0.1504682 0.1518745 0.1532919 0.1547204 0.1561596 0.1576091 0.1590683 0.1605363 0.1620123 0.1634951 0.1649834 0.1664759 0.1679711 0.1694674 0.1709633 0.1724570 0.1739469 0.1754313 0.1769084 0.1783767 0.1798344 0.1812802 0.1827125 0.1841303 0.1855327 0.1869191 0.1882892 0.1896431 0.1909807 0.1923024
0.0000000E+00 0.0000000E+00 0.0000000E+00 0.0000000E+00 0.0000000E+00 0.0000000E+00 0.0000000E+00 0.0000000E+00 0.0000000E+00 0.0000000E+00 0.1318235 0.1330941 0.1343716 0.1356565 0.1369489 0.1382493 0.1395580 0.1408752 0.1422013 0.1435366 0.1448815 0.1462363 0.1476012 0.1489765 0.1503623 0.1517589 0.1531662 0.1545841 0.1560126 0.1574512 0.1588995 0.1603569 0.1618226 0.1632958 0.1647753 0.1662600 0.1677486 0.1692398 0.1707320 0.1722237 0.1737133 0.1751993 0.1766800 0.1781537 0.1796189 0.1810739 0.1825172 0.1839472 0.1853629 0.1867634 0.1881482 0.1895170 0.1908699 0.1922072 0.1935291
0.0000000E+00 0.0000000E+00 0.0000000E+00 0.0000000E+00 0.0000000E+00 0.0000000E+00 0.0000000E+00 0.0000000E+00 0.0000000E+00 0.0000000E+00 0.1330704 0.1343445 0.1356256 0.1369141 0.1382101 0.1395140 0.1408260 0.1421466 0.1434759 0.1448143 0.1461621 0.1475195 0.1488867 0.1502641 0.1516516 0.1530494 0.1544575 0.1558758 0.1573040 0.1587419 0.1601889 0.1616445 0.1631080 0.1645784 0.1660547 0.1675360 0.1690209 0.1705081 0.1719963 0.1734840 0.1749697 0.1764519 0.1779291 0.1793996 0.1808619 0.1823143 0.1837552 0.1851832 0.1865969 0.1879954 0.1893783 0.1907456 0.1920975 0.1934342 0.1947561
0.0000000E+00 0.0000000E+00 0.0000000E+00 0.0000000E+00 0.0000000E+00 0.0000000E+00 0.0000000E+00 0.0000000E+00 0.0000000E+00 0.0000000E+00 0.0000000E+00 0.1355970 0.1368816 0.1381735 0.1394729 0.1407802 0.1420955 0.1434192 0.1447515 0.1460928 0.1474432 0.1488031 0.1501725 0.1515516 0.1529406 0.1543395 0.1557482 0.1571666 0.1585945 0.1600316 0.1614773 0.1629311 0.1643922 0.1658599 0.1673332 0.1688111 0.1702923 0.1717757 0.1732600 0.1747438 0.1762257 0.1777043 0.1791781 0.1806455 0.1821050 0.1835550 0.1849938 0.1864198 0.1878315 0.1892280 0.1906090 0.1919746 0.1933253 0.1946614 0.1959832
0.0000000E+00 0.0000000E+00 0.0000000E+00 0.0000000E+00 0.0000000E+00 0.0000000E+00 0.0000000E+00 0.0000000E+00 0.0000000E+00 0.0000000E+00 0.0000000E+00 0.0000000E+00 0.1381393 0.1394345 0.1407372 0.1420477 0.1433661 0.1446928 0.1460280 0.1473719 0.1487248 0.1500868 0.1514581 0.1528389 0.1542291 0.1556289 0.1570381 0.1584565 0.1598839 0.1613200 0.1627644 0.0000000E+00 0.1656751 0.1671402 0.1686104 0.1700850 0.1715627 0.1730424 0.1745229 0.1760029 0.1774811 0.1789561 0.1804265 0.1818908 0.1833477 0.1847953 0.1862322 0.1876564 0.1890663 0.1904607 0.1918396 0.1932034 0.1945529 0.1958883 0.1972100
0.0000000E+00 0.0000000E+00 0.0000000E+00 0.0000000E+00 0.0000000E+00 0.0000000E+00 0.0000000E+00 0.0000000E+00 0.0000000E+00 0.0000000E+00 0.0000000E+00 0.0000000E+00 0.0000000E+00 0.1406969 0.1420027 0.1433162 0.1446376 0.1459671 0.1473049 0.1486513 0.1500064 0.1513705 0.1527435 0.1541257 0.1555170 0.1569175 0.1583269 0.1597452 0.1611721 0.1626071 0.1640500 0.0000000E+00 0.0000000E+00 0.0000000E+00 0.0000000E+00 0.1713575 0.1728317 0.1743078 0.1757846 0.1772608 0.1787353 0.1802068 0.1816738 0.1831351 0.1845892 0.1860346 0.1874697 0.1888924 0.1903005 0.1916927 0.1930693 0.1944314 0.1957796 0.1971144 0.1984361
0.0000000E+00 0.0000000E+00 0.0000000E+00 0.0000000E+00 0.0000000E+00 0.0000000E+00 0.0000000E+00 0.0000000E+00 0.0000000E+00 0.0000000E+00 0.0000000E+00 0.0000000E+00 0.0000000E+00 0.0000000E+00 0.1432692 0.1445855 0.1459097 0.1472418 0.1485821 0.1499308 0.1512880 0.1526538 0.1540284 0.1554118 0.1568040 0.1582050 0.1596146 0.1610326 0.1624588 0.1638927 0.0000000E+00 0.0000000E+00 0.0000000E+00 0.0000000E+00 0.0000000E+00 0.0000000E+00 0.0000000E+00 0.1755718 0.1770448 0.1785174 0.1799882 0.1814560 0.1829197 0.1843778 0.1858291 0.1872720 0.1887051 0.1901264 0.1915331 0.1929228 0.1942972 0.1956577 0.1970049 0.1983393 0.1996611
0.0000000E+00 0.0000000E+00 0.0000000E+00 0.0000000E+00 0.0000000E+00 0.0000000E+00 0.0000000E+00 0.0000000E+00 0.0000000E+00 0.0000000E+00 0.0000000E+00 0.0000000E+00 0.0000000E+00 0.0000000E+00 0.0000000E+00 0.1458555 0.1471822 0.1485168 0.1498594 0.1512102 0.1525692 0.1539367 0.1553126 0.1566971 0.1580900 0.1594913 0.1609009 0.1623185 0.1637439 0.1651767 0.0000000E+00 0.0000000E+00 0.0000000E+00 0.0000000E+00 0.0000000E+00 0.0000000E+00 0.0000000E+00 0.0000000E+00 0.0000000E+00 0.1797723 0.1812394 0.1827036 0.1841637 0.1856185 0.1870667 0.1885069 0.1899376 0.1913570 0.1927622 0.1941496 0.1955223 0.1968817 0.1982283 0.1995626 0.2008849
0.0000000E+00 0.0000000E+00 0.0000000E+00 0.0000000E+00 0.0000000E+00 0.0000000E+00 0.0000000E+00 0.0000000E+00 0.0000000E+00 0.0000000E+00 0.0000000E+00 0.0000000E+00 0.0000000E+00 0.0000000E+00 0.0000000E+00 0.0000000E+00 0.1484550 0.1497919 0.1511366 0.1524892 0.1538500 0.1552189 0.1565960 0.1579814 0.1593748 0.1607764 0.1621858 0.1636029 0.0000000E+00 0.0000000E+00 0.0000000E+00 0.0000000E+00 0.0000000E+00 0.0000000E+00 0.0000000E+00 0.0000000E+00 0.0000000E+00 0.0000000E+00 0.0000000E+00 0.1810254 0.1824888 0.1839493 0.1854058 0.1868570 0.1883018 0.1897388 0.1911664 0.1925829 0.1939854 0.1953721 0.1967442 0.1981032 0.1994497 0.2007843 0.2021072
0.0000000E+00 0.0000000E+00 0.0000000E+00 0.0000000E+00 0.0000000E+00 0.0000000E+00 0.0000000E+00 0.0000000E+00 0.0000000E+00 0.0000000E+00 0.0000000E+00 0.0000000E+00 0.0000000E+00 0.0000000E+00 0.0000000E+00 0.0000000E+00 0.0000000E+00 0.0000000E+00 0.0000000E+00 0.1537679 0.1551302 0.1565004 0.1578785 0.1592645 0.0000000E+00 0.0000000E+00 0.0000000E+00 0.0000000E+00 0.0000000E+00 0.0000000E+00 0.0000000E+00 0.0000000E+00 0.0000000E+00 0.0000000E+00 0.0000000E+00 0.0000000E+00 0.0000000E+00 0.0000000E+00 0.0000000E+00 0.1822767 0.1837362 0.1851929 0.1866457 0.1880933 0.1895345 0.1909679 0.1923921 0.1938052 0.1952054 0.1965912 0.1979632 0.1993223 0.2006691 0.2020042 0.2033280
0.0000000E+00 0.0000000E+00 0.0000000E+00 0.0000000E+00 0.0000000E+00 0.0000000E+00 0.0000000E+00 0.0000000E+00 0.0000000E+00 0.0000000E+00 0.0000000E+00 0.0000000E+00 0.0000000E+00 0.0000000E+00 0.0000000E+00 0.0000000E+00 0.0000000E+00 0.0000000E+00 0.0000000E+00 0.0000000E+00 0.0000000E+00 0.0000000E+00 0.0000000E+00 0.0000000E+00 0.0000000E+00 0.0000000E+00 0.0000000E+00 0.0000000E+00 0.0000000E+00 0.0000000E+00 0.0000000E+00 0.0000000E+00 0.0000000E+00 0.0000000E+00 0.0000000E+00 0.0000000E+00 0.0000000E+00 0.0000000E+00 0.0000000E+00 0.1835260 0.1849817 0.1864346 0.1878835 0.1893273 0.1907648 0.1921946 0.1936153 0.1950253 0.1964232 0.1978081 0.1991799 0.2005392 0.2018866 0.2032225 0.2045473
0.0000000E+00 0.0000000E+00 0.0000000E+00 0.0000000E+00 0.0000000E+00 0.0000000E+00 0.0000000E+00 0.0000000E+00 0.0000000E+00 0.0000000E+00 0.0000000E+00 0.0000000E+00 0.0000000E+00 0.0000000E+00 0.0000000E+00 0.0000000E+00 0.0000000E+00 0.0000000E+00 0.0000000E+00 0.0000000E+00 0.0000000E+00 0.0000000E+00 0.0000000E+00 0.0000000E+00 0.0000000E+00 0.0000000E+00 0.0000000E+00 0.0000000E+00 0.0000000E+00 0.0000000E+00 0.0000000E+00 0.0000000E+00 0.0000000E+00 0.0000000E+00 0.0000000E+00 0.0000000E+00 0.0000000E+00 0.0000000E+00 0.0000000E+00 0.0000000E+00 0.1862253 0.1876743 0.1891194 0.1905594 0.1919931 0.1934193 0.1948366 0.1962438 0.1976396 0.1990234 0.2003949 0.2017545 0.2031025 0.2044393 0.2057653
0.0000000E+00 0.0000000E+00 0.0000000E+00 0.0000000E+00 0.0000000E+00 0.0000000E+00 0.0000000E+00 0.0000000E+00 0.0000000E+00 0.0000000E+00 0.0000000E+00 0.0000000E+00 0.0000000E+00 0.0000000E+00 0.0000000E+00 0.0000000E+00 0.0000000E+00 0.0000000E+00 0.0000000E+00 0.0000000E+00 0.0000000E+00 0.0000000E+00 0.0000000E+00 0.0000000E+00 0.0000000E+00 0.0000000E+00 0.0000000E+00 0.0000000E+00 0.0000000E+00 0.0000000E+00 0.0000000E+00 0.0000000E+00 0.0000000E+00 0.0000000E+00 0.0000000E+00 0.0000000E+00 0.0000000E+00 0.0000000E+00 0.0000000E+00 0.0000000E+00 0.0000000E+00 0.1889122 0.1903534 0.1917896 0.1932197 0.1946424 0.1960566 0.1974611 0.1988550 0.2002376 0.2016088 0.2029685 0.2043171 0.2056549 0.2069821
0.0000000E+00 0.0000000E+00 0.0000000E+00 0.0000000E+00 0.0000000E+00 0.0000000E+00 0.0000000E+00 0.0000000E+00 0.0000000E+00 0.0000000E+00 0.0000000E+00 0.0000000E+00 0.0000000E+00 0.0000000E+00 0.0000000E+00 0.0000000E+00 0.0000000E+00 0.0000000E+00 0.0000000E+00 0.0000000E+00 0.0000000E+00 0.0000000E+00 0.0000000E+00 0.0000000E+00 0.0000000E+00 0.0000000E+00 0.0000000E+00 0.0000000E+00 0.0000000E+00 0.0000000E+00 0.0000000E+00 0.0000000E+00 0.0000000E+00 0.0000000E+00 0.0000000E+00 0.0000000E+00 0.0000000E+00 0.0000000E+00 0.0000000E+00 0.0000000E+00 0.0000000E+00 0.0000000E+00 0.0000000E+00 0.1930183 0.1944448 0.1958642 0.1972754 0.1986775 0.2000695 0.2014510 0.2028218 0.2041816 0.2055308 0.2068694 0.2081979
0.0000000E+00 0.0000000E+00 0.0000000E+00 0.0000000E+00 0.0000000E+00 0.0000000E+00 0.0000000E+00 0.0000000E+00 0.0000000E+00 0.0000000E+00 0.0000000E+00 0.0000000E+00 0.0000000E+00 0.0000000E+00 0.0000000E+00 0.0000000E+00 0.0000000E+00 0.0000000E+00 0.0000000E+00 0.0000000E+00 0.0000000E+00 0.0000000E+00 0.0000000E+00 0.0000000E+00 0.0000000E+00 0.0000000E+00 0.0000000E+00 0.0000000E+00 0.0000000E+00 0.0000000E+00 0.0000000E+00 0.0000000E+00 0.0000000E+00 0.0000000E+00 0.0000000E+00 0.0000000E+00 0.0000000E+00 0.0000000E+00 0.0000000E+00 0.0000000E+00 0.0000000E+00 0.0000000E+00 0.0000000E+00 0.0000000E+00 0.0000000E+00 0.0000000E+00 0.0000000E+00 0.0000000E+00 0.2012835 0.2026639 0.2040341 0.2053940 0.2067436 0.0000000E+00 0.0000000E+00
0.0000000E+00 0.0000000E+00 0.0000000E+00 0.0000000E+00 0.0000000E+00 0.0000000E+00 0.0000000E+00 0.0000000E+00 0.0000000E+00 0.0000000E+00 0.0000000E+00 0.0000000E+00 0.0000000E+00 0.0000000E+00 0.0000000E+00 0.0000000E+00 0.0000000E+00 0.0000000E+00 0.0000000E+00 0.0000000E+00 0.0000000E+00 0.0000000E+00 0.0000000E+00 0.0000000E+00 0.0000000E+00 0.0000000E+00 0.0000000E+00 0.0000000E+00 0.0000000E+00 0.0000000E+00 0.0000000E+00 0.0000000E+00 0.0000000E+00 0.0000000E+00 0.0000000E+00 0.0000000E+00 0.0000000E+00 0.0000000E+00 0.0000000E+00 0.0000000E+00 0.0000000E+00 0.0000000E+00 0.0000000E+00 0.0000000E+00 0.0000000E+00 0.0000000E+00 0.0000000E+00 0.0000000E+00 0.0000000E+00 0.0000000E+00 0.0000000E+00 0.0000000E+00 0.0000000E+00 0.0000000E+00 0.0000000E+00
0.0000000E+00 0.0000000E+00 0.0000000E+00 0.0000000E+00 0.0000000E+00 0.0000000E+00 0.0000000E+00 0.0000000E+00 0.0000000E+00 0.0000000E+00 0.0000000E+00 0.0000000E+00 0.0000000E+00 0.0000000E+00 0.0000000E+00 0.0000000E+00 0.0000000E+00 0.0000000E+00 0.0000000E+00 0.0000000E+00 0.0000000E+00 0.0000000E+00 0.0000000E+00 0.0000000E+00 0.0000000E+00 0.0000000E+00 0.0000000E+00 0.0000000E+00 0.0000000E+00 0.0000000E+00 0.0000000E+00 0.0000000E+00 0.0000000E+00 0.0000000E+00 0.0000000E+00 0.0000000E+00 0.0000000E+00 0.0000000E+00 0.0000000E+00 0.0000000E+00 0.0000000E+00 0.0000000E+00 0.0000000E+00 0.0000000E+00 0.0000000E+00 0.0000000E+00 0.0000000E+00 0.0000000E+00 0.0000000E+00 0.0000000E+00 0.0000000E+00 0.0000000E+00 0.0000000E+00 0.0000000E+00 0.0000000E+00
0.0000000E+00 0.0000000E+00 0.0000000E+00 0.0000000E+00 0.0000000E+00 0.0000000E+00 0.0000000E+00 0.0000000E+00 0.0000000E+00 0.0000000E+00 0.0000000E+00 0.0000000E+00 0.0000000E+00 0.0000000E+00 0.0000000E+00 0.0000000E+00 0.0000000E+00 0.0000000E+00 0.0000000E+00 0.0000000E+00 0.0000000E+00 0.0000000E+00 0.0000000E+00 0.0000000E+00 0.0000000E+00 0.0000000E+00 0.0000000E+00 0.0000000E+00 0.0000000E+00 0.0000000E+00 0.0000000E+00 0.0000000E+00 0.0000000E+00 0.0000000E+00 0.0000000E+00 0.0000000E+00 0.0000000E+00 0.0000000E+00 0.0000000E+00 0.0000000E+00 0.0000000E+00 0.0000000E+00 0.0000000E+00 0.0000000E+00 0.0000000E+00 0.0000000E+00 0.0000000E+00 0.0000000E+00 0.0000000E+00 0.0000000E+00 0.0000000E+00 0.0000000E+00 0.0000000E+00 0.0000000E+00 0.0000000E+00
