data/rasters/evap/evaporation_20000110.ASC
NCOLS                  300
NROWS                  325
XLLCORNER       0.0000000E+00
YLLCORNER        300000.0
CELLSIZE         1000.000
NODATA_VALUE    0.0000000E+00
[rows 175 to 199 of 325, columns 165 to 219 of 300]
0.3500086 0.3478585 0.3456849 0.3434881 0.3412685 0.3390262 0.3367618 0.3344754 0.3321673 0.3298376 0.3274866 0.3251143 0.3227209 0.3203065 0.3178709 0.3154143 0.3129366 0.3104376 0.3079172 0.3053752 0.3028113 0.3002253 0.2976168 0.2949854 0.2923307 0.2896523 0.2869501 0.2842243 0.2814746 0.2787010 0.2759035 0.2730819 0.2702360 0.2673657 0.2644710 0.2615516 0.2586075 0.2556387 0.2526450 0.2496266 0.2465835 0.2435157 0.2404234 0.2373069 0.2341662 0.2310019 0.2278142 0.2246036 0.2213706 0.2181158 0.2148398 0.2115434 0.2082274 0.2048925 0.2015399
0.3486066 0.3464393 0.3442481 0.3420337 0.3397962 0.3375361 0.3352537 0.3329493 0.3306233 0.3282757 0.3259069 0.3235169 0.3211060 0.3186742 0.3162215 0.3137480 0.3112536 0.3087382 0.3062018 0.3036441 0.3010648 0.2984639 0.2958408 0.2931953 0.2905271 0.2878359 0.2851215 0.2823839 0.2796231 0.2768390 0.2740314 0.2712003 0.2683456 0.2654671 0.2625648 0.2596386 0.2566884 0.2537141 0.2507159 0.2476936 0.2446474 0.2415773 0.2384836 0.2353665 0.2322261 0.2290629 0.2258773 0.2226696 0.2194403 0.2161902 0.2129198 0.2096298 0.2063211 0.2029944 0.1996508
0.3471963 0.3450117 0.3428032 0.3405712 0.3383160 0.3360382 0.3337380 0.3314158 0.3290719 0.3267066 0.3243201 0.3219127 0.3194844 0.3170355 0.3145659 0.3120757 0.3095649 0.3070334 0.3044812 0.3019080 0.2993138 0.2966982 0.2940609 0.2914018 0.2887205 0.2860168 0.2832905 0.2805417 0.2777701 0.2749758 0.2721587 0.2693186 0.2664555 0.2635693 0.2606599 0.2577273 0.2547714 0.2517922 0.2487897 0.2457640 0.2427151 0.2396433 0.2365485 0.2334312 0.2302915 0.2271298 0.2239466 0.2207421 0.2175171 0.2142719 0.2110074 0.2077242 0.2044231 0.2011050 0.1977707
0.3457783 0.3435767 0.3413509 0.3391014 0.3368287 0.3345332 0.3322153 0.3298754 0.3275139 0.3251311 0.3227271 0.3203024 0.3178570 0.3153911 0.3129048 0.3103982 0.3078712 0.3053240 0.3027562 0.3001680 0.2975590 0.2949291 0.2922781 0.2896056 0.2869116 0.2841958 0.2814581 0.2786983 0.2759164 0.2731124 0.2702861 0.2674375 0.2645665 0.2616730 0.2587570 0.2558184 0.2528572 0.2498735 0.2468673 0.2438385 0.2407874 0.2377141 0.2346187 0.2315016 0.2283630 0.2252032 0.2220227 0.2188219 0.2156013 0.2123615 0.2091032 0.2058271 0.2025339 0.1992245 0.1958999
0.3443536 0.3421350 0.3398920 0.3376252 0.3353350 0.3330220 0.3306866 0.3283291 0.3259501 0.3235498 0.3211286 0.3186867 0.3162244 0.3137417 0.3112390 0.3087162 0.3061734 0.3036106 0.3010277 0.2984246 0.2958013 0.2931575 0.2904930 0.2878077 0.2851014 0.2823739 0.2796250 0.2768547 0.2740629 0.2712495 0.2684144 0.2655577 0.2626792 0.2597788 0.2568566 0.2539125 0.2509466 0.2479587 0.2449491 0.2419177 0.2388648 0.2357904 0.2326948 0.2295783 0.2264410 0.2232835 0.2201061 0.2169092 0.2136934 0.2104593 0.2072075 0.2039388 0.2006538 0.1973535 0.1940388
0.3429229 0.3406874 0.3384274 0.3361433 0.3338358 0.3315054 0.3291525 0.3267777 0.3243813 0.3219637 0.3195254 0.3170666 0.3145874 0.3120883 0.3095693 0.3070306 0.3044722 0.3018941 0.2992963 0.2966788 0.2940415 0.2913841 0.2887066 0.2860088 0.2832906 0.2805517 0.2777920 0.2750116 0.2722102 0.2693879 0.2665445 0.2636800 0.2607944 0.2578876 0.2549596 0.2520103 0.2490400 0.2460484 0.2430358 0.2400022 0.2369478 0.2338728 0.2307773 0.2276617 0.2245262 0.2213713 0.2181972 0.2150046 0.2117940 0.2085658 0.2053208 0.2020597 0.1987833 0.1954923 0.1921877
0.3414870 0.3392347 0.3369577 0.3346565 0.3323318 0.3299840 0.3276139 0.3252217 0.3228081 0.3203735 0.3179182 0.3154426 0.3129469 0.3104315 0.3078966 0.3053421 0.3027684 0.3001754 0.2975630 0.2949314 0.2922803 0.2896098 0.2869197 0.2842097 0.2814799 0.2787300 0.2759600 0.2731698 0.2703592 0.2675283 0.2646770 0.2618051 0.2589128 0.2559999 0.2530665 0.2501126 0.2471382 0.2441433 0.2411281 0.2380926 0.2350371 0.2319618 0.2288668 0.2257524 0.2226190 0.2194669 0.2162966 0.2131086 0.2099033 0.2066814 0.2034435 0.2001902 0.1969225 0.1936411 0.1903468
0.3400466 0.3377777 0.3354838 0.3331656 0.3308237 0.3284588 0.3260715 0.3236622 0.3212315 0.3187799 0.3163078 0.3138157 0.3113037 0.3087722 0.3062215 0.3036516 0.3010628 0.2984551 0.2958285 0.2931831 0.2905187 0.2878353 0.2851329 0.2824112 0.2796701 0.2769096 0.2741296 0.2713300 0.2685106 0.2656715 0.2628126 0.2599338 0.2570351 0.2541166 0.2511781 0.2482198 0.2452417 0.2422439 0.2392265 0.2361895 0.2331333 0.2300579 0.2269637 0.2238509 0.2207199 0.2175710 0.2144047 0.2112215 0.2080218 0.2048064 0.2015758 0.1983307 0.1950719 0.1918002 0.1885165
0.3386027 0.3363172 0.3340065 0.3316714 0.3293125 0.3269306 0.3245261 0.3220998 0.3196522 0.3171838 0.3146951 0.3121865 0.3096584 0.3071111 0.3045448 0.3019598 0.2993562 0.2967341 0.2940936 0.2914346 0.2887573 0.2860614 0.2833470 0.2806139 0.2778621 0.2750914 0.2723017 0.2694930 0.2666652 0.2638183 0.2609521 0.2580667 0.2551621 0.2522382 0.2492951 0.2463328 0.2433514 0.2403509 0.2373316 0.2342934 0.2312367 0.2281617 0.2250686 0.2219576 0.2188293 0.2156839 0.2125219 0.2093437 0.2061500 0.2029412 0.1997181 0.1964814 0.1932317 0.1899699 0.1866969
0.3371560 0.3348540 0.3325267 0.3301747 0.3277989 0.3254000 0.3229786 0.3205354 0.3180710 0.3155859 0.3130808 0.3105560 0.3080119 0.3054489 0.3028674 0.3002674 0.2976493 0.2950131 0.2923590 0.2896869 0.2869969 0.2842889 0.2815629 0.2788188 0.2760565 0.2732759 0.2704769 0.2676596 0.2648237 0.2619692 0.2590962 0.2562046 0.2532943 0.2503655 0.2474180 0.2444521 0.2414677 0.2384649 0.2354439 0.2324050 0.2293481 0.2262737 0.2231819 0.2200731 0.2169477 0.2138060 0.2106485 0.2074757 0.2042881 0.2010862 0.1978709 0.1946426 0.1914022 0.1881506 0.1848884
0.3357073 0.3333890 0.3310451 0.3286764 0.3262838 0.3238680 0.3214297 0.3189697 0.3164887 0.3139871 0.3114656 0.3089248 0.3063649 0.3037865 0.3011899 0.2985753 0.2959430 0.2932930 0.2906256 0.2879407 0.2852384 0.2825186 0.2797813 0.2770265 0.2742541 0.2714640 0.2686561 0.2658304 0.2629867 0.2601252 0.2572456 0.2543481 0.2514325 0.2484990 0.2455476 0.2425783 0.2395912 0.2365865 0.2335642 0.2305246 0.2274679 0.2243944 0.2213043 0.2181979 0.2150756 0.2119378 0.2087851 0.2056177 0.2024364 0.1992417 0.1960342 0.1928147 0.1895837 0.1863423 0.1830911
0.3342576 0.3319230 0.3295626 0.3271773 0.3247679 0.3223354 0.3198803 0.3174037 0.3149060 0.3123881 0.3098505 0.3072937 0.3047183 0.3021247 0.2995133 0.2968843 0.2942379 0.2915745 0.2888940 0.2861966 0.2834823 0.2807511 0.2780030 0.2752379 0.2724557 0.2696564 0.2668400 0.2640062 0.2611552 0.2582868 0.2554011 0.2524979 0.2495774 0.2466396 0.2436844 0.2407121 0.2377226 0.2347161 0.2316929 0.2286530 0.2255967 0.2225243 0.2194360 0.2163323 0.2132134 0.2100798 0.2069319 0.2037703 0.2005955 0.1974080 0.1942086 0.1909978 0.1877765 0.1845453 0.1813052
0.3328077 0.3304569 0.3280801 0.3256782 0.3232522 0.3208029 0.3183313 0.3158380 0.3133239 0.3107897 0.3082361 0.3056636 0.3030728 0.3004642 0.2978382 0.2951950 0.2925350 0.2898583 0.2871652 0.2844556 0.2817297 0.2789874 0.2762287 0.2734536 0.2706620 0.2678539 0.2650292 0.2621878 0.2593297 0.2564549 0.2535632 0.2506548 0.2477296 0.2447877 0.2418292 0.2388541 0.2358625 0.2328546 0.2298305 0.2267906 0.2237349 0.2206639 0.2175777 0.2144768 0.2113615 0.2082322 0.2050894 0.2019337 0.1987655 0.1955855 0.1923942 0.1891923 0.1859807 0.1827599 0.1795310
0.3313584 0.3289915 0.3265984 0.3241800 0.3217375 0.3192716 0.3167833 0.3142736 0.3117431 0.3091928 0.3066233 0.3040353 0.3014293 0.2988059 0.2961655 0.2935084 0.2908349 0.2881454 0.2854398 0.2827184 0.2799811 0.2772281 0.2744592 0.2716745 0.2688738 0.2660572 0.2632246 0.2603759 0.2575110 0.2546300 0.2517328 0.2488194 0.2458899 0.2429442 0.2399825 0.2370049 0.2340114 0.2310023 0.2279778 0.2249379 0.2218831 0.2188136 0.2157298 0.2126318 0.2095203 0.2063955 0.2032580 0.2001083 0.1969469 0.1937743 0.1905913 0.1873985 0.1841966 0.1809863 0.1777685
0.3299108 0.3275278 0.3251185 0.3226837 0.3202246 0.3177421 0.3152374 0.3127112 0.3101645 0.3075982 0.3050129 0.3024095 0.2997885 0.2971505 0.2944959 0.2918251 0.2891386 0.2864363 0.2837187 0.2809857 0.2782375 0.2754740 0.2726952 0.2699012 0.2670918 0.2642671 0.2614269 0.2585711 0.2556998 0.2528130 0.2499105 0.2469924 0.2440587 0.2411096 0.2381450 0.2351651 0.2321700 0.2291599 0.2261351 0.2230956 0.2200418 0.2169741 0.2138927 0.2107979 0.2076903 0.2045701 0.2014380 0.1982944 0.1951399 0.1919749 0.1888003 0.1856166 0.1824245 0.1792247 0.1760181
0.3284656 0.3260667 0.3236412 0.3211900 0.3187145 0.3162155 0.3136943 0.3111518 0.3085889 0.3060066 0.3034058 0.3007871 0.2981512 0.2954988 0.2928303 0.2901461 0.2874466 0.2847320 0.2820026 0.2792584 0.2764995 0.2737259 0.2709376 0.2681347 0.2653169 0.2624843 0.2596368 0.2567744 0.2538970 0.2510045 0.2480970 0.2451745 0.2422370 0.2392846 0.2363173 0.2333354 0.2303389 0.2273280 0.2243030 0.2212641 0.2182115 0.2151456 0.2120668 0.2089754 0.2058718 0.2027564 0.1996298 0.1964924 0.1933448 0.1901876 0.1870213 0.1838467 0.1806645 0.1774753 0.1742799
0.3270239 0.3246092 0.3221675 0.3197000 0.3172080 0.3146926 0.3121549 0.3095961 0.3070172 0.3044191 0.3018027 0.2991689 0.2965183 0.2938516 0.2911694 0.2884720 0.2857599 0.2830333 0.2802923 0.2775372 0.2747680 0.2719846 0.2691872 0.2663756 0.2635497 0.2607097 0.2578552 0.2549864 0.2521031 0.2492053 0.2462931 0.2433664 0.2404253 0.2374698 0.2345001 0.2315163 0.2285186 0.2255071 0.2224821 0.2194439 0.2163927 0.2133288 0.2102527 0.2071647 0.2040652 0.2009547 0.1978337 0.1947026 0.1915620 0.1884125 0.1852547 0.1820893 0.1789169 0.1757383 0.1725541
0.3255866 0.3231561 0.3206983 0.3182145 0.3157061 0.3131743 0.3106202 0.3080452 0.3054502 0.3028363 0.3002045 0.2975557 0.2948906 0.2922098 0.2895141 0.2868038 0.2840793 0.2813409 0.2785887 0.2758230 0.2730438 0.2702510 0.2674447 0.2646248 0.2617912 0.2589439 0.2560828 0.2532079 0.2503190 0.2474162 0.2444994 0.2415688 0.2386243 0.2356660 0.2326940 0.2297085 0.2267097 0.2236978 0.2206729 0.2176355 0.2145858 0.2115241 0.2084508 0.2053663 0.2022710 0.1991654 0.1960500 0.1929253 0.1897918 0.1866501 0.1835008 0.1803445 0.1771820 0.1740138 0.1708409
0.3241547 0.3217084 0.3192346 0.3167346 0.3142098 0.3116615 0.3090911 0.3064998 0.3038888 0.3012592 0.2986121 0.2959483 0.2932688 0.2905742 0.2878652 0.2851422 0.2824055 0.2796556 0.2768926 0.2741166 0.2713276 0.2685258 0.2657109 0.2628830 0.2600420 0.2571878 0.2543204 0.2514396 0.2485454 0.2456378 0.2427168 0.2397824 0.2368346 0.2338737 0.2308996 0.2279126 0.2249128 0.2219006 0.2188760 0.2158395 0.2127913 0.2097319 0.2066615 0.2035805 0.2004895 0.1973889 0.1942792 0.1911608 0.1880344 0.1849005 0.1817596 0.1786126 0.1754599 0.1723022 0.1691404
0.3227293 0.3202673 0.3177774 0.3152612 0.3127199 0.3101552 0.3075684 0.3049609 0.3023339 0.2996886 0.2970262 0.2943477 0.2916539 0.2889456 0.2862234 0.2834879 0.2807395 0.2779784 0.2752048 0.2724188 0.2696205 0.2668098 0.2639868 0.2611512 0.2583031 0.2554423 0.2525688 0.2496824 0.2467831 0.2438709 0.2409458 0.2380078 0.2350571 0.2320936 0.2291176 0.2261292 0.2231286 0.2201161 0.2170919 0.2140564 0.2110098 0.2079526 0.2048852 0.2018079 0.1987212 0.1956256 0.1925215 0.1894095 0.1862902 0.1831640 0.1800317 0.1768937 0.1737508 0.1706036 0.1674529
0.3213113 0.3188336 0.3163278 0.3137952 0.3112376 0.3086564 0.3060532 0.3034294 0.3007864 0.2981255 0.2954479 0.2927546 0.2900467 0.2873249 0.2845898 0.2818421 0.2790820 0.2763100 0.2735261 0.2707305 0.2679231 0.2651040 0.2622730 0.2594302 0.2565752 0.2537081 0.2508287 0.2479370 0.2450329 0.2421163 0.2391873 0.2362459 0.2332923 0.2303264 0.2273486 0.2243589 0.2213575 0.2183449 0.2153211 0.2122866 0.2092417 0.2061868 0.2031224 0.2000487 0.1969663 0.1938757 0.1907773 0.1876717 0.1845594 0.1814410 0.1783171 0.1751883 0.1720551 0.1689183 0.1657785
0.3199019 0.3174086 0.3148867 0.3123378 0.3097637 0.3071660 0.3045464 0.3019063 0.2992472 0.2965707 0.2938779 0.2911700 0.2884481 0.2857129 0.2829651 0.2802053 0.2774340 0.2746513 0.2718575 0.2690525 0.2662365 0.2634092 0.2605707 0.2577207 0.2548592 0.2519861 0.2491011 0.2462043 0.2432955 0.2403747 0.2374420 0.2344974 0.2315410 0.2285729 0.2255932 0.2226023 0.2196003 0.2165875 0.2135642 0.2105307 0.2074876 0.2044350 0.2013735 0.1983034 0.1952253 0.1921397 0.1890469 0.1859477 0.1828424 0.1797318 0.1766162 0.1734964 0.1703729 0.1672464 0.1641175
0.3185022 0.3159932 0.3134553 0.3108901 0.3082994 0.3056851 0.3030489 0.3003924 0.2977174 0.2950252 0.2923172 0.2895948 0.2868589 0.2841105 0.2813502 0.2785787 0.2757963 0.2730033 0.2701998 0.2673858 0.2645614 0.2617263 0.2588805 0.2560238 0.2531561 0.2502771 0.2473868 0.2444851 0.2415718 0.2386470 0.2357107 0.2327629 0.2298038 0.2268335 0.2238522 0.2208600 0.2178573 0.2148444 0.2118216 0.2087893 0.2057477 0.2026975 0.1996389 0.1965724 0.1934986 0.1904179 0.1873308 0.1842378 0.1811395 0.1780365 0.1749292 0.1718183 0.1687044 0.1655881 0.1624700
0.3171133 0.3145887 0.3120346 0.3094530 0.3068458 0.3042148 0.3015619 0.2988890 0.2961978 0.2934899 0.2907668 0.2880298 0.2852801 0.2825186 0.2797460 0.2769630 0.2741698 0.2713667 0.2685539 0.2657313 0.2628988 0.2600563 0.2572035 0.2543404 0.2514666 0.2485821 0.2456867 0.2427802 0.2398626 0.2369339 0.2339941 0.2310433 0.2280816 0.2251091 0.2221261 0.2191328 0.2161294 0.2131164 0.2100940 0.2070626 0.2040228 0.2009747 0.1979190 0.1948561 0.1917865 0.1887106 0.1856290 0.1825423 0.1794509 0.1763554 0.1732564 0.1701543 0.1670499 0.1639437 0.1608363
0.3157364 0.3131961 0.3106259 0.3080278 0.3054038 0.3027560 0.3000864 0.2973969 0.2946895 0.2919658 0.2892275 0.2864761 0.2837126 0.2809382 0.2781535 0.2753592 0.2725555 0.2697427 0.2669209 0.2640899 0.2612497 0.2584000 0.2555406 0.2526713 0.2497918 0.2469019 0.2440016 0.2410905 0.2381688 0.2352363 0.2322931 0.2293393 0.2263749 0.2234003 0.2204156 0.2174211 0.2144170 0.2114038 0.2083818 0.2053514 0.2023131 0.1992672 0.1962143 0.1931549 0.1900893 0.1870183 0.1839422 0.1808615 0.1777769 0.1746889 0.1715980 0.1685047 0.1654097 0.1623134 0.1592166
