data/rasters/evap/evaporation_20000102.ASC
NCOLS                  300
NROWS                  325
XLLCORNER       0.0000000E+00
YLLCORNER        300000.0
CELLSIZE         1000.000
NODATA_VALUE    0.0000000E+00
[rows 72 to 95 of 325, columns 212 to 264 of 300]
0.1082720 0.1083235 0.1083785 0.1084372 0.1084998 0.1085664 0.1086374 0.1087130 0.1087936 0.1088796 0.1089712 0.1090689 0.1091731 0.1092843 0.1094028 0.1095291 0.1096638 0.1098070 0.1099594 0.1101211 0.1102926 0.1104741 0.1106658 0.1108678 0.1110803 0.1113032 0.1115366 0.1117803 0.1120341 0.1122979 0.1125714 0.1128543 0.1131463 0.1134470 0.1137563 0.1140736 0.1143987 0.1147312 0.1150709 0.1154173 0.1157702 0.1161294 0.1164944 0.1168653 0.1172416 0.1176231 0.1180098 0.1184014 0.1187978 0.1191988 0.1196043 0.1200143 0.1204285
0.1085909 0.1086533 0.1087189 0.1087878 0.1088603 0.1089365 0.1090168 0.1091014 0.1091906 0.1092849 0.1093846 0.1094901 0.1096020 0.1097206 0.1098464 0.1099799 0.1101215 0.1102717 0.1104309 0.1105996 0.1107779 0.1109663 0.1111649 0.1113740 0.1115935 0.1118236 0.1120641 0.1123150 0.1125761 0.1128472 0.1131280 0.1134182 0.1137175 0.1140255 0.1143419 0.1146664 0.1149985 0.1153380 0.1156844 0.1160375 0.1163969 0.1167624 0.1171337 0.1175106 0.1178927 0.1182799 0.1186721 0.1190689 0.1194703 0.1198762 0.1202863 0.1207006 0.1211190
0.1089239 0.1089973 0.1090736 0.1091528 0.1092352 0.1093211 0.1094106 0.1095041 0.1096019 0.1097045 0.1098122 0.1099255 0.1100449 0.1101708 0.1103038 0.1104443 0.1105928 0.1107498 0.1109158 0.1110912 0.1112763 0.1114715 0.1116770 0.1118930 0.1121195 0.1123567 0.1126044 0.1128626 0.1131310 0.1134094 0.1136975 0.1139951 0.1143017 0.1146170 0.1149407 0.1152723 0.1156114 0.1159578 0.1163110 0.1166707 0.1170366 0.1174085 0.1177859 0.1181686 0.1185565 0.1189493 0.1193468 0.1197488 0.1201551 0.1205657 0.1209803 0.1213989 0.1218213
0.1092711 0.1093557 0.1094427 0.1095323 0.1096247 0.1097201 0.1098189 0.1099213 0.1100277 0.1101385 0.1102542 0.1103752 0.1105020 0.1106351 0.1107751 0.1109224 0.1110777 0.1112414 0.1114141 0.1115961 0.1117879 0.1119898 0.1122021 0.1124249 0.1126584 0.1129027 0.1131576 0.1134230 0.1136987 0.1139845 0.1142801 0.1145850 0.1148990 0.1152217 0.1155526 0.1158913 0.1162375 0.1165908 0.1169507 0.1173171 0.1176894 0.1180674 0.1184509 0.1188395 0.1192331 0.1196313 0.1200340 0.1204410 0.1208522 0.1212673 0.1216862 0.1221089 0.1225352
0.1096329 0.1097286 0.1098264 0.1099264 0.1100288 0.1101339 0.1102419 0.1103532 0.1104682 0.1105872 0.1107108 0.1108393 0.1109734 0.1111137 0.1112605 0.1114146 0.1115765 0.1117467 0.1119259 0.1121144 0.1123127 0.1125212 0.1127402 0.1129699 0.1132103 0.1134617 0.1137237 0.1139964 0.1142795 0.1145727 0.1148757 0.1151882 0.1155096 0.1158395 0.1161777 0.1165236 0.1168768 0.1172369 0.1176036 0.1179765 0.1183552 0.1187394 0.1191288 0.1195232 0.1199223 0.1203259 0.1207337 0.1211456 0.1215614 0.1219809 0.1224041 0.1228307 0.1232607
0.1100092 0.1101162 0.1102249 0.1103354 0.1104479 0.1105626 0.1106799 0.1108001 0.1109235 0.1110507 0.1111821 0.1113181 0.1114595 0.1116066 0.1117602 0.1119209 0.1120892 0.1122658 0.1124513 0.1126461 0.1128509 0.1130659 0.1132915 0.1135279 0.1137753 0.1140337 0.1143029 0.1145829 0.1148734 0.1151741 0.1154846 0.1158045 0.1161333 0.1164707 0.1168161 0.1171692 0.1175294 0.1178964 0.1182698 0.1186491 0.1190341 0.1194244 0.1198197 0.1202197 0.1206242 0.1210330 0.1214458 0.1218624 0.1222827 0.1227065 0.1231337 0.1235642 0.1239978
0.1104003 0.1105187 0.1106384 0.1107594 0.1108820 0.1110065 0.1111330 0.1112621 0.1113940 0.1115293 0.1116684 0.1118118 0.1119603 0.1121143 0.1122745 0.1124415 0.1126161 0.1127989 0.1129906 0.1131916 0.1134026 0.1136239 0.1138561 0.1140992 0.1143534 0.1146188 0.1148953 0.1151827 0.1154806 0.1157888 0.1161068 0.1164342 0.1167705 0.1171153 0.1174680 0.1178282 0.1181954 0.1185692 0.1189492 0.1193350 0.1197262 0.1201224 0.1205235 0.1209291 0.1213389 0.1217527 0.1221703 0.1225915 0.1230162 0.1234442 0.1238753 0.1243094 0.1247464
0.1108063 0.1109363 0.1110670 0.1111986 0.1113314 0.1114656 0.1116014 0.1117394 0.1118798 0.1120231 0.1121699 0.1123206 0.1124761 0.1126367 0.1128034 0.1129767 0.1131574 0.1133462 0.1135438 0.1137509 0.1139680 0.1141956 0.1144341 0.1146838 0.1149449 0.1152173 0.1155010 0.1157957 0.1161011 0.1164168 0.1167425 0.1170774 0.1174213 0.1177734 0.1181334 0.1185008 0.1188749 0.1192555 0.1196420 0.1200341 0.1204314 0.1208336 0.1212403 0.1216513 0.1220662 0.1224850 0.1229073 0.1233329 0.1237618 0.1241937 0.1246285 0.1250661 0.1255063
0.1112274 0.1113690 0.1115109 0.1116532 0.1117963 0.1119402 0.1120854 0.1122322 0.1123811 0.1125324 0.1126868 0.1128448 0.1130071 0.1131744 0.1133473 0.1135267 0.1137133 0.1139079 0.1141113 0.1143242 0.1145472 0.1147809 0.1150257 0.1152819 0.1155498 0.1158292 0.1161201 0.1164222 0.1167352 0.1170585 0.1173918 0.1177343 0.1180857 0.1184453 0.1188126 0.1191870 0.1195681 0.1199553 0.1203483 0.1207467 0.1211500 0.1215579 0.1219701 0.1223863 0.1228063 0.1232298 0.1236566 0.1240865 0.1245194 0.1249551 0.1253935 0.1258343 0.1262777
0.1116638 0.1118170 0.1119702 0.1121234 0.1122767 0.1124305 0.1125851 0.1127408 0.1128981 0.1130575 0.1132194 0.1133846 0.1135537 0.1137273 0.1139064 0.1140917 0.1142840 0.1144843 0.1146932 0.1149117 0.1151404 0.1153800 0.1156310 0.1158937 0.1161683 0.1164547 0.1167529 0.1170624 0.1173830 0.1177140 0.1180549 0.1184051 0.1187640 0.1191310 0.1195056 0.1198870 0.1202750 0.1206688 0.1210682 0.1214727 0.1218818 0.1222954 0.1227129 0.1231342 0.1235591 0.1239872 0.1244183 0.1248523 0.1252891 0.1257283 0.1261701 0.1266141 0.1270603
0.1121154 0.1122806 0.1124452 0.1126092 0.1127730 0.1129368 0.1131008 0.1132654 0.1134312 0.1135985 0.1137680 0.1139402 0.1141160 0.1142960 0.1144811 0.1146721 0.1148699 0.1150755 0.1152898 0.1155137 0.1157480 0.1159933 0.1162503 0.1165194 0.1168006 0.1170941 0.1173995 0.1177165 0.1180447 0.1183834 0.1187321 0.1190900 0.1194564 0.1198308 0.1202126 0.1206011 0.1209958 0.1213961 0.1218018 0.1222122 0.1226271 0.1230461 0.1234688 0.1238950 0.1243245 0.1247570 0.1251923 0.1256303 0.1260706 0.1265133 0.1269582 0.1274052 0.1278540
0.1125826 0.1127598 0.1129359 0.1131110 0.1132853 0.1134590 0.1136326 0.1138062 0.1139804 0.1141558 0.1143328 0.1145121 0.1146944 0.1148806 0.1150716 0.1152681 0.1154713 0.1156820 0.1159014 0.1161305 0.1163700 0.1166209 0.1168838 0.1171591 0.1174470 0.1177474 0.1180602 0.1183848 0.1187207 0.1190672 0.1194236 0.1197892 0.1201632 0.1205450 0.1209339 0.1213292 0.1217306 0.1221373 0.1225491 0.1229653 0.1233858 0.1238100 0.1242378 0.1246688 0.1251027 0.1255394 0.1259786 0.1264203 0.1268641 0.1273100 0.1277578 0.1282075 0.1286589
0.1130653 0.1132547 0.1134425 0.1136287 0.1138137 0.1139975 0.1141807 0.1143634 0.1145462 0.1147295 0.1149140 0.1151003 0.1152892 0.1154816 0.1156782 0.1158801 0.1160884 0.1163041 0.1165283 0.1167623 0.1170069 0.1172631 0.1175317 0.1178131 0.1181076 0.1184151 0.1187352 0.1190675 0.1194112 0.1197655 0.1201297 0.1205030 0.1208845 0.1212736 0.1216696 0.1220718 0.1224796 0.1228926 0.1233103 0.1237322 0.1241580 0.1245873 0.1250198 0.1254553 0.1258935 0.1263342 0.1267772 0.1272223 0.1276694 0.1281183 0.1285689 0.1290211 0.1294748
0.1135638 0.1137655 0.1139650 0.1141626 0.1143584 0.1145525 0.1147453 0.1149372 0.1151285 0.1153200 0.1155120 0.1157054 0.1159008 0.1160992 0.1163014 0.1165086 0.1167217 0.1169421 0.1171710 0.1174095 0.1176589 0.1179202 0.1181943 0.1184818 0.1187829 0.1190974 0.1194250 0.1197650 0.1201165 0.1204788 0.1208508 0.1212317 0.1216208 0.1220171 0.1224200 0.1228288 0.1232430 0.1236620 0.1240854 0.1245128 0.1249437 0.1253779 0.1258150 0.1262548 0.1266970 0.1271415 0.1275880 0.1280363 0.1284864 0.1289381 0.1293912 0.1298457 0.1303015
0.1140779 0.1142922 0.1145037 0.1147128 0.1149194 0.1151239 0.1153266 0.1155277 0.1157278 0.1159274 0.1161270 0.1163274 0.1165294 0.1167338 0.1169415 0.1171538 0.1173717 0.1175966 0.1178297 0.1180726 0.1183265 0.1185926 0.1188721 0.1191655 0.1194731 0.1197947 0.1201298 0.1204776 0.1208371 0.1212073 0.1215872 0.1219758 0.1223722 0.1227756 0.1231852 0.1236005 0.1240209 0.1244457 0.1248746 0.1253072 0.1257430 0.1261818 0.1266232 0.1270671 0.1275131 0.1279611 0.1284108 0.1288622 0.1293151 0.1297693 0.1302248 0.1306814 0.1311390
0.1146079 0.1148348 0.1150586 0.1152793 0.1154970 0.1157121 0.1159247 0.1161352 0.1163442 0.1165520 0.1167593 0.1169669 0.1171754 0.1173858 0.1175990 0.1178163 0.1180388 0.1182680 0.1185052 0.1187520 0.1190101 0.1192807 0.1195653 0.1198645 0.1201786 0.1205075 0.1208502 0.1212060 0.1215735 0.1219517 0.1223393 0.1227354 0.1231391 0.1235494 0.1239656 0.1243871 0.1248134 0.1252438 0.1256779 0.1261154 0.1265559 0.1269990 0.1274445 0.1278922 0.1283417 0.1287929 0.1292457 0.1296999 0.1301553 0.1306118 0.1310693 0.1315278 0.1319871
0.1151537 0.1153936 0.1156297 0.1158622 0.1160912 0.1163170 0.1165397 0.1167598 0.1169777 0.1171940 0.1174091 0.1176239 0.1178391 0.1180555 0.1182743 0.1184966 0.1187236 0.1189569 0.1191979 0.1194484 0.1197102 0.1199851 0.1202745 0.1205794 0.1209001 0.1212362 0.1215868 0.1219506 0.1223262 0.1227123 0.1231077 0.1235112 0.1239218 0.1243388 0.1247614 0.1251888 0.1256207 0.1260564 0.1264955 0.1269376 0.1273824 0.1278296 0.1282788 0.1287300 0.1291827 0.1296370 0.1300925 0.1305492 0.1310069 0.1314655 0.1319249 0.1323850 0.1328457
0.1157154 0.1159683 0.1162170 0.1164615 0.1167020 0.1169387 0.1171717 0.1174016 0.1176287 0.1178535 0.1180767 0.1182988 0.1185208 0.1187435 0.1189679 0.1191952 0.1194267 0.1196639 0.1199085 0.1201625 0.1204277 0.1207064 0.1210003 0.1213107 0.1216380 0.1219816 0.1223402 0.1227121 0.1230958 0.1234898 0.1238927 0.1243033 0.1247207 0.1251441 0.1255726 0.1260057 0.1264428 0.1268835 0.1273272 0.1277736 0.1282224 0.1286733 0.1291261 0.1295804 0.1300361 0.1304931 0.1309511 0.1314100 0.1318697 0.1323301 0.1327911 0.1332526 0.1337146
0.1162928 0.1165591 0.1168205 0.1170773 0.1173294 0.1175772 0.1178208 0.1180607 0.1182972 0.1185308 0.1187621 0.1189919 0.1192208 0.1194499 0.1196801 0.1199126 0.1201486 0.1203899 0.1206380 0.1208950 0.1211633 0.1214453 0.1217434 0.1220592 0.1223932 0.1227445 0.1231112 0.1234914 0.1238831 0.1242847 0.1246949 0.1251123 0.1255361 0.1259655 0.1263996 0.1268380 0.1272800 0.1277251 0.1281731 0.1286235 0.1290759 0.1295303 0.1299861 0.1304433 0.1309017 0.1313611 0.1318213 0.1322822 0.1327437 0.1332057 0.1336680 0.1341306 0.1345935
0.1168860 0.1171658 0.1174402 0.1177094 0.1179735 0.1182326 0.1184870 0.1187370 0.1189831 0.1192258 0.1194656 0.1197032 0.1199394 0.1201751 0.1204114 0.1206492 0.1208901 0.1211354 0.1213871 0.1216472 0.1219181 0.1222030 0.1225048 0.1228258 0.1231667 0.1235259 0.1239010 0.1242893 0.1246888 0.1250978 0.1255147 0.1259386 0.1263683 0.1268032 0.1272425 0.1276856 0.1281320 0.1285813 0.1290331 0.1294871 0.1299429 0.1304002 0.1308589 0.1313187 0.1317794 0.1322409 0.1327030 0.1331656 0.1336286 0.1340918 0.1345553 0.1350188 0.1354824
0.1174948 0.1177883 0.1180760 0.1183578 0.1186340 0.1189047 0.1191701 0.1194306 0.1196866 0.1199385 0.1201871 0.1204329 0.1206767 0.1209194 0.1211620 0.1214056 0.1216516 0.1219014 0.1221569 0.1224201 0.1226936 0.1229808 0.1232857 0.1236118 0.1239599 0.1243273 0.1247107 0.1251069 0.1255138 0.1259295 0.1263527 0.1267824 0.1272175 0.1276573 0.1281012 0.1285486 0.1289990 0.1294520 0.1299073 0.1303643 0.1308230 0.1312831 0.1317442 0.1322062 0.1326689 0.1331322 0.1335959 0.1340600 0.1345241 0.1349884 0.1354527 0.1359169 0.1363811
0.1181191 0.1184265 0.1187276 0.1190224 0.1193109 0.1195934 0.1198701 0.1201413 0.1204074 0.1206690 0.1209266 0.1211809 0.1214327 0.1216828 0.1219322 0.1221821 0.1224337 0.1226886 0.1229483 0.1232151 0.1234914 0.1237807 0.1240880 0.1244188 0.1247746 0.1251505 0.1255418 0.1259453 0.1263587 0.1267805 0.1272092 0.1276439 0.1280837 0.1285279 0.1289758 0.1294270 0.1298809 0.1303371 0.1307953 0.1312551 0.1317163 0.1321786 0.1326418 0.1331057 0.1335701 0.1340349 0.1344999 0.1349651 0.1354302 0.1358953 0.1363601 0.1368248 0.1372892
0.1187586 0.1190802 0.1193950 0.1197029 0.1200040 0.1202986 0.1205868 0.1208690 0.1211455 0.1214170 0.1216840 0.1219472 0.1222073 0.1224653 0.1227221 0.1229788 0.1232367 0.1234973 0.1237622 0.1240334 0.1243134 0.1246055 0.1249145 0.1252498 0.1256139 0.1259976 0.1263957 0.1268052 0.1272242 0.1276509 0.1280843 0.1285233 0.1289670 0.1294149 0.1298662 0.1303205 0.1307773 0.1312363 0.1316970 0.1321591 0.1326224 0.1330866 0.1335515 0.1340169 0.1344827 0.1349487 0.1354147 0.1358807 0.1363465 0.1368120 0.1372773 0.1377421 0.1382065
0.1194132 0.1197492 0.1200778 0.1203991 0.1207131 0.1210199 0.1213199 0.1216133 0.1219007 0.1221824 0.1224591 0.1227316 0.1230005 0.1232668 0.1235314 0.1237956 0.1240606 0.1243278 0.1245989 0.1248760 0.1251613 0.1254582 0.1257713 0.1261111 0.1264814 0.1268704 0.1272733 0.1276873 0.1281103 0.1285410 0.1289779 0.1294203 0.1298672 0.1303180 0.1307721 0.1312290 0.1316882 0.1321494 0.1326120 0.1330760 0.1335410 0.1340067 0.1344730 0.1349396 0.1354064 0.1358733 0.1363400 0.1368065 0.1372727 0.1377385 0.1382038 0.1386686 0.1391328
