data/rasters/evap/evaporation_20000106.ASC
NCOLS                  300
NROWS                  325
XLLCORNER       0.0000000E+00
YLLCORNER        300000.0
CELLSIZE         1000.000
NODATA_VALUE    0.0000000E+00
[rows 150 to 174 of 325, columns 220 to 274 of 300]
0.2308390 0.2324611 0.2340893 0.2357231 0.2373620 0.2390054 0.2406529 0.2423040 0.2439581 0.2456148 0.2472735 0.2489337 0.2505949 0.2522567 0.2539183 0.2555794 0.2572395 0.2588981 0.2605546 0.2622087 0.2638599 0.2655077 0.2671518 0.2687918 0.2704273 0.2720579 0.2736833 0.2753031 0.2769170 0.2785245 0.2801252 0.2817186 0.2833043 0.2848815 0.2864494 0.2880069 0.2895527 0.2910851 0.2926026 0.2941054 0.2955948 0.2970729 0.2985410 0.3000002 0.3014514 0.3028955 0.3043328 0.3057640 0.3071895 0.3086098 0.3100252 0.3114359 0.3128423 0.3142447 0.0000000E+00
0.2321744 0.2337943 0.2354204 0.2370522 0.2386891 0.2403307 0.2419764 0.2436258 0.2452783 0.2469333 0.2485904 0.2502491 0.2519087 0.2535688 0.2552288 0.2568883 0.2585467 0.2602034 0.2618581 0.2635102 0.2651592 0.2668048 0.2684466 0.2700841 0.2717170 0.2733448 0.2749673 0.2765841 0.2781948 0.2797990 0.2813963 0.2829862 0.2845682 0.2861415 0.2877054 0.2892589 0.2908007 0.2923296 0.2938447 0.2953462 0.2968350 0.2983124 0.2997797 0.3012381 0.3026884 0.3041314 0.3055676 0.3069976 0.3084219 0.3098409 0.3112549 0.3126643 0.3140694 0.3154705 0.0000000E+00
0.2335107 0.2351283 0.2367521 0.2383817 0.2400165 0.2416561 0.2432999 0.2449474 0.2465980 0.2482513 0.2499066 0.2515635 0.2532214 0.2548798 0.2565380 0.2581957 0.2598522 0.2615069 0.2631595 0.2648095 0.2664562 0.2680994 0.2697386 0.2713733 0.2730033 0.2746281 0.2762474 0.2778609 0.2794681 0.2810687 0.2826623 0.2842484 0.2858263 0.2873955 0.2889552 0.2905045 0.2920424 0.2935680 0.2950808 0.2965807 0.2980686 0.2995453 0.3010120 0.3024697 0.3039193 0.3053614 0.3067967 0.3082257 0.3096490 0.3110669 0.3124798 0.3138881 0.3152920 0.3166919 0.0000000E+00
0.2348479 0.2364629 0.2380843 0.2397115 0.2413441 0.2429815 0.2446232 0.2462686 0.2479172 0.2495686 0.2512220 0.2528770 0.2545330 0.2561895 0.2578458 0.2595015 0.2611560 0.2628086 0.2644590 0.2661065 0.2677508 0.2693913 0.2710277 0.2726595 0.2742863 0.2759078 0.2775237 0.2791335 0.2807370 0.2823338 0.2839234 0.2855053 0.2870791 0.2886440 0.2901995 0.2917446 0.2932788 0.2948011 0.2963114 0.2978097 0.2992964 0.3007723 0.3022384 0.3036954 0.3051443 0.3065857 0.3080203 0.3094485 0.3108709 0.3122879 0.3136999 0.3151072 0.3165101 0.0000000E+00 0.0000000E+00
0.2361859 0.2377982 0.2394169 0.2410416 0.2426717 0.2443068 0.2459462 0.2475894 0.2492359 0.2508851 0.2525365 0.2541894 0.2558434 0.2574979 0.2591521 0.2608057 0.2624580 0.2641084 0.2657563 0.2674013 0.2690429 0.2706806 0.2723140 0.2739426 0.2755660 0.2771840 0.2787962 0.2804022 0.2820017 0.2835943 0.2851797 0.2867573 0.2883268 0.2898874 0.2914386 0.2929797 0.2945101 0.2960293 0.2975371 0.2990335 0.3005189 0.3019939 0.3034592 0.3049157 0.3063640 0.3078048 0.3092387 0.3106662 0.3120879 0.3135042 0.3149153 0.3163218 0.3177239 0.0000000E+00 0.0000000E+00
0.2375246 0.2391339 0.2407499 0.2423719 0.2439994 0.2456318 0.2472688 0.2489096 0.2505538 0.2522007 0.2538499 0.2555007 0.2571525 0.2588047 0.2604568 0.2621081 0.2637581 0.2654061 0.2670515 0.2686938 0.2703326 0.2719673 0.2735974 0.2752226 0.2768424 0.2784567 0.2800649 0.2816669 0.2832622 0.2848506 0.2864316 0.2880048 0.2895698 0.2911260 0.2926729 0.2942101 0.2957369 0.2972530 0.2987582 0.3002526 0.3017366 0.3032105 0.3046750 0.3061308 0.3075785 0.3090187 0.3104520 0.3118790 0.3133001 0.3147157 0.3161262 0.0000000E+00 0.0000000E+00 0.0000000E+00 0.0000000E+00
0.2388639 0.2404701 0.2420831 0.2437021 0.2453268 0.2469566 0.2485909 0.2502291 0.2518708 0.2535154 0.2551621 0.2568106 0.2584601 0.2601101 0.2617598 0.2634088 0.2650563 0.2667017 0.2683444 0.2699840 0.2716197 0.2732512 0.2748779 0.2764995 0.2781157 0.2797259 0.2813301 0.2829278 0.2845187 0.2861026 0.2876791 0.2892478 0.2908083 0.2923602 0.2939029 0.2954361 0.2969593 0.2984724 0.2999750 0.3014674 0.3029498 0.3044225 0.3058861 0.3073411 0.3087882 0.3102278 0.3116607 0.3130871 0.3145077 0.0000000E+00 0.0000000E+00 0.0000000E+00 0.0000000E+00 0.0000000E+00 0.0000000E+00
0.2402036 0.2418066 0.2434164 0.2450323 0.2466540 0.2482809 0.2499123 0.2515479 0.2531869 0.2548288 0.2564731 0.2581191 0.2597661 0.2614136 0.2630610 0.2647074 0.2663523 0.2679951 0.2696351 0.2712717 0.2729043 0.2745324 0.2761556 0.2777735 0.2793856 0.2809918 0.2825916 0.2841849 0.2857713 0.2873506 0.2889225 0.2904866 0.2920426 0.2935901 0.2951287 0.2966580 0.2981777 0.2996877 0.3011878 0.3026781 0.3041587 0.3056301 0.3070927 0.3085469 0.3099934 0.3114325 0.3128648 0.0000000E+00 0.0000000E+00 0.0000000E+00 0.0000000E+00 0.0000000E+00 0.0000000E+00 0.0000000E+00 0.0000000E+00
0.2415438 0.2431433 0.2447497 0.2463624 0.2479808 0.2496046 0.2512331 0.2528657 0.2545019 0.2561411 0.2577826 0.2594260 0.2610705 0.2627154 0.2643601 0.2660040 0.2676463 0.2692863 0.2709233 0.2725569 0.2741863 0.2758109 0.2774304 0.2790443 0.2806524 0.2822542 0.2838496 0.2854383 0.2870201 0.2885947 0.2901619 0.2917214 0.2932729 0.2948160 0.2963505 0.2978760 0.2993923 0.3008992 0.3023967 0.3038848 0.3053637 0.3068337 0.3082952 0.3097485 0.3111943 0.3126328 0.3140646 0.0000000E+00 0.0000000E+00 0.0000000E+00 0.0000000E+00 0.0000000E+00 0.0000000E+00 0.0000000E+00 0.0000000E+00
0.2428844 0.2444802 0.2460829 0.2476921 0.2493072 0.2509277 0.2525529 0.2541825 0.2558156 0.2574519 0.2590906 0.2607312 0.2623729 0.2640152 0.2656572 0.2672983 0.2689379 0.2705750 0.2722092 0.2738395 0.2754655 0.2770866 0.2787023 0.2803121 0.2819159 0.2835132 0.2851040 0.2866880 0.2882650 0.2898349 0.2913974 0.2929522 0.2944992 0.2960381 0.2975685 0.2990902 0.3006031 0.3021070 0.3036019 0.3050878 0.3065649 0.3080334 0.3094938 0.3109462 0.3123912 0.3138291 0.0000000E+00 0.0000000E+00 0.0000000E+00 0.0000000E+00 0.0000000E+00 0.0000000E+00 0.0000000E+00 0.0000000E+00 0.0000000E+00
0.2442251 0.2458171 0.2474160 0.2490215 0.2506330 0.2522500 0.2538718 0.2554981 0.2571280 0.2587612 0.2603969 0.2620345 0.2636734 0.2653128 0.2669520 0.2685904 0.2702271 0.2718613 0.2734924 0.2751195 0.2767421 0.2783595 0.2799712 0.2815768 0.2831761 0.2847688 0.2863549 0.2879341 0.2895062 0.2910713 0.2926290 0.2941792 0.2957217 0.2972563 0.2987827 0.3003008 0.3018103 0.3033112 0.3048035 0.3062872 0.3077625 0.3092295 0.3106886 0.3121400 0.3135842 0.0000000E+00 0.0000000E+00 0.0000000E+00 0.0000000E+00 0.0000000E+00 0.0000000E+00 0.0000000E+00 0.0000000E+00 0.0000000E+00 0.0000000E+00
0.2455661 0.2471539 0.2487488 0.2503504 0.2519581 0.2535713 0.2551896 0.2568123 0.2584389 0.2600688 0.2617013 0.2633358 0.2649716 0.2666081 0.2682444 0.2698799 0.2715137 0.2731450 0.2747729 0.2763968 0.2780158 0.2796294 0.2812370 0.2828383 0.2844330 0.2860210 0.2876022 0.2891764 0.2907437 0.2923039 0.2938568 0.2954024 0.2969405 0.2984709 0.2999933 0.3015077 0.3030140 0.3045120 0.3060017 0.3074832 0.3089565 0.3104220 0.3118798 0.3133303 0.0000000E+00 0.0000000E+00 0.0000000E+00 0.0000000E+00 0.0000000E+00 0.0000000E+00 0.0000000E+00 0.0000000E+00 0.0000000E+00 0.0000000E+00 0.0000000E+00
0.2469071 0.2484906 0.2500813 0.2516787 0.2532824 0.2548917 0.2565062 0.2581252 0.2597482 0.2613746 0.2630037 0.2646349 0.2662676 0.2679009 0.2695343 0.2711667 0.2727975 0.2744257 0.2760506 0.2776711 0.2792866 0.2808963 0.2824998 0.2840966 0.2856866 0.2872697 0.2888458 0.2904151 0.2919773 0.2935326 0.2950808 0.2966219 0.2981555 0.2996818 0.3012004 0.3027112 0.3042142 0.3057093 0.3071965 0.3086757 0.3101473 0.3116112 0.0000000E+00 0.0000000E+00 0.0000000E+00 0.0000000E+00 0.0000000E+00 0.0000000E+00 0.0000000E+00 0.0000000E+00 0.0000000E+00 0.0000000E+00 0.0000000E+00 0.0000000E+00 0.0000000E+00
0.2482481 0.2498270 0.2514133 0.2530064 0.2546058 0.2562110 0.2578214 0.2594365 0.2610557 0.2626784 0.2643039 0.2659317 0.2675610 0.2691911 0.2708213 0.2724507 0.2740784 0.2757035 0.2773252 0.2789424 0.2805543 0.2821601 0.2837592 0.2853514 0.2869366 0.2885146 0.2900857 0.2916499 0.2932071 0.2947575 0.2963010 0.2978375 0.2993669 0.3008890 0.3024039 0.3039112 0.3054111 0.3069033 0.3083880 0.3098651 0.3113347 0.0000000E+00 0.0000000E+00 0.0000000E+00 0.0000000E+00 0.0000000E+00 0.0000000E+00 0.0000000E+00 0.0000000E+00 0.0000000E+00 0.0000000E+00 0.0000000E+00 0.0000000E+00 0.0000000E+00 0.0000000E+00
0.2495890 0.2511632 0.2527448 0.2543333 0.2559282 0.2575290 0.2591352 0.2607461 0.2623613 0.2639801 0.2656018 0.2672259 0.2688517 0.2704784 0.2721052 0.2737314 0.2753560 0.2769780 0.2785965 0.2802104 0.2818187 0.2834205 0.2850153 0.2866027 0.2881828 0.2897558 0.2913217 0.2928807 0.2944330 0.2959785 0.2975173 0.2990493 0.3005745 0.3020927 0.3036039 0.3051079 0.3066046 0.3080941 0.3095763 0.3110512 0.3125190 0.0000000E+00 0.0000000E+00 0.0000000E+00 0.0000000E+00 0.0000000E+00 0.0000000E+00 0.0000000E+00 0.0000000E+00 0.0000000E+00 0.0000000E+00 0.0000000E+00 0.0000000E+00 0.0000000E+00 0.0000000E+00
0.2509299 0.2524990 0.2540756 0.2556593 0.2572495 0.2588457 0.2604474 0.2620540 0.2636648 0.2652795 0.2668972 0.2685175 0.2701395 0.2717625 0.2733859 0.2750087 0.2766300 0.2782489 0.2798642 0.2814748 0.2830795 0.2846773 0.2862676 0.2878502 0.2894251 0.2909928 0.2925535 0.2941074 0.2956547 0.2971954 0.2987297 0.3002574 0.3017784 0.3032928 0.3048004 0.3063011 0.3077948 0.3092816 0.3107615 0.3122343 0.3137003 0.0000000E+00 0.0000000E+00 0.0000000E+00 0.0000000E+00 0.0000000E+00 0.0000000E+00 0.0000000E+00 0.0000000E+00 0.0000000E+00 0.0000000E+00 0.0000000E+00 0.0000000E+00 0.0000000E+00 0.0000000E+00
0.2522705 0.2538343 0.2554058 0.2569845 0.2585697 0.2601611 0.2617580 0.2633599 0.2649663 0.2665766 0.2681901 0.2698061 0.2714242 0.2730434 0.2746631 0.2762823 0.2779002 0.2795159 0.2811280 0.2827353 0.2843365 0.2859303 0.2875160 0.2890935 0.2906632 0.2922255 0.2937809 0.2953297 0.2968721 0.2984082 0.2999380 0.3014615 0.3029786 0.3044893 0.3059934 0.3074909 0.3089818 0.3104660 0.3119435 0.3134144 0.0000000E+00 0.0000000E+00 0.0000000E+00 0.0000000E+00 0.0000000E+00 0.0000000E+00 0.0000000E+00 0.0000000E+00 0.0000000E+00 0.0000000E+00 0.0000000E+00 0.0000000E+00 0.0000000E+00 0.0000000E+00 0.0000000E+00
0.2536108 0.2551692 0.2567353 0.2583086 0.2598887 0.2614749 0.2630669 0.2646639 0.2662655 0.2678711 0.2694801 0.2710918 0.2727056 0.2743207 0.2759365 0.2775519 0.2791663 0.2807784 0.2823872 0.2839913 0.2855891 0.2871790 0.2887600 0.2903322 0.2918964 0.2934534 0.2950036 0.2965475 0.2980852 0.2996168 0.3011423 0.3026617 0.3041750 0.3056822 0.3071830 0.3086776 0.3101657 0.3116474 0.3131226 0.0000000E+00 0.0000000E+00 0.0000000E+00 0.0000000E+00 0.0000000E+00 0.0000000E+00 0.0000000E+00 0.0000000E+00 0.0000000E+00 0.0000000E+00 0.0000000E+00 0.0000000E+00 0.0000000E+00 0.0000000E+00 0.0000000E+00 0.0000000E+00
0.2549508 0.2565035 0.2580639 0.2596317 0.2612063 0.2627873 0.2643739 0.2659658 0.2675625 0.2691632 0.2707673 0.2723744 0.2739836 0.2755944 0.2772058 0.2788172 0.2804277 0.2820361 0.2836415 0.2852423 0.2868368 0.2884229 0.2899989 0.2915657 0.2931244 0.2946761 0.2962213 0.2977605 0.2992936 0.3008209 0.3023424 0.3038581 0.3053678 0.3068715 0.3083692 0.3098609 0.3113464 0.0000000E+00 0.0000000E+00 0.0000000E+00 0.0000000E+00 0.0000000E+00 0.0000000E+00 0.0000000E+00 0.0000000E+00 0.0000000E+00 0.0000000E+00 0.0000000E+00 0.0000000E+00 0.0000000E+00 0.0000000E+00 0.0000000E+00 0.0000000E+00 0.0000000E+00 0.0000000E+00
0.2562905 0.2578372 0.2593918 0.2609538 0.2625227 0.2640980 0.2656792 0.2672657 0.2688570 0.2704526 0.2720517 0.2736537 0.2752582 0.2768642 0.2784711 0.2800780 0.2816842 0.2832886 0.2848901 0.2864874 0.2880786 0.2896610 0.2912319 0.2927931 0.2943465 0.2958933 0.2974339 0.2989685 0.3004975 0.3020208 0.3035385 0.3050505 0.3065568 0.0000000E+00 0.0000000E+00 0.0000000E+00 0.0000000E+00 0.0000000E+00 0.0000000E+00 0.0000000E+00 0.0000000E+00 0.0000000E+00 0.0000000E+00 0.0000000E+00 0.0000000E+00 0.0000000E+00 0.0000000E+00 0.0000000E+00 0.0000000E+00 0.0000000E+00 0.0000000E+00 0.0000000E+00 0.0000000E+00 0.0000000E+00 0.0000000E+00
0.2576297 0.2591702 0.2607187 0.2622747 0.2638376 0.2654071 0.2669826 0.2685634 0.2701492 0.2717393 0.2733330 0.2749299 0.2765291 0.2781301 0.2797320 0.2813341 0.2829356 0.2845354 0.2861325 0.2877255 0.2893129 0.2908917 0.2924573 0.2940134 0.2955623 0.2971046 0.2986410 0.3001716 0.3016967 0.3032162 0.3047304 0.3062390 0.3077422 0.0000000E+00 0.0000000E+00 0.0000000E+00 0.0000000E+00 0.0000000E+00 0.0000000E+00 0.0000000E+00 0.0000000E+00 0.0000000E+00 0.0000000E+00 0.0000000E+00 0.0000000E+00 0.0000000E+00 0.0000000E+00 0.0000000E+00 0.0000000E+00 0.0000000E+00 0.0000000E+00 0.0000000E+00 0.0000000E+00 0.0000000E+00 0.0000000E+00
0.2589685 0.2605025 0.2620447 0.2635944 0.2651512 0.2667146 0.2682841 0.2698590 0.2714390 0.2730233 0.2746115 0.2762027 0.2777965 0.2793921 0.2809887 0.2825856 0.2841818 0.2857765 0.2873684 0.2889563 0.2905384 0.2921118 0.2936738 0.2952264 0.2967715 0.2983101 0.2998427 0.3013697 0.3028913 0.3044074 0.3059183 0.3074238 0.0000000E+00 0.0000000E+00 0.0000000E+00 0.0000000E+00 0.0000000E+00 0.0000000E+00 0.0000000E+00 0.0000000E+00 0.0000000E+00 0.0000000E+00 0.0000000E+00 0.0000000E+00 0.0000000E+00 0.0000000E+00 0.0000000E+00 0.0000000E+00 0.0000000E+00 0.0000000E+00 0.0000000E+00 0.0000000E+00 0.0000000E+00 0.0000000E+00 0.0000000E+00
0.2603068 0.2618342 0.2633697 0.2649129 0.2664633 0.2680204 0.2695837 0.2711525 0.2727264 0.2743048 0.2758870 0.2774724 0.2790605 0.2806503 0.2822413 0.2838325 0.2854231 0.2870121 0.2885984 0.2901804 0.2917566 0.2933246 0.2948830 0.2964326 0.2979745 0.2995099 0.3010392 0.3025630 0.3040814 0.3055945 0.3071024 0.3086050 0.0000000E+00 0.0000000E+00 0.0000000E+00 0.0000000E+00 0.0000000E+00 0.0000000E+00 0.0000000E+00 0.0000000E+00 0.0000000E+00 0.0000000E+00 0.0000000E+00 0.0000000E+00 0.0000000E+00 0.0000000E+00 0.0000000E+00 0.0000000E+00 0.0000000E+00 0.0000000E+00 0.0000000E+00 0.0000000E+00 0.0000000E+00 0.0000000E+00 0.0000000E+00
0.2616446 0.2631651 0.2646938 0.2662303 0.2677741 0.2693247 0.2708814 0.2724439 0.2740115 0.2755837 0.2771597 0.2787391 0.2803210 0.2819048 0.2834898 0.2850751 0.2866597 0.2882427 0.2898229 0.2913989 0.2929692 0.2945320 0.2960866 0.2976331 0.2991721 0.3007046 0.3022310 0.3037519 0.3052674 0.3067776 0.3082827 0.3097828 0.3112777 0.3127675 0.0000000E+00 0.0000000E+00 0.0000000E+00 0.0000000E+00 0.0000000E+00 0.0000000E+00 0.0000000E+00 0.0000000E+00 0.0000000E+00 0.0000000E+00 0.0000000E+00 0.0000000E+00 0.0000000E+00 0.0000000E+00 0.0000000E+00 0.0000000E+00 0.0000000E+00 0.0000000E+00 0.0000000E+00 0.0000000E+00 0.0000000E+00
0.2629819 0.2644953 0.2660170 0.2675466 0.2690835 0.2706273 0.2721774 0.2737333 0.2752944 0.2768601 0.2784297 0.2800027 0.2815784 0.2831560 0.2847347 0.2863137 0.2878921 0.2894689 0.2910429 0.2926128 0.2941773 0.2957352 0.2972858 0.2988289 0.3003650 0.3018947 0.3034185 0.3049366 0.3064494 0.3079571 0.3094597 0.3109573 0.3124499 0.3139375 0.3154201 0.0000000E+00 0.0000000E+00 0.0000000E+00 0.0000000E+00 0.0000000E+00 0.0000000E+00 0.0000000E+00 0.0000000E+00 0.0000000E+00 0.0000000E+00 0.0000000E+00 0.0000000E+00 0.0000000E+00 0.0000000E+00 0.0000000E+00 0.0000000E+00 0.0000000E+00 0.0000000E+00 0.0000000E+00 0.0000000E+00
