data/rasters/evap/evaporation_20000103.ASC
NCOLS                  300
NROWS                  325
XLLCORNER       0.0000000E+00
YLLCORNER        300000.0
CELLSIZE         1000.000
NODATA_VALUE    0.0000000E+00
[rows 44 to 65 of 325, columns 153 to 203 of 300]
0.0000000E+00 0.0000000E+00 5.8454141E-02 5.8617860E-02 5.8787536E-02 5.8962446E-02 5.9141789E-02 5.9324693E-02 5.9510224E-02 5.9697382E-02 5.9885137E-02 6.0072400E-02 6.0258053E-02 6.0440931E-02 6.0619824E-02 6.0793459E-02 6.0960516E-02 6.1119575E-02 6.1269119E-02 6.1407488E-02 6.1532833E-02 6.1643030E-02 6.1735570E-02 6.1807342E-02 6.1854206E-02 6.1870113E-02 6.1846107E-02 6.1776087E-02 6.1666690E-02 6.1527412E-02 6.1364837E-02 6.1183639E-02 6.0987461E-02 6.0779348E-02 6.0561944E-02 6.0337622E-02 6.0108565E-02 5.9876807E-02 5.9644267E-02 5.9412777E-02 5.9184104E-02 5.8959942E-02 5.8741946E-02 5.8531716E-02 5.8330804E-02 5.8140717E-02 5.7962917E-02 5.7798803E-02 5.7649717E-02 5.7516932E-02 5.7401638E-02
0.0000000E+00 5.9370063E-02 5.9524518E-02 5.9684902E-02 5.9850622E-02 6.0020998E-02 6.0195271E-02 6.0372613E-02 6.0552128E-02 6.0732868E-02 6.0913835E-02 6.1093979E-02 6.1272211E-02 6.1447393E-02 6.1618332E-02 6.1783772E-02 6.1942387E-02 6.2092759E-02 6.2233347E-02 6.2362462E-02 6.2478196E-02 6.2578350E-02 6.2660307E-02 6.2720805E-02 6.2755644E-02 6.2759347E-02 6.2725864E-02 6.2652253E-02 6.2541991E-02 6.2401678E-02 6.2237334E-02 6.2053699E-02 6.1854564E-02 6.1643086E-02 6.1422005E-02 6.1193753E-02 6.0960554E-02 6.0724463E-02 6.0487427E-02 6.0251284E-02 6.0017798E-02 5.9788663E-02 5.9565526E-02 5.9349965E-02 5.9143521E-02 5.8947682E-02 5.8763877E-02 5.8593489E-02 5.8437828E-02 5.8298137E-02 5.8175590E-02
6.0285032E-02 6.0430843E-02 6.0582414E-02 6.0739264E-02 6.0900830E-02 6.1066460E-02 6.1235435E-02 6.1406955E-02 6.1580174E-02 6.1754167E-02 6.1927982E-02 6.2100593E-02 6.2270936E-02 6.2437892E-02 6.2600285E-02 6.2756866E-02 6.2906295E-02 6.3047163E-02 6.3177891E-02 6.3296758E-02 6.3401803E-02 6.3490778E-02 6.3561015E-02 6.3609287E-02 6.3631706E-02 6.3623831E-02 6.3581631E-02 6.3503519E-02 6.3391633E-02 6.3250549E-02 6.3085243E-02 6.2900156E-02 6.2699057E-02 6.2485147E-02 6.2261231E-02 6.2029798E-02 6.1793115E-02 6.1553273E-02 6.1312236E-02 6.1071858E-02 6.0833912E-02 6.0600091E-02 6.0372036E-02 6.0151316E-02 5.9939463E-02 5.9737943E-02 5.9548169E-02 5.9371497E-02 5.9209224E-02 5.9062570E-02 5.8932684E-02
6.1335299E-02 6.1478700E-02 6.1627198E-02 6.1780326E-02 6.1937544E-02 6.2098224E-02 6.2261678E-02 6.2427137E-02 6.2593780E-02 6.2760733E-02 6.2927052E-02 6.3091747E-02 6.3253775E-02 6.3412033E-02 6.3565351E-02 6.3712493E-02 6.3852116E-02 6.3982777E-02 6.4102918E-02 6.4210765E-02 6.4304359E-02 6.4381428E-02 6.4439379E-02 6.4475179E-02 6.4485446E-02 6.4466700E-02 6.4416222E-02 6.4333066E-02 6.4218707E-02 6.4076453E-02 6.3910313E-02 6.3724212E-02 6.3521735E-02 6.3306026E-02 6.3079908E-02 6.2845886E-02 6.2606253E-02 6.2363144E-02 6.2118527E-02 6.1874282E-02 6.1632179E-02 6.1393924E-02 6.1161149E-02 6.0935423E-02 6.0718264E-02 6.0511123E-02 6.0315404E-02 6.0132440E-02 5.9963513E-02 5.9809830E-02 5.9672516E-02
6.2372249E-02 6.2513053E-02 6.2658295E-02 6.2807523E-02 6.2960207E-02 6.3115746E-02 6.3273467E-02 6.3432641E-02 6.3592464E-02 6.3752092E-02 6.3910611E-02 6.4067051E-02 6.4220391E-02 6.4369537E-02 6.4513333E-02 6.4650550E-02 6.4779840E-02 6.4899780E-02 6.5008767E-02 6.5105066E-02 6.5186724E-02 6.5251529E-02 6.5297030E-02 6.5320499E-02 6.5319069E-02 6.5290064E-02 6.5231554E-02 6.5142982E-02 6.5025456E-02 6.4881466E-02 6.4714231E-02 6.4527169E-02 6.4323559E-02 6.4106420E-02 6.3878499E-02 6.3642308E-02 6.3400142E-02 6.3154131E-02 6.2906280E-02 6.2658459E-02 6.2412456E-02 6.2169973E-02 6.1932646E-02 6.1702035E-02 6.1479650E-02 6.1266936E-02 6.1065279E-02 6.0876008E-02 6.0700383E-02 6.0539596E-02 6.0394768E-02
6.3395321E-02 6.3533366E-02 6.3675188E-02 6.3820340E-02 6.3968316E-02 6.4118534E-02 6.4270332E-02 6.4423010E-02 6.4575799E-02 6.4727858E-02 6.4878307E-02 6.5026201E-02 6.5170534E-02 6.5310225E-02 6.5444142E-02 6.5571040E-02 6.5689616E-02 6.5798424E-02 6.5895900E-02 6.5980323E-02 6.6049807E-02 6.6102251E-02 6.6135399E-02 6.6146836E-02 6.6134200E-02 6.6095397E-02 6.6029042E-02 6.5934785E-02 6.5813534E-02 6.5667219E-02 6.5498494E-02 6.5310284E-02 6.5105543E-02 6.4887099E-02 6.4657591E-02 6.4419486E-02 6.4175054E-02 6.3926421E-02 6.3675575E-02 6.3424408E-02 6.3174702E-02 6.2928155E-02 6.2686399E-02 6.2450994E-02 6.2223446E-02 6.2005185E-02 6.1797589E-02 6.1601974E-02 6.1419591E-02 6.1251625E-02 6.1099190E-02
6.4404018E-02 6.4539142E-02 6.4677387E-02 6.4818315E-02 6.4961426E-02 6.5106153E-02 6.5251864E-02 6.5397874E-02 6.5543421E-02 6.5687709E-02 6.5829866E-02 6.5968975E-02 6.6104032E-02 6.6234007E-02 6.6357747E-02 6.6474058E-02 6.6581637E-02 6.6679060E-02 6.6764802E-02 6.6837206E-02 6.6894464E-02 6.6934623E-02 6.6955648E-02 6.6955440E-02 6.6932045E-02 6.6883817E-02 6.6809736E-02 6.6709608E-02 6.6584177E-02 6.6435032E-02 6.6264354E-02 6.6074677E-02 6.5868646E-02 6.5648861E-02 6.5417834E-02 6.5177925E-02 6.4931378E-02 6.4680278E-02 6.4426616E-02 6.4172246E-02 6.3918971E-02 6.3668467E-02 6.3422367E-02 6.3182235E-02 6.2949546E-02 6.2725745E-02 6.2512189E-02 6.2310185E-02 6.2120982E-02 6.1945751E-02 6.1785601E-02
6.5397866E-02 6.5529920E-02 6.5664448E-02 6.5801017E-02 6.5939128E-02 6.6078231E-02 6.6217706E-02 6.6356882E-02 6.6495039E-02 6.6631377E-02 6.6765063E-02 6.6895187E-02 6.7020789E-02 6.7140833E-02 6.7254208E-02 6.7359738E-02 6.7456149E-02 6.7542054E-02 6.7615986E-02 6.7676358E-02 6.7721471E-02 6.7749545E-02 6.7758746E-02 6.7747280E-02 6.7713521E-02 6.7656174E-02 6.7574471E-02 6.7468315E-02 6.7338355E-02 6.7185916E-02 6.7012846E-02 6.6821344E-02 6.6613756E-02 6.6392481E-02 6.6159859E-02 6.5918162E-02 6.5669537E-02 6.5416053E-02 6.5159641E-02 6.4902164E-02 6.4645387E-02 6.4390995E-02 6.4140595E-02 6.3895755E-02 6.3657939E-02 6.3428573E-02 6.3209020E-02 6.3000567E-02 6.2804461E-02 6.2621869E-02 6.2453892E-02
6.6376403E-02 6.6505276E-02 6.6635966E-02 6.6768058E-02 6.6901058E-02 6.7034408E-02 6.7167528E-02 6.7299761E-02 6.7430384E-02 6.7558646E-02 6.7683719E-02 6.7804731E-02 6.7920730E-02 6.8030715E-02 6.8133608E-02 6.8228260E-02 6.8313420E-02 6.8387784E-02 6.8449922E-02 6.8498358E-02 6.8531506E-02 6.8547748E-02 6.8545461E-02 6.8523116E-02 6.8479359E-02 6.8413138E-02 6.8323895E-02 6.8211593E-02 6.8076819E-02 6.7920700E-02 6.7744829E-02 6.7551121E-02 6.7341678E-02 6.7118682E-02 6.6884317E-02 6.6640735E-02 6.6390000E-02 6.6134110E-02 6.5874971E-02 6.5614402E-02 6.5354146E-02 6.5095879E-02 6.4841196E-02 6.4591631E-02 6.4348660E-02 6.4113691E-02 6.3888080E-02 6.3673109E-02 6.3470013E-02 6.3279949E-02 6.3104026E-02
6.7339234E-02 6.7464814E-02 6.7591578E-02 6.7719094E-02 6.7846879E-02 6.7974396E-02 6.8101071E-02 6.8226248E-02 6.8349257E-02 6.8469346E-02 6.8585716E-02 6.8697520E-02 6.8803839E-02 6.8903700E-02 6.8996049E-02 6.9079787E-02 6.9153719E-02 6.9216587E-02 6.9267049E-02 6.9303706E-02 6.9325127E-02 6.9329835E-02 6.9316424E-02 6.9283552E-02 6.9230102E-02 6.9155246E-02 6.9058537E-02 6.8940006E-02 6.8800181E-02 6.8640053E-02 6.8461008E-02 6.8264723E-02 6.8053097E-02 6.7828111E-02 6.7591801E-02 6.7346178E-02 6.7093223E-02 6.6834867E-02 6.6572942E-02 6.6309251E-02 6.6045493E-02 6.5783322E-02 6.5524317E-02 6.5269992E-02 6.5021820E-02 6.4781189E-02 6.4549439E-02 6.4327858E-02 6.4117663E-02 6.3920021E-02 6.3736014E-02
6.8285972E-02 6.8408184E-02 6.8530940E-02 6.8653800E-02 6.8776302E-02 6.8897918E-02 6.9018066E-02 6.9136143E-02 6.9251463E-02 6.9363318E-02 6.9470942E-02 6.9573499E-02 6.9670103E-02 6.9759823E-02 6.9841653E-02 6.9914527E-02 6.9977298E-02 7.0028789E-02 7.0067741E-02 7.0092849E-02 7.0102818E-02 7.0096321E-02 7.0072114E-02 7.0029065E-02 6.9966219E-02 6.9882914E-02 6.9778815E-02 6.9654003E-02 6.9508940E-02 6.9344521E-02 6.9161959E-02 6.8962768E-02 6.8748631E-02 6.8521373E-02 6.8282872E-02 6.8035014E-02 6.7779690E-02 6.7518733E-02 6.7253940E-02 6.6987038E-02 6.6719711E-02 6.6453569E-02 6.6190176E-02 6.5931037E-02 6.5677576E-02 6.5431200E-02 6.5193228E-02 6.4964928E-02 6.4747520E-02 6.4542159E-02 6.4349942E-02
6.9216251E-02 6.9335029E-02 6.9453716E-02 6.9571890E-02 6.9689058E-02 6.9804721E-02 6.9918312E-02 7.0029244E-02 7.0136853E-02 7.0240460E-02 7.0339315E-02 7.0432626E-02 7.0519544E-02 7.0599169E-02 7.0670538E-02 7.0732631E-02 7.0784383E-02 7.0824668E-02 7.0852324E-02 7.0866153E-02 7.0864968E-02 7.0847593E-02 7.0812933E-02 7.0760019E-02 7.0688047E-02 7.0596486E-02 7.0485078E-02 7.0353933E-02 7.0203491E-02 7.0034549E-02 6.9848187E-02 6.9645770E-02 6.9428816E-02 6.9198996E-02 6.8958044E-02 6.8707734E-02 6.8449847E-02 6.8186134E-02 6.7918330E-02 6.7648105E-02 6.7377105E-02 6.7106903E-02 6.6839039E-02 6.6574976E-02 6.6316143E-02 6.6063918E-02 6.5819606E-02 6.5584473E-02 6.5359734E-02 6.5146521E-02 6.4945936E-02
7.0129722E-02 7.0245035E-02 7.0359632E-02 7.0473067E-02 7.0584886E-02 7.0694581E-02 7.0801608E-02 7.0905380E-02 7.1005285E-02 7.1100652E-02 7.1190767E-02 7.1274877E-02 7.1352169E-02 7.1421780E-02 7.1482792E-02 7.1534261E-02 7.1575165E-02 7.1604468E-02 7.1621075E-02 7.1623914E-02 7.1611896E-02 7.1583979E-02 7.1539201E-02 7.1476720E-02 7.1395881E-02 7.1296230E-02 7.1177602E-02 7.1040109E-02 7.0884168E-02 7.0710510E-02 7.0520103E-02 7.0314176E-02 7.0094123E-02 6.9861457E-02 6.9617793E-02 6.9364794E-02 6.9104135E-02 6.8837486E-02 6.8566509E-02 6.8292826E-02 6.8018019E-02 6.7743637E-02 6.7471176E-02 6.7202084E-02 6.6937767E-02 6.6679575E-02 6.6428803E-02 6.6186711E-02 6.5954499E-02 6.5733299E-02 6.5524198E-02
7.1026064E-02 7.1137905E-02 7.1248397E-02 7.1357101E-02 7.1463563E-02 7.1567290E-02 7.1667761E-02 7.1764402E-02 7.1856633E-02 7.1943805E-02 7.2025247E-02 7.2100230E-02 7.2167985E-02 7.2227702E-02 7.2278529E-02 7.2319545E-02 7.2349817E-02 7.2368376E-02 7.2374232E-02 7.2366379E-02 7.2343849E-02 7.2305717E-02 7.2251141E-02 7.2179399E-02 7.2089933E-02 7.1982376E-02 7.1856610E-02 7.1712770E-02 7.1551256E-02 7.1372718E-02 7.1178056E-02 7.0968382E-02 7.0744954E-02 7.0509180E-02 7.0262551E-02 7.0006624E-02 6.9742978E-02 6.9473192E-02 6.9198869E-02 6.8921559E-02 6.8642803E-02 6.8364099E-02 6.8086907E-02 6.7812659E-02 6.7542724E-02 6.7278437E-02 6.7021079E-02 6.6771895E-02 6.6532061E-02 6.6302724E-02 6.6084959E-02
7.1904980E-02 7.2013348E-02 7.2119743E-02 7.2223730E-02 7.2324865E-02 7.2422653E-02 7.2516598E-02 7.2606161E-02 7.2690770E-02 7.2769821E-02 7.2842672E-02 7.2908640E-02 7.2967000E-02 7.3016994E-02 7.3057801E-02 7.3088586E-02 7.3108472E-02 7.3116563E-02 7.3111951E-02 7.3093727E-02 7.3061027E-02 7.3013015E-02 7.2948962E-02 7.2868243E-02 7.2770387E-02 7.2655097E-02 7.2522298E-02 7.2372131E-02 7.2204977E-02 7.2021447E-02 7.1822353E-02 7.1608707E-02 7.1381681E-02 7.1142554E-02 7.0892721E-02 7.0633635E-02 7.0366777E-02 7.0093654E-02 6.9815792E-02 6.9534682E-02 6.9251813E-02 6.8968639E-02 6.8686582E-02 6.8407029E-02 6.8131343E-02 6.7860819E-02 6.7596734E-02 6.7340307E-02 6.7092717E-02 6.6855080E-02 6.6628493E-02
7.2766148E-02 7.2871082E-02 7.2973415E-02 7.3072731E-02 7.3168576E-02 7.3260486E-02 7.3347963E-02 7.3430516E-02 7.3507592E-02 7.3578618E-02 7.3642999E-02 7.3700093E-02 7.3749214E-02 7.3789656E-02 7.3820665E-02 7.3841460E-02 7.3851228E-02 7.3849142E-02 7.3834382E-02 7.3806122E-02 7.3763579E-02 7.3706023E-02 7.3632799E-02 7.3543385E-02 7.3437370E-02 7.3314525E-02 7.3174804E-02 7.3018350E-02 7.2845533E-02 7.2656915E-02 7.2453246E-02 7.2235458E-02 7.2004616E-02 7.1761928E-02 7.1508661E-02 7.1246192E-02 7.0975915E-02 7.0699260E-02 7.0417665E-02 7.0132583E-02 6.9845431E-02 6.9557622E-02 6.9270536E-02 6.8985544E-02 6.8703949E-02 6.8427056E-02 6.8156093E-02 6.7892283E-02 6.7636780E-02 6.7390703E-02 6.7155130E-02
7.3609293E-02 7.3710836E-02 7.3809177E-02 7.3903874E-02 7.3994495E-02 7.4080594E-02 7.4161693E-02 7.4237317E-02 7.4306965E-02 7.4370094E-02 7.4426144E-02 7.4474521E-02 7.4514590E-02 7.4545704E-02 7.4567147E-02 7.4578211E-02 7.4578144E-02 7.4566200E-02 7.4541613E-02 7.4503645E-02 7.4451603E-02 7.4384831E-02 7.4302763E-02 7.4204929E-02 7.4090995E-02 7.3960781E-02 7.3814251E-02 7.3651575E-02 7.3473088E-02 7.3279321E-02 7.3070973E-02 7.2848886E-02 7.2614066E-02 7.2367609E-02 7.2110720E-02 7.1844660E-02 7.1570762E-02 7.1290374E-02 7.1004868E-02 7.0715629E-02 7.0424020E-02 7.0131414E-02 6.9839157E-02 6.9548562E-02 6.9260925E-02 6.8977505E-02 6.8699524E-02 6.8428181E-02 6.8164617E-02 6.7909949E-02 6.7665242E-02
7.4434124E-02 7.4532367E-02 7.4626774E-02 7.4716941E-02 7.4802421E-02 7.4882790E-02 7.4957617E-02 7.5026430E-02 7.5088769E-02 7.5144142E-02 7.5192019E-02 7.5231872E-02 7.5263105E-02 7.5285107E-02 7.5297251E-02 7.5298868E-02 7.5289272E-02 7.5267784E-02 7.5233705E-02 7.5186387E-02 7.5125188E-02 7.5049527E-02 7.4958920E-02 7.4852951E-02 7.4731342E-02 7.4593939E-02 7.4440740E-02 7.4271917E-02 7.4087784E-02 7.3888846E-02 7.3675729E-02 7.3449239E-02 7.3210292E-02 7.2959900E-02 7.2699204E-02 7.2429374E-02 7.2151668E-02 7.1867362E-02 7.1577765E-02 7.1284197E-02 7.0987970E-02 7.0690408E-02 7.0392817E-02 7.0096470E-02 6.9802642E-02 6.9512554E-02 6.9227412E-02 6.8948388E-02 6.8676628E-02 6.8413220E-02 6.8159215E-02
7.5240366E-02 7.5335391E-02 7.5425982E-02 7.5511701E-02 7.5592153E-02 7.5666904E-02 7.5735562E-02 7.5797692E-02 7.5852871E-02 7.5900644E-02 7.5940542E-02 7.5972065E-02 7.5994685E-02 7.6007843E-02 7.6010957E-02 7.6003425E-02 7.5984620E-02 7.5953916E-02 7.5910702E-02 7.5854369E-02 7.5784355E-02 7.5700156E-02 7.5601317E-02 7.5487494E-02 7.5358458E-02 7.5214073E-02 7.5054355E-02 7.4879482E-02 7.4689753E-02 7.4485622E-02 7.4267700E-02 7.4036717E-02 7.3793523E-02 7.3539071E-02 7.3274411E-02 7.3000655E-02 7.2718970E-02 7.2430581E-02 7.2136723E-02 7.1838662E-02 7.1537659E-02 7.1234994E-02 7.0931911E-02 7.0629671E-02 7.0329502E-02 7.0032604E-02 6.9740161E-02 6.9453329E-02 6.9173217E-02 6.8900928E-02 6.8637498E-02
7.6027736E-02 7.6119669E-02 7.6206543E-02 7.6287948E-02 7.6363474E-02 7.6432742E-02 7.6495357E-02 7.6550946E-02 7.6599121E-02 7.6639473E-02 7.6671585E-02 7.6695003E-02 7.6709256E-02 7.6713838E-02 7.6708212E-02 7.6691844E-02 7.6664165E-02 7.6624602E-02 7.6572597E-02 7.6507613E-02 7.6429136E-02 7.6336727E-02 7.6229982E-02 7.6108605E-02 7.5972378E-02 7.5821221E-02 7.5655162E-02 7.5474352E-02 7.5279087E-02 7.5069800E-02 7.4847057E-02 7.4611522E-02 7.4363999E-02 7.4105367E-02 7.3836617E-02 7.3558792E-02 7.3272988E-02 7.2980367E-02 7.2682098E-02 7.2379395E-02 7.2073467E-02 7.1765549E-02 7.1456842E-02 7.1148567E-02 7.0841923E-02 7.0538081E-02 7.0238203E-02 6.9943421E-02 6.9654837E-02 6.9373533E-02 6.9100536E-02
7.6795951E-02 7.6884925E-02 7.6968223E-02 7.7045441E-02 7.7116184E-02 7.7180088E-02 7.7236809E-02 7.7286012E-02 7.7327356E-02 7.7360481E-02 7.7385023E-02 7.7400573E-02 7.7406719E-02 7.7403009E-02 7.7388965E-02 7.7364080E-02 7.7327862E-02 7.7279799E-02 7.7219367E-02 7.7146091E-02 7.7059522E-02 7.6959245E-02 7.6844916E-02 7.6716274E-02 7.6573141E-02 7.6415434E-02 7.6243199E-02 7.6056592E-02 7.5855896E-02 7.5641498E-02 7.5413935E-02 7.5173825E-02 7.4921913E-02 7.4659035E-02 7.4386097E-02 7.4104086E-02 7.3814042E-02 7.3517047E-02 7.3214240E-02 7.2906762E-02 7.2595783E-02 7.2282471E-02 7.1968012E-02 7.1653575E-02 7.1340330E-02 7.1029425E-02 7.0721984E-02 7.0419140E-02 7.0121959E-02 6.9831513E-02 6.9548830E-02
7.7544726E-02 7.7630900E-02 7.7710770E-02 7.7783942E-02 7.7850044E-02 7.7908739E-02 7.7959724E-02 7.8002706E-02 7.8037404E-02 7.8063503E-02 7.8080699E-02 7.8088641E-02 7.8086957E-02 7.8075252E-02 7.8053102E-02 7.8020059E-02 7.7975668E-02 7.7919453E-02 7.7850975E-02 7.7769786E-02 7.7675484E-02 7.7567697E-02 7.7446118E-02 7.7310517E-02 7.7160738E-02 7.6996729E-02 7.6818526E-02 7.6626278E-02 7.6420255E-02 7.6200821E-02 7.5968474E-02 7.5723797E-02 7.5467475E-02 7.5200289E-02 7.4923098E-02 7.4636810E-02 7.4342422E-02 7.4040964E-02 7.3733501E-02 7.3421136E-02 7.3104978E-02 7.2786167E-02 7.2465830E-02 7.2145119E-02 7.1825162E-02 7.1507074E-02 7.1191974E-02 7.0880942E-02 7.0575058E-02 7.0275374E-02 6.9982894E-02
