data/rasters/evap/evaporation_20000107.ASC
NCOLS                  300
NROWS                  325
XLLCORNER       0.0000000E+00
YLLCORNER        300000.0
CELLSIZE         1000.000
NODATA_VALUE    0.0000000E+00
[rows 225 to 249 of 325, columns 165 to 219 of 300]
0.2873943 0.2872959 0.2871954 0.2870922 0.2869856 0.2868748 0.2867589 0.2866369 0.2865078 0.2863706 0.2862242 0.2860678 0.2859011 0.2857240 0.2855369 0.2853403 0.2851353 0.2849226 0.2847033 0.2844782 0.2842481 0.2840137 0.2837755 0.2835340 0.2832896 0.2830425 0.2827929 0.2825409 0.2822866 0.2820298 0.2817706 0.2815087 0.2812440 0.2809762 0.2807050 0.2804299 0.2801507 0.2798668 0.2795776 0.2792826 0.2789812 0.2786728 0.2783567 0.2780323 0.2776990 0.2773565 0.2770044 0.2766426 0.0000000E+00 0.0000000E+00 0.0000000E+00 0.0000000E+00 0.0000000E+00 0.0000000E+00 0.0000000E+00
0.2882869 0.2881902 0.2880912 0.2879892 0.2878837 0.2877738 0.2876587 0.2875375 0.2874095 0.2872735 0.2871288 0.2869749 0.2868114 0.2866381 0.2864555 0.2862640 0.2860643 0.2858573 0.2856437 0.2854243 0.2851998 0.2849709 0.2847381 0.2845019 0.2842625 0.2840203 0.2837755 0.2835281 0.2832783 0.2830259 0.2827710 0.2825133 0.2822526 0.2819888 0.2817214 0.2814502 0.2811747 0.2808943 0.2806087 0.2803172 0.2800190 0.2797137 0.2794004 0.2790784 0.2787471 0.2784061 0.2780548 0.2776935 0.0000000E+00 0.0000000E+00 0.0000000E+00 0.0000000E+00 0.0000000E+00 0.0000000E+00 0.0000000E+00
0.2891772 0.2890822 0.2889846 0.2888838 0.2887793 0.2886703 0.2885561 0.2884359 0.2883089 0.2881744 0.2880316 0.2878802 0.2877198 0.2875503 0.2873721 0.2871854 0.2869909 0.2867894 0.2865813 0.2863676 0.2861488 0.2859254 0.2856981 0.2854672 0.2852330 0.2849959 0.2847560 0.2845134 0.2842682 0.2840204 0.2837698 0.2835164 0.2832600 0.2830003 0.2827370 0.2824697 0.2821980 0.2819215 0.2816396 0.2813517 0.2810571 0.2807550 0.2804448 0.2801255 0.2797965 0.2794571 0.2791070 0.2787460 0.0000000E+00 0.0000000E+00 0.0000000E+00 0.0000000E+00 0.0000000E+00 0.0000000E+00 0.0000000E+00
0.2900657 0.2899723 0.2898760 0.2897764 0.2896729 0.2895648 0.2894516 0.2893324 0.2892067 0.2890737 0.2889330 0.2887841 0.2886267 0.2884610 0.2882869 0.2881050 0.2879156 0.2877193 0.2875167 0.2873085 0.2870953 0.2868775 0.2866556 0.2864301 0.2862012 0.2859693 0.2857344 0.2854967 0.2852562 0.2850130 0.2847670 0.2845181 0.2842660 0.2840105 0.2837513 0.2834881 0.2832204 0.2829479 0.2826698 0.2823857 0.2820948 0.2817963 0.2814894 0.2811731 0.2808466 0.2805091 0.2801602 0.2797997 0.2794279 0.2790456 0.0000000E+00 0.0000000E+00 0.0000000E+00 0.0000000E+00 0.0000000E+00
0.2909529 0.2908609 0.2907659 0.2906674 0.2905650 0.2904579 0.2903457 0.2902277 0.2901033 0.2899720 0.2898333 0.2896869 0.2895327 0.2893704 0.2892005 0.2890230 0.2888385 0.2886474 0.2884502 0.2882475 0.2880397 0.2878274 0.2876110 0.2873909 0.2871673 0.2869405 0.2867107 0.2864780 0.2862424 0.2860039 0.2857625 0.2855180 0.2852703 0.2850191 0.2847641 0.2845051 0.2842415 0.2839729 0.2836989 0.2834187 0.2831316 0.2828369 0.2825335 0.2822205 0.2818968 0.2815615 0.2812138 0.2808538 0.2804818 0.2800988 0.0000000E+00 0.0000000E+00 0.0000000E+00 0.0000000E+00 0.0000000E+00
0.2918392 0.2917486 0.2916548 0.2915574 0.2914560 0.2913500 0.2912388 0.2911220 0.2909991 0.2908695 0.2907329 0.2905891 0.2904378 0.2902791 0.2901131 0.2899400 0.2897602 0.2895741 0.2893820 0.2891846 0.2889823 0.2887754 0.2885644 0.2883496 0.2881314 0.2879097 0.2876850 0.2874573 0.2872266 0.2869929 0.2867561 0.2865162 0.2862729 0.2860260 0.2857753 0.2855204 0.2852609 0.2849964 0.2847263 0.2844500 0.2841669 0.2838760 0.2835764 0.2832669 0.2829463 0.2826134 0.2822672 0.2819076 0.2815354 0.2811516 0.2807575 0.0000000E+00 0.0000000E+00 0.0000000E+00 0.0000000E+00
0.2927248 0.2926356 0.2925430 0.2924468 0.2923464 0.2922415 0.2921314 0.2920159 0.2918944 0.2917666 0.2916322 0.2914909 0.2913426 0.2911873 0.2910251 0.2908562 0.2906809 0.2904996 0.2903126 0.2901204 0.2899233 0.2897218 0.2895161 0.2893066 0.2890936 0.2888772 0.2886576 0.2884348 0.2882090 0.2879800 0.2877479 0.2875125 0.2872736 0.2870311 0.2867846 0.2865338 0.2862783 0.2860178 0.2857516 0.2854793 0.2852000 0.2849130 0.2846172 0.2843115 0.2839944 0.2836641 0.2833195 0.2829603 0.2825876 0.2822030 0.2818080 0.0000000E+00 0.0000000E+00 0.0000000E+00 0.0000000E+00
0.2936103 0.2935224 0.2934310 0.2933359 0.2932366 0.2931327 0.2930239 0.2929097 0.2927897 0.2926637 0.2925314 0.2923926 0.2922472 0.2920952 0.2919367 0.2917718 0.2916009 0.2914242 0.2912421 0.2910549 0.2908630 0.2906667 0.2904663 0.2902620 0.2900542 0.2898429 0.2896284 0.2894106 0.2891896 0.2889654 0.2887379 0.2885070 0.2882725 0.2880342 0.2877918 0.2875451 0.2872936 0.2870369 0.2867745 0.2865059 0.2862304 0.2859471 0.2856552 0.2853533 0.2850398 0.2847126 0.2843697 0.2840107 0.2836375 0.2832522 0.2828565 0.2824516 0.0000000E+00 0.0000000E+00 0.0000000E+00
0.2944961 0.2944094 0.2943192 0.2942252 0.2941269 0.2940242 0.2939165 0.2938036 0.2936852 0.2935610 0.2934308 0.2932945 0.2931519 0.2930031 0.2928481 0.2926872 0.2925205 0.2923484 0.2921709 0.2919886 0.2918017 0.2916105 0.2914152 0.2912161 0.2910134 0.2908071 0.2905976 0.2903847 0.2901685 0.2899490 0.2897260 0.2894996 0.2892694 0.2890352 0.2887969 0.2885541 0.2883064 0.2880534 0.2877946 0.2875296 0.2872575 0.2869777 0.2866893 0.2863910 0.2860813 0.2857576 0.2854165 0.2850574 0.2846837 0.2842980 0.2839021 0.2834971 0.0000000E+00 0.0000000E+00 0.0000000E+00
0.2953825 0.2952970 0.2952080 0.2951150 0.2950178 0.2949162 0.2948097 0.2946982 0.2945813 0.2944589 0.2943308 0.2941968 0.2940570 0.2939113 0.2937598 0.2936026 0.2934400 0.2932721 0.2930993 0.2929217 0.2927396 0.2925533 0.2923631 0.2921690 0.2919713 0.2917700 0.2915654 0.2913573 0.2911459 0.2909309 0.2907125 0.2904904 0.2902644 0.2900343 0.2897999 0.2895608 0.2893167 0.2890672 0.2888118 0.2885499 0.2882810 0.2880042 0.2877188 0.2874235 0.2871169 0.2867967 0.2864577 0.2860985 0.2857249 0.2853396 0.2849441 0.2845395 0.0000000E+00 0.0000000E+00 0.0000000E+00
0.2962699 0.2961856 0.2960977 0.2960058 0.2959096 0.2958091 0.2957038 0.2955936 0.2954783 0.2953576 0.2952315 0.2950999 0.2949627 0.2948200 0.2946718 0.2945183 0.2943596 0.2941959 0.2940274 0.2938544 0.2936770 0.2934956 0.2933102 0.2931210 0.2929282 0.2927318 0.2925320 0.2923286 0.2921218 0.2919114 0.2916973 0.2914794 0.2912575 0.2910314 0.2908007 0.2905652 0.2903245 0.2900782 0.2898259 0.2895668 0.2893006 0.2890263 0.2887431 0.2884499 0.2881452 0.2878265 0.2874891 0.2871320 0.2867601 0.2863763 0.2859821 0.2855787 0.0000000E+00 0.0000000E+00 0.0000000E+00
0.2971588 0.2970757 0.2969887 0.2968978 0.2968027 0.2967032 0.2965991 0.2964902 0.2963764 0.2962574 0.2961333 0.2960040 0.2958693 0.2957295 0.2955845 0.2954344 0.2952795 0.2951198 0.2949556 0.2947869 0.2946142 0.2944373 0.2942567 0.2940723 0.2938843 0.2936927 0.2934975 0.2932988 0.2930965 0.2928905 0.2926807 0.2924670 0.2922490 0.2920266 0.2917996 0.2915674 0.2913300 0.2910866 0.2908369 0.2905804 0.2903163 0.2900440 0.2897624 0.2894705 0.2891664 0.2888479 0.2885120 0.2881583 0.2877895 0.2874082 0.2870161 0.2866145 0.0000000E+00 0.0000000E+00 0.0000000E+00
0.2980495 0.2979674 0.2978815 0.2977915 0.2976974 0.2975990 0.2974960 0.2973883 0.2972759 0.2971587 0.2970364 0.2969092 0.2967771 0.2966400 0.2964980 0.2963513 0.2962000 0.2960441 0.2958840 0.2957197 0.2955513 0.2953790 0.2952029 0.2950232 0.2948398 0.2946529 0.2944623 0.2942682 0.2940703 0.2938686 0.2936629 0.2934531 0.2932390 0.2930202 0.2927966 0.2925676 0.2923331 0.2920924 0.2918452 0.2915908 0.2913286 0.2910578 0.2907773 0.2904860 0.2901823 0.2898642 0.2895299 0.2891793 0.2888139 0.2884358 0.2880464 0.2876472 0.2872392 0.0000000E+00 0.0000000E+00
0.2989423 0.2988612 0.2987762 0.2986872 0.2985941 0.2984966 0.2983947 0.2982883 0.2981772 0.2980615 0.2979411 0.2978160 0.2976862 0.2975518 0.2974127 0.2972692 0.2971213 0.2969692 0.2968130 0.2966527 0.2964886 0.2963207 0.2961491 0.2959739 0.2957951 0.2956127 0.2954266 0.2952368 0.2950432 0.2948457 0.2946441 0.2944382 0.2942277 0.2940124 0.2937920 0.2935660 0.2933342 0.2930961 0.2928510 0.2925985 0.2923378 0.2920682 0.2917885 0.2914978 0.2911944 0.2908771 0.2905446 0.2901968 0.2898348 0.2894599 0.2890736 0.2886772 0.2882715 0.0000000E+00 0.0000000E+00
0.2998377 0.2997575 0.2996734 0.2995853 0.2994929 0.2993964 0.2992955 0.2991902 0.2990805 0.2989663 0.2988476 0.2987245 0.2985969 0.2984650 0.2983288 0.2981883 0.2980437 0.2978952 0.2977427 0.2975864 0.2974264 0.2972628 0.2970956 0.2969247 0.2967503 0.2965723 0.2963906 0.2962051 0.2960157 0.2958222 0.2956245 0.2954223 0.2952154 0.2950034 0.2947860 0.2945630 0.2943337 0.2940978 0.2938547 0.2936039 0.2933446 0.2930759 0.2927970 0.2925068 0.2922041 0.2918878 0.2915571 0.2912120 0.2908531 0.2904814 0.2900983 0.2897048 0.0000000E+00 0.0000000E+00 0.0000000E+00
0.3007359 0.3006566 0.3005733 0.3004859 0.3003944 0.3002987 0.3001987 0.3000945 0.2999860 0.2998733 0.2997562 0.2996350 0.2995095 0.2993800 0.2992464 0.2991089 0.2989675 0.2988223 0.2986735 0.2985210 0.2983650 0.2982055 0.2980425 0.2978759 0.2977058 0.2975320 0.2973545 0.2971732 0.2969879 0.2967984 0.2966045 0.2964059 0.2962023 0.2959935 0.2957791 0.2955587 0.2953319 0.2950981 0.2948568 0.2946075 0.2943494 0.2940817 0.2938036 0.2935141 0.2932122 0.2928970 0.2925682 0.2922256 0.2918696 0.2915011 0.2911212 0.2907306 0.0000000E+00 0.0000000E+00 0.0000000E+00
0.3016374 0.3015588 0.3014762 0.3013895 0.3012987 0.3012038 0.3011047 0.3010015 0.3008941 0.3007827 0.3006672 0.3005477 0.3004242 0.3002969 0.3001659 0.3000312 0.2998928 0.2997509 0.2996056 0.2994568 0.2993047 0.2991491 0.2989901 0.2988277 0.2986618 0.2984922 0.2983189 0.2981416 0.2979602 0.2977745 0.2975843 0.2973891 0.2971889 0.2969832 0.2967716 0.2965537 0.2963291 0.2960974 0.2958578 0.2956100 0.2953530 0.2950863 0.2948090 0.2945203 0.2942194 0.2939056 0.2935786 0.2932383 0.2928852 0.2925197 0.2921427 0.2917551 0.0000000E+00 0.0000000E+00 0.0000000E+00
0.3025423 0.3024644 0.3023825 0.3022964 0.3022063 0.3021120 0.3020137 0.3019114 0.3018050 0.3016948 0.3015807 0.3014629 0.3013413 0.3012161 0.3010875 0.3009554 0.3008199 0.3006812 0.3005392 0.3003940 0.3002456 0.3000939 0.2999389 0.2997805 0.2996186 0.2994531 0.2992838 0.2991105 0.2989330 0.2987510 0.2985643 0.2983726 0.2981755 0.2979727 0.2977638 0.2975484 0.2973260 0.2970961 0.2968582 0.2966117 0.2963560 0.2960903 0.2958139 0.2955261 0.2952264 0.2949140 0.2945889 0.2942508 0.2939003 0.2935376 0.2931636 0.2927789 0.0000000E+00 0.0000000E+00 0.0000000E+00
0.3034511 0.3033738 0.3032924 0.3032069 0.3031173 0.3030237 0.3029260 0.3028245 0.3027191 0.3026099 0.3024971 0.3023808 0.3022610 0.3021378 0.3020114 0.3018818 0.3017491 0.3016134 0.3014747 0.3013329 0.3011881 0.3010401 0.3008890 0.3007345 0.3005766 0.3004150 0.3002497 0.3000802 0.2999065 0.2997281 0.2995449 0.2993564 0.2991624 0.2989624 0.2987562 0.2985431 0.2983228 0.2980948 0.2978585 0.2976134 0.2973588 0.2970942 0.2968188 0.2965321 0.2962336 0.2959227 0.2955994 0.2952636 0.2949154 0.2945555 0.2941842 0.2938023 0.0000000E+00 0.0000000E+00 0.0000000E+00
0.3043640 0.3042873 0.3042063 0.3041212 0.3040321 0.3039390 0.3038419 0.3037410 0.3036365 0.3035283 0.3034167 0.3033017 0.3031835 0.3030622 0.3029379 0.3028107 0.3026807 0.3025478 0.3024122 0.3022738 0.3021324 0.3019881 0.3018407 0.3016901 0.3015361 0.3013784 0.3012168 0.3010512 0.3008811 0.3007063 0.3005264 0.3003411 0.3001501 0.2999529 0.2997491 0.2995383 0.2993201 0.2990939 0.2988591 0.2986154 0.2983621 0.2980985 0.2978243 0.2975387 0.2972415 0.2969322 0.2966106 0.2962769 0.2959311 0.2955737 0.2952050 0.2948258 0.2944365 0.0000000E+00 0.0000000E+00
0.3052813 0.3052050 0.3051245 0.3050398 0.3049510 0.3048583 0.3047617 0.3046614 0.3045575 0.3044502 0.3043396 0.3042259 0.3041092 0.3039896 0.3038673 0.3037424 0.3036149 0.3034848 0.3033521 0.3032169 0.3030789 0.3029382 0.3027945 0.3026476 0.3024973 0.3023435 0.3021857 0.3020237 0.3018572 0.3016858 0.3015092 0.3013271 0.3011389 0.3009444 0.3007431 0.3005346 0.3003183 0.3000938 0.2998607 0.2996183 0.2993662 0.2991039 0.2988307 0.2985464 0.2982505 0.2979427 0.2976229 0.2972912 0.2969476 0.2965925 0.2962264 0.2958497 0.2954629 0.0000000E+00 0.0000000E+00
0.3062034 0.3061274 0.3060472 0.3059628 0.3058743 0.3057819 0.3056857 0.3055858 0.3054825 0.3053759 0.3052662 0.3051536 0.3050383 0.3049203 0.3047999 0.3046770 0.3045519 0.3044245 0.3042947 0.3041626 0.3040279 0.3038907 0.3037505 0.3036073 0.3034608 0.3033106 0.3031565 0.3029982 0.3028352 0.3026672 0.3024938 0.3023147 0.3021294 0.3019375 0.3017386 0.3015322 0.3013179 0.3010951 0.3008635 0.3006226 0.3003717 0.3001105 0.2998386 0.2995555 0.2992609 0.2989547 0.2986366 0.2983067 0.2979652 0.2976124 0.2972486 0.2968742 0.2964898 0.0000000E+00 0.0000000E+00
0.3071303 0.3070547 0.3069747 0.3068905 0.3068023 0.3067101 0.3066141 0.3065146 0.3064118 0.3063058 0.3061968 0.3060852 0.3059711 0.3058545 0.3057358 0.3056150 0.3054921 0.3053672 0.3052403 0.3051112 0.3049798 0.3048459 0.3047093 0.3045697 0.3044268 0.3042803 0.3041298 0.3039750 0.3038155 0.3036508 0.3034806 0.3033044 0.3031219 0.3029325 0.3027360 0.3025317 0.3023192 0.3020982 0.3018681 0.3016285 0.3013790 0.3011190 0.3008483 0.3005665 0.3002732 0.2999684 0.2996520 0.2993239 0.2989843 0.2986336 0.2982719 0.2978998 0.0000000E+00 0.0000000E+00 0.0000000E+00
0.3080626 0.3079872 0.3079074 0.3078234 0.3077352 0.3076432 0.3075474 0.3074481 0.3073456 0.3072400 0.3071317 0.3070209 0.3069078 0.3067926 0.3066755 0.3065565 0.3064358 0.3063134 0.3061891 0.3060630 0.3059347 0.3058041 0.3056710 0.3055350 0.3053957 0.3052528 0.3051059 0.3049546 0.3047984 0.3046370 0.3044699 0.3042966 0.3041168 0.3039299 0.3037356 0.3035334 0.3033228 0.3031035 0.3028749 0.3026367 0.3023884 0.3021297 0.3018601 0.3015795 0.3012876 0.3009842 0.3006693 0.3003429 0.3000052 0.2996563 0.2992966 0.2989266 0.2985465 0.0000000E+00 0.0000000E+00
0.3090003 0.3089252 0.3088456 0.3087616 0.3086735 0.3085815 0.3084857 0.3083866 0.3082842 0.3081790 0.3080712 0.3079610 0.3078489 0.3077348 0.3076192 0.3075020 0.3073833 0.3072632 0.3071416 0.3070183 0.3068931 0.3067659 0.3066361 0.3065036 0.3063679 0.3062286 0.3060852 0.3059373 0.3057845 0.3056263 0.3054622 0.3052918 0.3051146 0.3049301 0.3047380 0.3045378 0.3043291 0.3041113 0.3038842 0.3036473 0.3034003 0.3031428 0.3028744 0.3025950 0.3023043 0.3020023 0.3016888 0.3013640 0.3010279 0.3006809 0.3003231 0.2999549 0.2995767 0.0000000E+00 0.0000000E+00
