data/rasters/evap/evaporation_20000108.ASC
NCOLS                  300
NROWS                  325
XLLCORNER       0.0000000E+00
YLLCORNER        300000.0
CELLSIZE         1000.000
NODATA_VALUE    0.0000000E+00
[rows 276 to 298 of 325, columns 156 to 207 of 300]
0.0000000E+00 0.0000000E+00 0.0000000E+00 0.0000000E+00 0.0000000E+00 0.0000000E+00 0.0000000E+00 0.0000000E+00 0.0000000E+00 0.0000000E+00 0.0000000E+00 0.0000000E+00 0.0000000E+00 0.0000000E+00 0.0000000E+00 0.0000000E+00 0.0000000E+00 0.0000000E+00 0.0000000E+00 0.0000000E+00 0.0000000E+00 0.0000000E+00 0.0000000E+00 0.0000000E+00 0.1645789 0.1647060 0.1647953 0.1648470 0.1648622 0.1648427 0.1647906 0.1647081 0.1645972 0.1644601 0.1642987 0.1641149 0.1639103 0.1636864 0.1634446 0.1631864 0.1629129 0.1626253 0.1623247 0.1620120 0.1616881 0.1613541 0.1610106 0.1606584 0.1602983 0.1599308 0.1595567 0.1591765
0.0000000E+00 0.0000000E+00 0.0000000E+00 0.0000000E+00 0.0000000E+00 0.0000000E+00 0.0000000E+00 0.0000000E+00 0.0000000E+00 0.0000000E+00 0.0000000E+00 0.0000000E+00 0.0000000E+00 0.0000000E+00 0.0000000E+00 0.0000000E+00 0.0000000E+00 0.0000000E+00 0.0000000E+00 0.0000000E+00 0.0000000E+00 0.0000000E+00 0.0000000E+00 0.0000000E+00 0.0000000E+00 0.1655788 0.1656661 0.1657172 0.1657328 0.1657143 0.1656635 0.1655824 0.1654728 0.1653368 0.1651761 0.1649926 0.1647879 0.1645636 0.1643210 0.1640616 0.1637865 0.1634970 0.1631941 0.1628789 0.1625522 0.1622151 0.1618682 0.1615124 0.1611485 0.1607770 0.1603987 0.1600140
0.0000000E+00 0.0000000E+00 0.0000000E+00 0.0000000E+00 0.0000000E+00 0.0000000E+00 0.0000000E+00 0.0000000E+00 0.0000000E+00 0.0000000E+00 0.0000000E+00 0.0000000E+00 0.0000000E+00 0.0000000E+00 0.0000000E+00 0.0000000E+00 0.0000000E+00 0.0000000E+00 0.0000000E+00 0.0000000E+00 0.0000000E+00 0.0000000E+00 0.0000000E+00 0.0000000E+00 0.1663157 0.1664364 0.1665217 0.1665717 0.1665872 0.1665694 0.1665196 0.1664395 0.1663311 0.1661960 0.1660360 0.1658529 0.1656483 0.1654236 0.1651804 0.1649199 0.1646435 0.1643523 0.1640475 0.1637299 0.1634007 0.1630608 0.1627108 0.1623518 0.1619843 0.1616090 0.1612267 0.1608379
0.0000000E+00 0.0000000E+00 0.0000000E+00 0.0000000E+00 0.0000000E+00 0.0000000E+00 0.0000000E+00 0.0000000E+00 0.0000000E+00 0.0000000E+00 0.0000000E+00 0.0000000E+00 0.0000000E+00 0.0000000E+00 0.0000000E+00 0.0000000E+00 0.0000000E+00 0.0000000E+00 0.0000000E+00 0.0000000E+00 0.0000000E+00 0.0000000E+00 0.0000000E+00 0.0000000E+00 0.1671619 0.1672794 0.1673625 0.1674113 0.1674264 0.1674087 0.1673595 0.1672803 0.1671727 0.1670384 0.1668790 0.1666963 0.1664917 0.1662668 0.1660230 0.1657617 0.1654841 0.1651914 0.1648848 0.1645652 0.1642337 0.1638911 0.1635384 0.1631763 0.1628055 0.1624268 0.1620408 0.0000000E+00
0.0000000E+00 0.0000000E+00 0.0000000E+00 0.0000000E+00 0.0000000E+00 0.0000000E+00 0.0000000E+00 0.0000000E+00 0.0000000E+00 0.0000000E+00 0.0000000E+00 0.0000000E+00 0.0000000E+00 0.0000000E+00 0.0000000E+00 0.0000000E+00 0.0000000E+00 0.0000000E+00 0.0000000E+00 0.0000000E+00 0.0000000E+00 0.0000000E+00 0.0000000E+00 0.0000000E+00 0.1679940 0.1681083 0.1681892 0.1682366 0.1682509 0.1682331 0.1681841 0.1681053 0.1679983 0.1678645 0.1677056 0.1675231 0.1673185 0.1670934 0.1668491 0.1665870 0.1663084 0.1660144 0.1657061 0.1653847 0.1650511 0.1647062 0.1643508 0.1639859 0.1636121 0.0000000E+00 0.0000000E+00 0.0000000E+00
0.0000000E+00 0.0000000E+00 0.0000000E+00 0.0000000E+00 0.0000000E+00 0.0000000E+00 0.0000000E+00 0.0000000E+00 0.0000000E+00 0.0000000E+00 0.0000000E+00 0.0000000E+00 0.0000000E+00 0.0000000E+00 0.0000000E+00 0.0000000E+00 0.0000000E+00 0.0000000E+00 0.0000000E+00 0.0000000E+00 0.0000000E+00 0.0000000E+00 0.0000000E+00 0.1686689 0.1688123 0.1689236 0.1690021 0.1690478 0.1690612 0.1690428 0.1689937 0.1689151 0.1688083 0.1686748 0.1685161 0.1683337 0.1681291 0.1679038 0.1676590 0.1673962 0.1671165 0.1668213 0.1665116 0.1661885 0.1658529 0.1655059 0.1651482 0.1647806 0.1644041 0.0000000E+00 0.0000000E+00 0.0000000E+00
0.0000000E+00 0.0000000E+00 0.0000000E+00 0.0000000E+00 0.0000000E+00 0.0000000E+00 0.0000000E+00 0.0000000E+00 0.0000000E+00 0.0000000E+00 0.0000000E+00 0.0000000E+00 0.0000000E+00 0.0000000E+00 0.0000000E+00 0.0000000E+00 0.0000000E+00 0.0000000E+00 0.0000000E+00 0.0000000E+00 0.0000000E+00 0.0000000E+00 0.0000000E+00 0.1694776 0.1696174 0.1697255 0.1698016 0.1698455 0.1698576 0.1698384 0.1697888 0.1697100 0.1696032 0.1694697 0.1693110 0.1691286 0.1689238 0.1686981 0.1684528 0.1681892 0.1679087 0.1676124 0.1673013 0.1669766 0.1666393 0.1662902 0.1659303 0.1655604 0.0000000E+00 0.0000000E+00 0.0000000E+00 0.0000000E+00
0.0000000E+00 0.0000000E+00 0.0000000E+00 0.0000000E+00 0.0000000E+00 0.0000000E+00 0.0000000E+00 0.0000000E+00 0.0000000E+00 0.0000000E+00 0.0000000E+00 0.0000000E+00 0.0000000E+00 0.0000000E+00 0.0000000E+00 0.0000000E+00 0.0000000E+00 0.0000000E+00 0.0000000E+00 0.0000000E+00 0.0000000E+00 0.0000000E+00 0.1701066 0.1702731 0.1704093 0.1705144 0.1705879 0.1706298 0.1706404 0.1706201 0.1705698 0.1704905 0.1703833 0.1702496 0.1700906 0.1699079 0.1697028 0.1694766 0.1692307 0.1689665 0.1686850 0.1683876 0.1680753 0.1677491 0.1674102 0.1670593 0.0000000E+00 0.0000000E+00 0.0000000E+00 0.0000000E+00 0.0000000E+00 0.0000000E+00
0.0000000E+00 0.0000000E+00 0.0000000E+00 0.0000000E+00 0.0000000E+00 0.0000000E+00 0.0000000E+00 0.0000000E+00 0.0000000E+00 0.0000000E+00 0.0000000E+00 0.0000000E+00 0.0000000E+00 0.0000000E+00 0.0000000E+00 0.0000000E+00 0.0000000E+00 0.0000000E+00 0.0000000E+00 0.0000000E+00 0.0000000E+00 0.0000000E+00 0.1708930 0.1710556 0.1711883 0.1712903 0.1713613 0.1714011 0.1714099 0.1713883 0.1713369 0.1712567 0.1711489 0.1710146 0.1708551 0.1706719 0.1704663 0.1702395 0.1699930 0.1697280 0.1694456 0.1691471 0.1688336 0.1685061 0.1681656 0.0000000E+00 0.0000000E+00 0.0000000E+00 0.0000000E+00 0.0000000E+00 0.0000000E+00 0.0000000E+00
0.0000000E+00 0.0000000E+00 0.0000000E+00 0.0000000E+00 0.0000000E+00 0.0000000E+00 0.0000000E+00 0.0000000E+00 0.0000000E+00 0.0000000E+00 0.0000000E+00 0.0000000E+00 0.0000000E+00 0.0000000E+00 0.0000000E+00 0.0000000E+00 0.0000000E+00 0.0000000E+00 0.0000000E+00 0.0000000E+00 0.0000000E+00 0.0000000E+00 0.1716662 0.1718251 0.1719545 0.1720535 0.1721218 0.1721594 0.1721662 0.1721430 0.1720902 0.1720089 0.1719001 0.1717649 0.1716048 0.1714208 0.1712145 0.1709870 0.1707397 0.1704738 0.1701906 0.1698911 0.1695764 0.1692476 0.0000000E+00 0.0000000E+00 0.0000000E+00 0.0000000E+00 0.0000000E+00 0.0000000E+00 0.0000000E+00 0.0000000E+00
0.0000000E+00 0.0000000E+00 0.0000000E+00 0.0000000E+00 0.0000000E+00 0.0000000E+00 0.0000000E+00 0.0000000E+00 0.0000000E+00 0.0000000E+00 0.0000000E+00 0.0000000E+00 0.0000000E+00 0.0000000E+00 0.0000000E+00 0.0000000E+00 0.0000000E+00 0.0000000E+00 0.0000000E+00 0.0000000E+00 0.0000000E+00 0.1722429 0.1724265 0.1725818 0.1727079 0.1728040 0.1728696 0.1729047 0.1729095 0.1728843 0.1728299 0.1727471 0.1726370 0.1725008 0.1723396 0.1721547 0.1719475 0.1717192 0.1714710 0.1712042 0.1709200 0.1706195 0.1703037 0.1699737 0.0000000E+00 0.0000000E+00 0.0000000E+00 0.0000000E+00 0.0000000E+00 0.0000000E+00 0.0000000E+00 0.0000000E+00
0.0000000E+00 0.0000000E+00 0.0000000E+00 0.0000000E+00 0.0000000E+00 0.0000000E+00 0.0000000E+00 0.0000000E+00 0.0000000E+00 0.0000000E+00 0.0000000E+00 0.0000000E+00 0.0000000E+00 0.0000000E+00 0.0000000E+00 0.0000000E+00 0.0000000E+00 0.0000000E+00 0.0000000E+00 0.0000000E+00 0.0000000E+00 0.0000000E+00 0.1731737 0.1733257 0.1734486 0.1735417 0.1736046 0.1736372 0.1736396 0.1736123 0.1735560 0.1734715 0.1733598 0.1732222 0.1730597 0.1728737 0.1726654 0.1724361 0.1721869 0.1719192 0.1716339 0.1713324 0.1710155 0.0000000E+00 0.0000000E+00 0.0000000E+00 0.0000000E+00 0.0000000E+00 0.0000000E+00 0.0000000E+00 0.0000000E+00 0.0000000E+00
0.0000000E+00 0.0000000E+00 0.0000000E+00 0.0000000E+00 0.0000000E+00 0.0000000E+00 0.0000000E+00 0.0000000E+00 0.0000000E+00 0.0000000E+00 0.0000000E+00 0.0000000E+00 0.0000000E+00 0.0000000E+00 0.0000000E+00 0.0000000E+00 0.0000000E+00 0.0000000E+00 0.0000000E+00 0.0000000E+00 0.0000000E+00 0.0000000E+00 0.1739079 0.1740566 0.1741765 0.1742667 0.1743268 0.1743567 0.1743567 0.1743270 0.1742685 0.1741819 0.1740684 0.1739291 0.1737651 0.1735777 0.1733682 0.1731377 0.1728875 0.1726187 0.1723325 0.1720299 0.1717120 0.1713798 0.1710342 0.1706760 0.0000000E+00 0.0000000E+00 0.0000000E+00 0.0000000E+00 0.0000000E+00 0.0000000E+00
0.0000000E+00 0.0000000E+00 0.0000000E+00 0.0000000E+00 0.0000000E+00 0.0000000E+00 0.0000000E+00 0.0000000E+00 0.0000000E+00 0.0000000E+00 0.0000000E+00 0.0000000E+00 0.0000000E+00 0.0000000E+00 0.0000000E+00 0.0000000E+00 0.0000000E+00 0.0000000E+00 0.0000000E+00 0.0000000E+00 0.0000000E+00 0.0000000E+00 0.1746289 0.1747746 0.1748915 0.1749788 0.1750361 0.1750633 0.1750605 0.1750282 0.1749672 0.1748784 0.1747628 0.1746215 0.1744558 0.1742668 0.1740559 0.1738241 0.1735727 0.1733028 0.1730156 0.1727120 0.1723931 0.1720598 0.1717131 0.1713539 0.1709829 0.0000000E+00 0.0000000E+00 0.0000000E+00 0.0000000E+00 0.0000000E+00
0.0000000E+00 0.0000000E+00 0.0000000E+00 0.0000000E+00 0.0000000E+00 0.0000000E+00 0.0000000E+00 0.0000000E+00 0.0000000E+00 0.0000000E+00 0.0000000E+00 0.0000000E+00 0.0000000E+00 0.0000000E+00 0.0000000E+00 0.0000000E+00 0.0000000E+00 0.0000000E+00 0.0000000E+00 0.0000000E+00 0.0000000E+00 0.1751661 0.1753366 0.1754794 0.1755934 0.1756779 0.1757323 0.1757566 0.1757509 0.1757158 0.1756521 0.1755607 0.1754427 0.1752992 0.1751316 0.1749409 0.1747284 0.1744952 0.1742426 0.1739716 0.1736833 0.1733787 0.1730588 0.1727246 0.1723769 0.1720167 0.1716446 0.1712614 0.0000000E+00 0.0000000E+00 0.0000000E+00 0.0000000E+00
0.0000000E+00 0.0000000E+00 0.0000000E+00 0.0000000E+00 0.0000000E+00 0.0000000E+00 0.0000000E+00 0.0000000E+00 0.0000000E+00 0.0000000E+00 0.0000000E+00 0.0000000E+00 0.0000000E+00 0.0000000E+00 0.0000000E+00 0.0000000E+00 0.0000000E+00 0.0000000E+00 0.0000000E+00 0.0000000E+00 0.1756689 0.1758628 0.1760306 0.1761708 0.1762821 0.1763638 0.1764153 0.1764365 0.1764277 0.1763895 0.1763228 0.1762286 0.1761079 0.1759621 0.1757923 0.1755998 0.1753856 0.1751510 0.1748971 0.1746249 0.1743356 0.1740300 0.1737093 0.1733741 0.1730256 0.1726644 0.1722913 0.1719072 0.0000000E+00 0.0000000E+00 0.0000000E+00 0.0000000E+00
0.0000000E+00 0.0000000E+00 0.0000000E+00 0.0000000E+00 0.0000000E+00 0.0000000E+00 0.0000000E+00 0.0000000E+00 0.0000000E+00 0.0000000E+00 0.0000000E+00 0.0000000E+00 0.0000000E+00 0.0000000E+00 0.0000000E+00 0.0000000E+00 0.0000000E+00 0.0000000E+00 0.0000000E+00 0.1761383 0.1763541 0.1765455 0.1767107 0.1768484 0.1769572 0.1770361 0.1770847 0.1771027 0.1770906 0.1770491 0.1769791 0.1768818 0.1767583 0.1766100 0.1764379 0.1762433 0.1760274 0.1757913 0.1755361 0.1752628 0.1749725 0.1746660 0.1743443 0.1740084 0.1736591 0.1732970 0.1729231 0.1725381 0.0000000E+00 0.0000000E+00 0.0000000E+00 0.0000000E+00
0.0000000E+00 0.0000000E+00 0.0000000E+00 0.0000000E+00 0.0000000E+00 0.0000000E+00 0.0000000E+00 0.0000000E+00 0.0000000E+00 0.0000000E+00 0.0000000E+00 0.0000000E+00 0.0000000E+00 0.0000000E+00 0.0000000E+00 0.0000000E+00 0.0000000E+00 0.0000000E+00 0.0000000E+00 0.1768114 0.1770246 0.1772135 0.1773765 0.1775119 0.1776183 0.1776946 0.1777401 0.1777548 0.1777392 0.1776941 0.1776206 0.1775200 0.1773935 0.1772424 0.1770680 0.1768714 0.1766537 0.1764161 0.1761596 0.1758852 0.1755939 0.1752865 0.1749641 0.1746275 0.1742774 0.1739147 0.1735401 0.1731544 0.0000000E+00 0.0000000E+00 0.0000000E+00 0.0000000E+00
0.0000000E+00 0.0000000E+00 0.0000000E+00 0.0000000E+00 0.0000000E+00 0.0000000E+00 0.0000000E+00 0.0000000E+00 0.0000000E+00 0.0000000E+00 0.0000000E+00 0.0000000E+00 0.0000000E+00 0.0000000E+00 0.0000000E+00 0.0000000E+00 0.0000000E+00 0.0000000E+00 0.0000000E+00 0.1774692 0.1776798 0.1778665 0.1780274 0.1781608 0.1782650 0.1783387 0.1783812 0.1783924 0.1783730 0.1783240 0.1782468 0.1781427 0.1780131 0.1778592 0.1776824 0.1774837 0.1772643 0.1770252 0.1767675 0.1764920 0.1761998 0.1758917 0.1755686 0.1752314 0.1748808 0.1745175 0.1741423 0.1737560 0.0000000E+00 0.0000000E+00 0.0000000E+00 0.0000000E+00
0.0000000E+00 0.0000000E+00 0.0000000E+00 0.0000000E+00 0.0000000E+00 0.0000000E+00 0.0000000E+00 0.0000000E+00 0.0000000E+00 0.0000000E+00 0.0000000E+00 0.0000000E+00 0.0000000E+00 0.0000000E+00 0.0000000E+00 0.0000000E+00 0.0000000E+00 0.0000000E+00 0.0000000E+00 0.1781111 0.1783192 0.1785037 0.1786628 0.1787944 0.1788967 0.1789680 0.1790073 0.1790148 0.1789913 0.1789382 0.1788570 0.1787494 0.1786166 0.1784600 0.1782808 0.1780801 0.1778590 0.1776185 0.1773596 0.1770832 0.1767902 0.1764815 0.1761579 0.1758201 0.1754691 0.1751054 0.1747298 0.1743430 0.1739456 0.1735382 0.1731214 0.0000000E+00
0.0000000E+00 0.0000000E+00 0.0000000E+00 0.0000000E+00 0.0000000E+00 0.0000000E+00 0.0000000E+00 0.0000000E+00 0.0000000E+00 0.0000000E+00 0.0000000E+00 0.0000000E+00 0.0000000E+00 0.0000000E+00 0.0000000E+00 0.0000000E+00 0.0000000E+00 0.0000000E+00 0.0000000E+00 0.1787365 0.1789421 0.1791245 0.1792819 0.1794120 0.1795126 0.1795816 0.1796177 0.1796212 0.1795933 0.1795359 0.1794507 0.1793394 0.1792035 0.1790443 0.1788628 0.1786602 0.1784376 0.1781959 0.1779360 0.1776588 0.1773651 0.1770559 0.1767319 0.1763938 0.1760424 0.1756785 0.1753026 0.1749155 0.1745177 0.1741099 0.1736927 0.1732665
0.0000000E+00 0.0000000E+00 0.0000000E+00 0.0000000E+00 0.0000000E+00 0.0000000E+00 0.0000000E+00 0.0000000E+00 0.0000000E+00 0.0000000E+00 0.0000000E+00 0.0000000E+00 0.0000000E+00 0.0000000E+00 0.0000000E+00 0.0000000E+00 0.0000000E+00 0.0000000E+00 0.0000000E+00 0.1793450 0.1795479 0.1797281 0.1798837 0.1800125 0.1801118 0.1801787 0.1802116 0.1802106 0.1801781 0.1801162 0.1800270 0.1799123 0.1797735 0.1796118 0.1794283 0.1792240 0.1790000 0.1787572 0.1784965 0.1782186 0.1779245 0.1776149 0.1772906 0.1769524 0.1766009 0.1762368 0.1758608 0.1754735 0.1750756 0.1746676 0.1742501 0.1738235
0.0000000E+00 0.0000000E+00 0.0000000E+00 0.0000000E+00 0.0000000E+00 0.0000000E+00 0.0000000E+00 0.0000000E+00 0.0000000E+00 0.0000000E+00 0.0000000E+00 0.0000000E+00 0.0000000E+00 0.0000000E+00 0.0000000E+00 0.0000000E+00 0.0000000E+00 0.0000000E+00 0.1797159 0.1799361 0.1801358 0.1803135 0.1804672 0.1805946 0.1806928 0.1807581 0.1807874 0.1807817 0.1807443 0.1806781 0.1805853 0.1804675 0.1803260 0.1801621 0.1799769 0.1797713 0.1795462 0.1793025 0.1790412 0.1787629 0.1784685 0.1781587 0.1778343 0.1774960 0.1771445 0.1767805 0.1764045 0.1760172 0.1756193 0.1752112 0.1747936 0.1743668
