data/rasters/evap/evaporation_20000101.ASC
NCOLS                  300
NROWS                  325
XLLCORNER       0.0000000E+00
YLLCORNER        300000.0
CELLSIZE         1000.000
NODATA_VALUE    0.0000000E+00
[rows 192 to 215 of 325, columns 165 to 219 of 300]
9.9543415E-02 9.9625930E-02 9.9703282E-02 9.9774607E-02 9.9839106E-02 9.9896066E-02 9.9944852E-02 9.9984922E-02 0.1000158 0.1000371 0.1000485 0.1000499 0.1000409 0.1000217 9.9992067E-02 9.9952176E-02 9.9902086E-02 9.9841967E-02 9.9771991E-02 9.9692382E-02 9.9603362E-02 9.9505171E-02 9.9398047E-02 9.9282190E-02 9.9157825E-02 9.9025115E-02 9.8884203E-02 9.8735213E-02 9.8578230E-02 9.8413303E-02 9.8240480E-02 9.8059766E-02 9.7871147E-02 9.7674631E-02 9.7470172E-02 9.7257756E-02 9.7037360E-02 9.6808955E-02 9.6572533E-02 9.6328080E-02 9.6075594E-02 9.5815085E-02 9.5546558E-02 9.5270045E-02 9.4985574E-02 9.4693184E-02 9.4392911E-02 9.4084814E-02 9.3768932E-02 9.3445331E-02 9.3114063E-02 9.2775188E-02 9.2428751E-02 9.2074811E-02 9.1713428E-02
9.8822378E-02 9.8909192E-02 9.8991200E-02 9.9067539E-02 9.9137411E-02 9.9200092E-02 9.9254943E-02 9.9301405E-02 9.9338986E-02 9.9367283E-02 9.9385977E-02 9.9394813E-02 9.9393614E-02 9.9382274E-02 9.9360757E-02 9.9329077E-02 9.9287309E-02 9.9235572E-02 9.9174008E-02 9.9102803E-02 9.9022150E-02 9.8932259E-02 9.8833323E-02 9.8725550E-02 9.8609112E-02 9.8484173E-02 9.8350860E-02 9.8209284E-02 9.8059528E-02 9.7901650E-02 9.7735681E-02 9.7561635E-02 9.7379513E-02 9.7189307E-02 9.6991003E-02 9.6784562E-02 9.6569970E-02 9.6347205E-02 9.6116252E-02 9.5877089E-02 9.5629714E-02 9.5374130E-02 9.5110349E-02 9.4838381E-02 9.4558254E-02 9.4269998E-02 9.3973644E-02 9.3669251E-02 9.3356848E-02 9.3036495E-02 9.2708237E-02 9.2372134E-02 9.2028245E-02 9.1676608E-02 9.1317289E-02
9.8140098E-02 9.8231040E-02 9.8317504E-02 9.8398618E-02 9.8473601E-02 9.8541714E-02 9.8602310E-02 9.8654807E-02 9.8698713E-02 9.8733604E-02 9.8759130E-02 9.8775022E-02 9.8781072E-02 9.8777153E-02 9.8763198E-02 9.8739199E-02 9.8705187E-02 9.8661259E-02 9.8607525E-02 9.8544151E-02 9.8471284E-02 9.8389119E-02 9.8297819E-02 9.8197572E-02 9.8088525E-02 9.7970821E-02 9.7844593E-02 9.7709939E-02 9.7566925E-02 9.7415619E-02 9.7256042E-02 9.7088218E-02 9.6912146E-02 9.6727826E-02 9.6535221E-02 9.6334331E-02 9.6125111E-02 9.5907554E-02 9.5681638E-02 9.5447332E-02 9.5204644E-02 9.4953567E-02 9.4694093E-02 9.4426244E-02 9.4150044E-02 9.3865499E-02 9.3572661E-02 9.3271554E-02 9.2962220E-02 9.2644714E-02 9.2319079E-02 9.1985375E-02 9.1643639E-02 9.1293938E-02 9.0936318E-02
9.7495474E-02 9.7590365E-02 9.7681083E-02 9.7766757E-02 9.7846597E-02 9.7919866E-02 9.7985893E-02 9.8044105E-02 9.8093979E-02 9.8135069E-02 9.8167017E-02 9.8189525E-02 9.8202363E-02 9.8205380E-02 9.8198488E-02 9.8181635E-02 9.8154843E-02 9.8118179E-02 9.8071724E-02 9.8015614E-02 9.7949982E-02 9.7874984E-02 9.7790778E-02 9.7697511E-02 9.7595334E-02 9.7484365E-02 9.7364724E-02 9.7236499E-02 9.7099759E-02 9.6954562E-02 9.6800938E-02 9.6638896E-02 9.6468441E-02 9.6289568E-02 9.6102260E-02 9.5906489E-02 9.5702231E-02 9.5489465E-02 9.5268168E-02 9.5038317E-02 9.4799906E-02 9.4552912E-02 9.4297349E-02 9.4033219E-02 9.3760528E-02 9.3479306E-02 9.3189567E-02 9.2891358E-02 9.2584707E-02 9.2269659E-02 9.1946267E-02 9.1614582E-02 9.1274641E-02 9.0926513E-02 9.0570249E-02
9.6887372E-02 9.6986055E-02 9.7080842E-02 9.7170867E-02 9.7255327E-02 9.7333483E-02 9.7404666E-02 9.7468264E-02 9.7523764E-02 9.7570688E-02 9.7608663E-02 9.7637363E-02 9.7656541E-02 9.7666033E-02 9.7665697E-02 9.7655497E-02 9.7635411E-02 9.7605474E-02 9.7565770E-02 9.7516388E-02 9.7457446E-02 9.7389080E-02 9.7311437E-02 9.7224638E-02 9.7128816E-02 9.7024083E-02 9.6910544E-02 9.6788287E-02 9.6657366E-02 9.6517839E-02 9.6369721E-02 9.6213035E-02 9.6047781E-02 9.5873952E-02 9.5691524E-02 9.5500469E-02 9.5300771E-02 9.5092401E-02 9.4875328E-02 9.4649538E-02 9.4415002E-02 9.4171710E-02 9.3919657E-02 9.3658850E-02 9.3389288E-02 9.3110986E-02 9.2823975E-02 9.2528284E-02 9.2223935E-02 9.1910981E-02 9.1589466E-02 9.1259435E-02 9.0920940E-02 9.0574034E-02 9.0218775E-02
9.6314684E-02 9.6417002E-02 9.6515678E-02 9.6609846E-02 9.6698709E-02 9.6781507E-02 9.6857563E-02 9.6926257E-02 9.6987046E-02 9.7039454E-02 9.7083069E-02 9.7117558E-02 9.7142659E-02 9.7158164E-02 9.7163931E-02 9.7159885E-02 9.7146004E-02 9.7122297E-02 9.7088806E-02 9.7045630E-02 9.6992865E-02 9.6930623E-02 9.6859023E-02 9.6778184E-02 9.6688233E-02 9.6589260E-02 9.6481360E-02 9.6364610E-02 9.6239068E-02 9.6104771E-02 9.5961742E-02 9.5810004E-02 9.5649548E-02 9.5480360E-02 9.5302418E-02 9.5115699E-02 9.4920181E-02 9.4715819E-02 9.4502591E-02 9.4280474E-02 9.4049431E-02 9.3809463E-02 9.3560554E-02 9.3302689E-02 9.3035884E-02 9.2760146E-02 9.2475489E-02 9.2181943E-02 9.1879539E-02 9.1568321E-02 9.1248319E-02 9.0919599E-02 9.0582199E-02 9.0236180E-02 8.9881606E-02
9.5776282E-02 9.5882088E-02 9.5984496E-02 9.6082620E-02 9.6175663E-02 9.6262865E-02 9.6343532E-02 9.6417040E-02 9.6482813E-02 9.6540362E-02 9.6589260E-02 9.6629150E-02 9.6659750E-02 9.6680842E-02 9.6692257E-02 9.6693903E-02 9.6685737E-02 9.6667759E-02 9.6639998E-02 9.6602522E-02 9.6555427E-02 9.6498802E-02 9.6432753E-02 9.6357405E-02 9.6272841E-02 9.6179165E-02 9.6076451E-02 9.5964774E-02 9.5844172E-02 9.5714696E-02 9.5576361E-02 9.5429167E-02 9.5273115E-02 9.5108189E-02 9.4934359E-02 9.4751604E-02 9.4559886E-02 9.4359167E-02 9.4149418E-02 9.3930610E-02 9.3702711E-02 9.3465701E-02 9.3219563E-02 9.2964292E-02 9.2699885E-02 9.2426345E-02 9.2143692E-02 9.1851942E-02 9.1551133E-02 9.1241300E-02 9.0922475E-02 9.0594724E-02 9.0258092E-02 8.9912631E-02 8.9558415E-02
9.5271051E-02 9.5380217E-02 9.5486186E-02 9.5588095E-02 9.5685124E-02 9.5776506E-02 9.5861539E-02 9.5939577E-02 9.6010037E-02 9.6072406E-02 9.6126236E-02 9.6171163E-02 9.6206874E-02 9.6233122E-02 9.6249752E-02 9.6256636E-02 9.6253723E-02 9.6240990E-02 9.6218474E-02 9.6186221E-02 9.6144304E-02 9.6092813E-02 9.6031852E-02 9.5961511E-02 9.5881887E-02 9.5793061E-02 9.5695101E-02 9.5588066E-02 9.5472008E-02 9.5346950E-02 9.5212907E-02 9.5069878E-02 9.4917856E-02 9.4756819E-02 9.4586737E-02 9.4407588E-02 9.4219312E-02 9.4021894E-02 9.3815275E-02 9.3599431E-02 9.3374327E-02 9.3139932E-02 9.2896223E-02 9.2643201E-02 9.2380844E-02 9.2109166E-02 9.1828167E-02 9.1537885E-02 9.1238327E-02 9.0929545E-02 9.0611570E-02 9.0284459E-02 8.9948267E-02 8.9603059E-02 8.9248881E-02
9.4797887E-02 9.4910279E-02 9.5019668E-02 9.5125183E-02 9.5225997E-02 9.5321350E-02 9.5410511E-02 9.5492825E-02 9.5567688E-02 9.5634572E-02 9.5693015E-02 9.5742613E-02 9.5783055E-02 9.5814072E-02 9.5835485E-02 9.5847175E-02 9.5849060E-02 9.5841117E-02 9.5823377E-02 9.5795870E-02 9.5758669E-02 9.5711857E-02 9.5655516E-02 9.5589742E-02 9.5514610E-02 9.5430195E-02 9.5336571E-02 9.5233783E-02 9.5121861E-02 9.5000833E-02 9.4870709E-02 9.4731480E-02 9.4583131E-02 9.4425634E-02 9.4258957E-02 9.4083063E-02 9.3897901E-02 9.3703434E-02 9.3499616E-02 9.3286403E-02 9.3063757E-02 9.2831649E-02 9.2590049E-02 9.2338942E-02 9.2078313E-02 9.1808163E-02 9.1528505E-02 9.1239348E-02 9.0940729E-02 9.0632670E-02 9.0315230E-02 8.9988448E-02 8.9652389E-02 8.9307107E-02 8.8952683E-02
9.4355680E-02 9.4471164E-02 9.4583824E-02 9.4692782E-02 9.4797216E-02 9.4896331E-02 9.4989404E-02 9.5075749E-02 9.5154755E-02 9.5225863E-02 9.5288597E-02 9.5342532E-02 9.5387332E-02 9.5422730E-02 9.5448531E-02 9.5464595E-02 9.5470838E-02 9.5467247E-02 9.5453829E-02 9.5430613E-02 9.5397681E-02 9.5355093E-02 9.5302932E-02 9.5241286E-02 9.5170230E-02 9.5089830E-02 9.5000133E-02 9.4901197E-02 9.4793037E-02 9.4675675E-02 9.4549105E-02 9.4413325E-02 9.4268307E-02 9.4114013E-02 9.3950406E-02 9.3777440E-02 9.3595073E-02 9.3403243E-02 9.3201898E-02 9.2991002E-02 9.2770502E-02 9.2540361E-02 9.2300549E-02 9.2051044E-02 9.1791824E-02 9.1522895E-02 9.1244258E-02 9.0955921E-02 9.0657920E-02 9.0350293E-02 9.0033069E-02 8.9706309E-02 8.9370079E-02 8.9024439E-02 8.8669457E-02
9.3943313E-02 9.4061777E-02 9.4177566E-02 9.4289817E-02 9.4397686E-02 9.4500378E-02 9.4597153E-02 9.4687305E-02 9.4770193E-02 9.4845258E-02 9.4911978E-02 9.4969928E-02 9.5018744E-02 9.5058151E-02 9.5087938E-02 9.5107965E-02 9.5118158E-02 9.5118478E-02 9.5108941E-02 9.5089592E-02 9.5060483E-02 9.5021687E-02 9.4973288E-02 9.4915360E-02 9.4847970E-02 9.4771184E-02 9.4685040E-02 9.4589576E-02 9.4484821E-02 9.4370767E-02 9.4247416E-02 9.4114751E-02 9.3972728E-02 9.3821317E-02 9.3660466E-02 9.3490124E-02 9.3310237E-02 9.3120739E-02 9.2921570E-02 9.2712685E-02 9.2494033E-02 9.2265561E-02 9.2027240E-02 9.1779031E-02 9.1520928E-02 9.1252916E-02 9.0974994E-02 9.0687186E-02 9.0389505E-02 9.0081997E-02 8.9764699E-02 8.9437671E-02 0.0000000E+00 0.0000000E+00 0.0000000E+00
9.3559697E-02 9.3681008E-02 9.3799800E-02 9.3915187E-02 9.4026327E-02 9.4132423E-02 9.4232693E-02 9.4326437E-02 9.4412982E-02 9.4491735E-02 9.4562165E-02 9.4623819E-02 9.4676316E-02 9.4719373E-02 9.4752766E-02 9.4776370E-02 9.4790086E-02 9.4793901E-02 9.4787829E-02 9.4771907E-02 9.4746210E-02 9.4710797E-02 9.4665751E-02 9.4611146E-02 9.4547041E-02 9.4473489E-02 9.4390526E-02 9.4298191E-02 9.4196491E-02 9.4085418E-02 9.3964957E-02 9.3835078E-02 9.3695752E-02 9.3546920E-02 9.3388528E-02 9.3220510E-02 9.3042806E-02 9.2855357E-02 9.2658080E-02 9.2450924E-02 9.2233822E-02 9.2006736E-02 9.1769613E-02 9.1522425E-02 9.1265149E-02 9.0997763E-02 9.0720274E-02 9.0432696E-02 9.0135053E-02 8.9827374E-02 8.9509718E-02 0.0000000E+00 0.0000000E+00 0.0000000E+00 0.0000000E+00
9.3203716E-02 9.3327761E-02 9.3449414E-02 9.3567804E-02 9.3682058E-02 9.3791381E-02 9.3894973E-02 9.3992099E-02 9.4082072E-02 9.4164275E-02 9.4238147E-02 9.4303206E-02 9.4359063E-02 9.4405428E-02 9.4442062E-02 9.4468847E-02 9.4485700E-02 9.4492599E-02 9.4489582E-02 9.4476685E-02 9.4453990E-02 9.4421566E-02 9.4379485E-02 9.4327822E-02 9.4266631E-02 9.4195955E-02 9.4115838E-02 9.4026290E-02 9.3927316E-02 9.3818903E-02 9.3701027E-02 9.3573652E-02 9.3436718E-02 9.3290173E-02 9.3133956E-02 9.2967987E-02 9.2792198E-02 9.2606515E-02 9.2410855E-02 9.2205159E-02 9.1989346E-02 9.1763377E-02 9.1527186E-02 9.1280736E-02 9.1024011E-02 9.0756983E-02 9.0479650E-02 9.0192027E-02 8.9894146E-02 0.0000000E+00 0.0000000E+00 0.0000000E+00 0.0000000E+00 0.0000000E+00 0.0000000E+00
9.2874274E-02 9.3000934E-02 9.3125321E-02 9.3246557E-02 9.3363784E-02 9.3476169E-02 9.3582898E-02 9.3683228E-02 9.3776427E-02 9.3861848E-02 9.3938902E-02 9.4007090E-02 9.4066009E-02 9.4115339E-02 9.4154865E-02 9.4184451E-02 9.4204046E-02 9.4213642E-02 9.4213277E-02 9.4203018E-02 9.4182938E-02 9.4153121E-02 9.4113633E-02 9.4064556E-02 9.4005935E-02 9.3937807E-02 9.3860202E-02 9.3773127E-02 9.3676582E-02 9.3570530E-02 9.3454942E-02 9.3329780E-02 9.3194969E-02 9.3050443E-02 9.2896126E-02 9.2731945E-02 9.2557810E-02 9.2373639E-02 9.2179343E-02 9.1974847E-02 9.1760069E-02 9.1534950E-02 9.1299437E-02 9.1053478E-02 9.0797037E-02 9.0530105E-02 9.0252668E-02 8.9964740E-02 0.0000000E+00 0.0000000E+00 0.0000000E+00 0.0000000E+00 0.0000000E+00 0.0000000E+00 0.0000000E+00
9.2570275E-02 9.2699423E-02 9.2826419E-02 9.2950366E-02 9.3070410E-02 9.3185693E-02 9.3295410E-02 9.3398750E-02 9.3494982E-02 9.3583412E-02 9.3663424E-02 9.3734473E-02 9.3796149E-02 9.3848124E-02 9.3890183E-02 9.3922213E-02 9.3944170E-02 9.3956068E-02 9.3957983E-02 9.3949981E-02 9.3932152E-02 9.3904577E-02 9.3867347E-02 9.3820512E-02 9.3764134E-02 9.3698233E-02 9.3622841E-02 9.3537942E-02 9.3443528E-02 9.3339562E-02 9.3226001E-02 9.3102783E-02 9.2969827E-02 9.2827074E-02 9.2674419E-02 9.2511773E-02 9.2339046E-02 9.2156142E-02 9.1962971E-02 9.1759436E-02 9.1545448E-02 9.1320947E-02 9.1085866E-02 9.0840146E-02 9.0583749E-02 9.0316653E-02 0.0000000E+00 0.0000000E+00 0.0000000E+00 0.0000000E+00 0.0000000E+00 0.0000000E+00 0.0000000E+00 0.0000000E+00 0.0000000E+00
9.2290632E-02 9.2422143E-02 9.2551596E-02 9.2678122E-02 9.2800826E-02 9.2918873E-02 9.3031399E-02 9.3137600E-02 9.3236685E-02 9.3327925E-02 9.3410663E-02 9.3484335E-02 9.3548477E-02 9.3602784E-02 9.3647033E-02 9.3681142E-02 9.3705095E-02 9.3718939E-02 9.3722753E-02 9.3716651E-02 9.3700714E-02 9.3675055E-02 9.3639746E-02 9.3594849E-02 9.3540408E-02 9.3476444E-02 9.3402974E-02 9.3319975E-02 9.3227431E-02 9.3125291E-02 9.3013495E-02 9.2891976E-02 9.2760645E-02 9.2619412E-02 9.2468180E-02 9.2306852E-02 9.2135303E-02 9.1953449E-02 9.1761164E-02 9.1558360E-02 9.1344945E-02 9.1120832E-02 9.0885945E-02 9.0640232E-02 9.0383649E-02 0.0000000E+00 0.0000000E+00 0.0000000E+00 0.0000000E+00 0.0000000E+00 0.0000000E+00 0.0000000E+00 0.0000000E+00 0.0000000E+00 0.0000000E+00
9.2034258E-02 9.2167988E-02 9.2299767E-02 9.2428707E-02 9.2553936E-02 9.2674576E-02 9.2789777E-02 9.2898667E-02 9.3000442E-02 9.3094319E-02 9.3179584E-02 9.3255632E-02 9.3321986E-02 9.3378305E-02 9.3424417E-02 9.3460254E-02 9.3485832E-02 9.3501255E-02 9.3506627E-02 9.3502074E-02 9.3487710E-02 9.3463644E-02 9.3429960E-02 9.3386702E-02 9.3333915E-02 9.3271621E-02 9.3199812E-02 9.3118466E-02 9.3027540E-02 9.2926987E-02 9.2816718E-02 9.2696667E-02 9.2566736E-02 9.2426814E-02 9.2276789E-02 9.2116550E-02 9.1945976E-02 9.1764949E-02 9.1573350E-02 9.1371074E-02 9.1158010E-02 9.0934075E-02 9.0699174E-02 9.0453252E-02 0.0000000E+00 0.0000000E+00 0.0000000E+00 0.0000000E+00 0.0000000E+00 0.0000000E+00 0.0000000E+00 0.0000000E+00 0.0000000E+00 0.0000000E+00 0.0000000E+00
9.1800064E-02 9.1935873E-02 9.2069820E-02 9.2201032E-02 9.2328615E-02 9.2451707E-02 9.2569411E-02 9.2680849E-02 9.2785165E-02 9.2881508E-02 9.2969120E-02 9.3047328E-02 9.3115620E-02 9.3173668E-02 9.3221299E-02 9.3258508E-02 9.3285367E-02 9.3302011E-02 9.3308605E-02 9.3305290E-02 9.3292199E-02 9.3269445E-02 9.3237095E-02 9.3195215E-02 9.3143836E-02 9.3082957E-02 9.3012571E-02 9.2932642E-02 9.2843108E-02 9.2743911E-02 9.2634968E-02 9.2516176E-02 9.2387430E-02 9.2248611E-02 9.2099592E-02 9.1940254E-02 9.1770455E-02 9.1590062E-02 9.1398954E-02 9.1197006E-02 9.0984099E-02 9.0760134E-02 9.0525016E-02 9.0278670E-02 0.0000000E+00 0.0000000E+00 0.0000000E+00 0.0000000E+00 0.0000000E+00 0.0000000E+00 0.0000000E+00 0.0000000E+00 0.0000000E+00 0.0000000E+00 0.0000000E+00
9.1586985E-02 9.1724709E-02 9.1860659E-02 9.1993965E-02 9.2123739E-02 9.2249110E-02 9.2369169E-02 9.2483014E-02 9.2589721E-02 9.2688397E-02 9.2778184E-02 9.2858352E-02 9.2928335E-02 9.2987806E-02 9.3036629E-02 9.3074858E-02 9.3102649E-02 9.3120202E-02 9.3127698E-02 9.3125328E-02 9.3113236E-02 9.3091525E-02 9.3060270E-02 9.3019530E-02 9.2969321E-02 9.2909642E-02 9.2840463E-02 9.2761733E-02 9.2673391E-02 9.2575356E-02 9.2467532E-02 9.2349805E-02 9.2222050E-02 9.2084147E-02 9.1935955E-02 9.1777325E-02 9.1608122E-02 9.1428190E-02 9.1237389E-02 9.1035590E-02 9.0822652E-02 9.0598471E-02 9.0362951E-02 9.0115994E-02 0.0000000E+00 0.0000000E+00 0.0000000E+00 0.0000000E+00 0.0000000E+00 0.0000000E+00 0.0000000E+00 0.0000000E+00 0.0000000E+00 0.0000000E+00 0.0000000E+00
9.1393948E-02 9.1533422E-02 9.1671199E-02 9.1806404E-02 9.1938190E-02 9.2065655E-02 9.2187904E-02 9.2303991E-02 9.2412956E-02 9.2513829E-02 9.2605650E-02 9.2687599E-02 9.2759043E-02 9.2819631E-02 9.2869312E-02 9.2908219E-02 9.2936613E-02 9.2954755E-02 9.2962883E-02 9.2961207E-02 9.2949860E-02 9.2928968E-02 9.2898600E-02 9.2858791E-02 9.2809550E-02 9.2750862E-02 9.2682697E-02 9.2604980E-02 9.2517637E-02 9.2420585E-02 9.2313692E-02 9.2196852E-02 9.2069931E-02 9.1932774E-02 9.1785230E-02 9.1627151E-02 9.1458365E-02 9.1278724E-02 9.1088071E-02 9.0886243E-02 9.0673111E-02 9.0448551E-02 9.0212442E-02 8.9964695E-02 0.0000000E+00 0.0000000E+00 0.0000000E+00 0.0000000E+00 0.0000000E+00 0.0000000E+00 0.0000000E+00 0.0000000E+00 0.0000000E+00 0.0000000E+00 0.0000000E+00
9.1219924E-02 9.1360949E-02 9.1500342E-02 9.1637254E-02 9.1770828E-02 9.1900192E-02 9.2024431E-02 9.2142589E-02 9.2253678E-02 9.2356622E-02 9.2450373E-02 9.2533946E-02 9.2606604E-02 9.2668012E-02 9.2718199E-02 9.2757456E-02 9.2786148E-02 9.2804611E-02 9.2813127E-02 9.2811912E-02 9.2801124E-02 9.2780858E-02 9.2751190E-02 9.2712127E-02 9.2663683E-02 9.2605829E-02 9.2538498E-02 9.2461623E-02 9.2375115E-02 9.2278868E-02 9.2172757E-02 9.2056647E-02 9.1930382E-02 9.1793813E-02 9.1646768E-02 9.1489084E-02 9.1320574E-02 9.1141075E-02 9.0950407E-02 9.0748407E-02 9.0534925E-02 9.0309814E-02 9.0072952E-02 8.9824244E-02 0.0000000E+00 0.0000000E+00 0.0000000E+00 0.0000000E+00 0.0000000E+00 0.0000000E+00 0.0000000E+00 0.0000000E+00 0.0000000E+00 0.0000000E+00 0.0000000E+00
9.1063879E-02 9.1206245E-02 9.1347031E-02 9.1485403E-02 9.1620535E-02 9.1751553E-02 9.1877550E-02 9.1997586E-02 9.2110619E-02 9.2215531E-02 9.2311114E-02 9.2396185E-02 9.2469849E-02 9.2531748E-02 9.2582099E-02 9.2621386E-02 9.2650101E-02 9.2668667E-02 9.2677377E-02 9.2676468E-02 9.2666075E-02 9.2646286E-02 9.2617162E-02 9.2578709E-02 9.2530914E-02 9.2473730E-02 9.2407092E-02 9.2330910E-02 9.2245087E-02 9.2149504E-02 9.2044018E-02 9.1928482E-02 9.1802739E-02 9.1666616E-02 9.1519929E-02 9.1362491E-02 9.1194123E-02 9.1014616E-02 9.0823799E-02 9.0621494E-02 9.0407513E-02 9.0181708E-02 8.9943953E-02 8.9694120E-02 0.0000000E+00 0.0000000E+00 0.0000000E+00 0.0000000E+00 0.0000000E+00 0.0000000E+00 0.0000000E+00 0.0000000E+00 0.0000000E+00 0.0000000E+00 0.0000000E+00
9.0924807E-02 9.1068290E-02 9.1210224E-02 9.1349803E-02 9.1486201E-02 9.1618590E-02 9.1746077E-02 9.1867723E-02 9.1982491E-02 9.2089213E-02 9.2186555E-02 9.2273057E-02 9.2347503E-02 9.2409551E-02 9.2459708E-02 9.2498749E-02 9.2527293E-02 9.2545815E-02 9.2554606E-02 9.2553884E-02 9.2543773E-02 9.2524365E-02 9.2495672E-02 9.2457704E-02 9.2410430E-02 9.2353791E-02 9.2287712E-02 9.2212096E-02 9.2126824E-02 9.2031769E-02 9.1926776E-02 9.1811687E-02 9.1686331E-02 9.1550522E-02 9.1404058E-02 9.1246754E-02 9.1078386E-02 9.0898760E-02 9.0707667E-02 9.0504915E-02 9.0290315E-02 9.0063684E-02 8.9824885E-02 8.9573793E-02 0.0000000E+00 0.0000000E+00 0.0000000E+00 0.0000000E+00 0.0000000E+00 0.0000000E+00 0.0000000E+00 0.0000000E+00 0.0000000E+00 0.0000000E+00 0.0000000E+00
9.0801731E-02 9.0946086E-02 9.1088906E-02 9.1229394E-02 9.1366760E-02 9.1500193E-02 9.1628820E-02 9.1751732E-02 9.1867916E-02 9.1976225E-02 9.2075221E-02 9.2163131E-02 9.2238158E-02 9.2299961E-02 9.2349626E-02 9.2388250E-02 9.2416547E-02 9.2434958E-02 9.2443787E-02 9.2443205E-02 9.2433326E-02 9.2414208E-02 9.2385873E-02 9.2348300E-02 9.2301451E-02 9.2245251E-02 9.2179619E-02 9.2104450E-02 9.2019610E-02 9.1924950E-02 9.1820329E-02 9.1705568E-02 9.1580480E-02 9.1444865E-02 9.1298513E-02 9.1141216E-02 9.0972744E-02 9.0792879E-02 9.0601407E-02 9.0398096E-02 9.0182751E-02 8.9955173E-02 8.9715213E-02 8.9462712E-02 8.9197576E-02 0.0000000E+00 0.0000000E+00 0.0000000E+00 0.0000000E+00 0.0000000E+00 0.0000000E+00 0.0000000E+00 0.0000000E+00 0.0000000E+00 0.0000000E+00
