data/rasters/evap/evaporation_20000102.ASC
NCOLS                  300
NROWS                  325
XLLCORNER       0.0000000E+00
YLLCORNER        300000.0
CELLSIZE         1000.000
NODATA_VALUE    0.0000000E+00
[rows 48 to 71 of 325, columns 212 to 264 of 300]
0.1044610 0.1042719 0.1040922 0.1039218 0.1037609 0.1036094 0.1034674 0.1033349 0.1032119 0.1030985 0.1029948 0.1029008 0.1028165 0.1027421 0.1026775 0.1026230 0.1025787 0.1025446 0.1025211 0.1025082 0.1025062 0.1025155 0.1025361 0.1025683 0.1026121 0.1026672 0.1027333 0.1028101 0.1028973 0.1029944 0.1031012 0.1032175 0.1033429 0.1034772 0.1036204 0.1037720 0.1039321 0.1041005 0.1042769 0.1044612 0.1046534 0.1048534 0.1050609 0.1052761 0.1054987 0.1057287 0.1059661 0.1062110 0.1064632 0.1067229 0.1069900 0.1072648 0.1075473
0.1044865 0.1043064 0.1041356 0.1039738 0.1038213 0.1036780 0.1035440 0.1034194 0.1033041 0.1031983 0.1031019 0.1030151 0.1029379 0.1028704 0.1028127 0.1027649 0.1027271 0.1026996 0.1026824 0.1026759 0.1026802 0.1026958 0.1027229 0.1027618 0.1028125 0.1028746 0.1029480 0.1030320 0.1031262 0.1032305 0.1033443 0.1034675 0.1035999 0.1037412 0.1038911 0.1040496 0.1042165 0.1043915 0.1045746 0.1047655 0.1049643 0.1051707 0.1053848 0.1056063 0.1058352 0.1060716 0.1063153 0.1065663 0.1068247 0.1070905 0.1073637 0.1076446 0.1079331
0.1045223 0.1043515 0.1041895 0.1040365 0.1038925 0.1037576 0.1036318 0.1035151 0.1034076 0.1033093 0.1032204 0.1031409 0.1030709 0.1030105 0.1029597 0.1029188 0.1028878 0.1028668 0.1028562 0.1028560 0.1028667 0.1028886 0.1029222 0.1029678 0.1030255 0.1030949 0.1031754 0.1032666 0.1033681 0.1034794 0.1036004 0.1037306 0.1038699 0.1040181 0.1041749 0.1043402 0.1045138 0.1046956 0.1048854 0.1050830 0.1052884 0.1055014 0.1057219 0.1059499 0.1061853 0.1064280 0.1066780 0.1069354 0.1072000 0.1074720 0.1077514 0.1080384 0.1083330
0.1045688 0.1044072 0.1042543 0.1041101 0.1039748 0.1038483 0.1037307 0.1036220 0.1035224 0.1034319 0.1033506 0.1032786 0.1032159 0.1031626 0.1031189 0.1030849 0.1030607 0.1030465 0.1030425 0.1030489 0.1030661 0.1030943 0.1031343 0.1031866 0.1032515 0.1033282 0.1034160 0.1035145 0.1036231 0.1037415 0.1038695 0.1040067 0.1041530 0.1043081 0.1044718 0.1046439 0.1048244 0.1050129 0.1052094 0.1054137 0.1056257 0.1058454 0.1060725 0.1063070 0.1065489 0.1067980 0.1070544 0.1073181 0.1075891 0.1078674 0.1081530 0.1084462 0.1087470
0.1046260 0.1044737 0.1043300 0.1041948 0.1040681 0.1039502 0.1038409 0.1037404 0.1036488 0.1035662 0.1034926 0.1034281 0.1033728 0.1033268 0.1032904 0.1032634 0.1032463 0.1032390 0.1032418 0.1032549 0.1032786 0.1033134 0.1033597 0.1034188 0.1034910 0.1035750 0.1036701 0.1037757 0.1038914 0.1040169 0.1041519 0.1042961 0.1044493 0.1046113 0.1047818 0.1049609 0.1051481 0.1053434 0.1055467 0.1057577 0.1059764 0.1062027 0.1064364 0.1066775 0.1069259 0.1071816 0.1074445 0.1077145 0.1079919 0.1082765 0.1085684 0.1088678 0.1091748
0.1046941 0.1045514 0.1044168 0.1042906 0.1041728 0.1040635 0.1039627 0.1038705 0.1037870 0.1037123 0.1036464 0.1035896 0.1035419 0.1035034 0.1034742 0.1034546 0.1034445 0.1034443 0.1034541 0.1034742 0.1035048 0.1035463 0.1035993 0.1036652 0.1037446 0.1038358 0.1039380 0.1040506 0.1041733 0.1043057 0.1044476 0.1045987 0.1047588 0.1049277 0.1051052 0.1052910 0.1054851 0.1056872 0.1058973 0.1061151 0.1063405 0.1065734 0.1068138 0.1070615 0.1073165 0.1075787 0.1078480 0.1081246 0.1084083 0.1086992 0.1089975 0.1093031 0.1096163
0.1047734 0.1046402 0.1045149 0.1043979 0.1042890 0.1041883 0.1040961 0.1040122 0.1039369 0.1038703 0.1038124 0.1037633 0.1037233 0.1036923 0.1036706 0.1036583 0.1036556 0.1036627 0.1036797 0.1037070 0.1037448 0.1037935 0.1038539 0.1039269 0.1040129 0.1041108 0.1042198 0.1043392 0.1044687 0.1046080 0.1047568 0.1049147 0.1050817 0.1052575 0.1054418 0.1056345 0.1058354 0.1060443 0.1062612 0.1064857 0.1067179 0.1069576 0.1072046 0.1074589 0.1077205 0.1079893 0.1082651 0.1085481 0.1088383 0.1091356 0.1094401 0.1097520 0.1100713
0.1048639 0.1047403 0.1046245 0.1045166 0.1044167 0.1043249 0.1042413 0.1041659 0.1040989 0.1040404 0.1039905 0.1039493 0.1039170 0.1038937 0.1038797 0.1038749 0.1038797 0.1038942 0.1039186 0.1039533 0.1039985 0.1040548 0.1041227 0.1042028 0.1042954 0.1043999 0.1045154 0.1046415 0.1047778 0.1049238 0.1050794 0.1052442 0.1054180 0.1056006 0.1057917 0.1059913 0.1061990 0.1064148 0.1066384 0.1068697 0.1071087 0.1073551 0.1076088 0.1078698 0.1081380 0.1084133 0.1086957 0.1089851 0.1092817 0.1095853 0.1098961 0.1102142 0.1105396
0.1049659 0.1048520 0.1047457 0.1046471 0.1045563 0.1044733 0.1043984 0.1043316 0.1042729 0.1042227 0.1041809 0.1041477 0.1041233 0.1041078 0.1041014 0.1041043 0.1041166 0.1041387 0.1041707 0.1042130 0.1042659 0.1043297 0.1044051 0.1044924 0.1045917 0.1047027 0.1048248 0.1049575 0.1051004 0.1052531 0.1054154 0.1055870 0.1057676 0.1059570 0.1061550 0.1063614 0.1065759 0.1067985 0.1070290 0.1072671 0.1075128 0.1077659 0.1080264 0.1082940 0.1085688 0.1088507 0.1091396 0.1094355 0.1097384 0.1100484 0.1103654 0.1106896 0.1110210
0.1050794 0.1049753 0.1048786 0.1047893 0.1047077 0.1046337 0.1045676 0.1045094 0.1044592 0.1044173 0.1043837 0.1043585 0.1043421 0.1043345 0.1043359 0.1043465 0.1043666 0.1043963 0.1044360 0.1044860 0.1045465 0.1046180 0.1047008 0.1047953 0.1049014 0.1050190 0.1051476 0.1052869 0.1054364 0.1055958 0.1057649 0.1059432 0.1061306 0.1063268 0.1065316 0.1067448 0.1069662 0.1071956 0.1074329 0.1076778 0.1079303 0.1081901 0.1084573 0.1087316 0.1090130 0.1093014 0.1095968 0.1098992 0.1102085 0.1105247 0.1108479 0.1111782 0.1115155
0.1052047 0.1051104 0.1050233 0.1049436 0.1048712 0.1048063 0.1047490 0.1046995 0.1046579 0.1046243 0.1045989 0.1045819 0.1045735 0.1045738 0.1045831 0.1046016 0.1046294 0.1046669 0.1047144 0.1047720 0.1048402 0.1049193 0.1050096 0.1051112 0.1052243 0.1053486 0.1054838 0.1056297 0.1057858 0.1059519 0.1061276 0.1063127 0.1065069 0.1067099 0.1069215 0.1071415 0.1073698 0.1076060 0.1078501 0.1081018 0.1083610 0.1086276 0.1089015 0.1091825 0.1094705 0.1097654 0.1100673 0.1103761 0.1106917 0.1110141 0.1113435 0.1116797 0.1120230
0.1053419 0.1052575 0.1051802 0.1051099 0.1050468 0.1049910 0.1049427 0.1049019 0.1048689 0.1048438 0.1048268 0.1048180 0.1048176 0.1048260 0.1048432 0.1048695 0.1049052 0.1049505 0.1050057 0.1050711 0.1051470 0.1052336 0.1053312 0.1054401 0.1055601 0.1056912 0.1058332 0.1059857 0.1061485 0.1063213 0.1065037 0.1066955 0.1068964 0.1071062 0.1073247 0.1075515 0.1077866 0.1080297 0.1082806 0.1085391 0.1088051 0.1090784 0.1093590 0.1096466 0.1099412 0.1102427 0.1105510 0.1108661 0.1111880 0.1115166 0.1118520 0.1121942 0.1125432
0.1054910 0.1054167 0.1053492 0.1052885 0.1052348 0.1051882 0.1051488 0.1051169 0.1050925 0.1050759 0.1050672 0.1050667 0.1050745 0.1050909 0.1051161 0.1051503 0.1051938 0.1052470 0.1053099 0.1053830 0.1054665 0.1055607 0.1056657 0.1057817 0.1059088 0.1060468 0.1061955 0.1063548 0.1065243 0.1067037 0.1068929 0.1070915 0.1072992 0.1075158 0.1077411 0.1079748 0.1082167 0.1084666 0.1087243 0.1089896 0.1092624 0.1095425 0.1098297 0.1101239 0.1104251 0.1107330 0.1110478 0.1113692 0.1116973 0.1120320 0.1123734 0.1127213 0.1130760
0.1056524 0.1055882 0.1055305 0.1054794 0.1054352 0.1053978 0.1053675 0.1053445 0.1053288 0.1053207 0.1053205 0.1053282 0.1053442 0.1053686 0.1054018 0.1054439 0.1054953 0.1055563 0.1056270 0.1057077 0.1057989 0.1059005 0.1060129 0.1061362 0.1062703 0.1064152 0.1065708 0.1067368 0.1069131 0.1070993 0.1072952 0.1075006 0.1077151 0.1079386 0.1081707 0.1084112 0.1086600 0.1089167 0.1091812 0.1094534 0.1097329 0.1100197 0.1103135 0.1106144 0.1109221 0.1112365 0.1115576 0.1118853 0.1122195 0.1125602 0.1129075 0.1132612 0.1136215
0.1058260 0.1057720 0.1057242 0.1056829 0.1056482 0.1056201 0.1055989 0.1055848 0.1055778 0.1055783 0.1055865 0.1056025 0.1056267 0.1056592 0.1057004 0.1057504 0.1058097 0.1058784 0.1059568 0.1060452 0.1061439 0.1062530 0.1063728 0.1065032 0.1066444 0.1067963 0.1069588 0.1071317 0.1073148 0.1075078 0.1077106 0.1079228 0.1081441 0.1083744 0.1086134 0.1088608 0.1091164 0.1093800 0.1096514 0.1099303 0.1102166 0.1105100 0.1108105 0.1111180 0.1114321 0.1117530 0.1120804 0.1124142 0.1127545 0.1131012 0.1134543 0.1138137 0.1141794
0.1060121 0.1059683 0.1059306 0.1058991 0.1058739 0.1058552 0.1058431 0.1058379 0.1058397 0.1058488 0.1058654 0.1058897 0.1059221 0.1059627 0.1060118 0.1060698 0.1061368 0.1062133 0.1062994 0.1063954 0.1065016 0.1066182 0.1067453 0.1068830 0.1070313 0.1071902 0.1073596 0.1075394 0.1077294 0.1079293 0.1081389 0.1083579 0.1085862 0.1088234 0.1090692 0.1093235 0.1095860 0.1098564 0.1101346 0.1104203 0.1107133 0.1110135 0.1113206 0.1116346 0.1119552 0.1122824 0.1126160 0.1129561 0.1133024 0.1136549 0.1140137 0.1143786 0.1147497
0.1062109 0.1061774 0.1061497 0.1061280 0.1061124 0.1061031 0.1061002 0.1061039 0.1061145 0.1061322 0.1061573 0.1061899 0.1062304 0.1062791 0.1063362 0.1064020 0.1064768 0.1065610 0.1066548 0.1067584 0.1068720 0.1069960 0.1071304 0.1072753 0.1074307 0.1075967 0.1077732 0.1079599 0.1081568 0.1083636 0.1085801 0.1088061 0.1090412 0.1092853 0.1095381 0.1097993 0.1100687 0.1103460 0.1106310 0.1109235 0.1112232 0.1115300 0.1118438 0.1121642 0.1124912 0.1128247 0.1131646 0.1135107 0.1138629 0.1142212 0.1145856 0.1149560 0.1153323
0.1064223 0.1063992 0.1063817 0.1063699 0.1063639 0.1063640 0.1063703 0.1063830 0.1064024 0.1064287 0.1064622 0.1065031 0.1065518 0.1066085 0.1066735 0.1067471 0.1068297 0.1069215 0.1070229 0.1071340 0.1072551 0.1073864 0.1075281 0.1076802 0.1078428 0.1080159 0.1081994 0.1083931 0.1085970 0.1088107 0.1090342 0.1092671 0.1095093 0.1097603 0.1100200 0.1102881 0.1105644 0.1108486 0.1111404 0.1114397 0.1117461 0.1120596 0.1123799 0.1127068 0.1130402 0.1133799 0.1137259 0.1140780 0.1144361 0.1148001 0.1151700 0.1155457 0.1159272
0.1066467 0.1066340 0.1066267 0.1066248 0.1066285 0.1066381 0.1066536 0.1066753 0.1067035 0.1067384 0.1067803 0.1068295 0.1068862 0.1069509 0.1070238 0.1071052 0.1071955 0.1072949 0.1074037 0.1075223 0.1076508 0.1077895 0.1079384 0.1080977 0.1082675 0.1084476 0.1086382 0.1088390 0.1090499 0.1092707 0.1095011 0.1097411 0.1099902 0.1102482 0.1105149 0.1107900 0.1110732 0.1113642 0.1116629 0.1119689 0.1122821 0.1126022 0.1129290 0.1132623 0.1136020 0.1139480 0.1143000 0.1146580 0.1150218 0.1153914 0.1157667 0.1161477 0.1165342
0.1068841 0.1068820 0.1068849 0.1068930 0.1069064 0.1069254 0.1069501 0.1069809 0.1070179 0.1070613 0.1071116 0.1071690 0.1072339 0.1073065 0.1073872 0.1074763 0.1075741 0.1076811 0.1077974 0.1079234 0.1080592 0.1082051 0.1083613 0.1085278 0.1087047 0.1088920 0.1090897 0.1092975 0.1095155 0.1097433 0.1099809 0.1102278 0.1104840 0.1107491 0.1110228 0.1113048 0.1115950 0.1118929 0.1121984 0.1125112 0.1128310 0.1131577 0.1134910 0.1138307 0.1141767 0.1145288 0.1148868 0.1152506 0.1156201 0.1159952 0.1163758 0.1167619 0.1171533
0.1071347 0.1071431 0.1071563 0.1071745 0.1071977 0.1072262 0.1072602 0.1072999 0.1073456 0.1073977 0.1074563 0.1075219 0.1075948 0.1076752 0.1077637 0.1078604 0.1079658 0.1080802 0.1082039 0.1083372 0.1084803 0.1086335 0.1087968 0.1089705 0.1091546 0.1093490 0.1095537 0.1097687 0.1099938 0.1102287 0.1104734 0.1107274 0.1109907 0.1112628 0.1115436 0.1118326 0.1121297 0.1124346 0.1127469 0.1130664 0.1133930 0.1137262 0.1140660 0.1144120 0.1147642 0.1151223 0.1154862 0.1158557 0.1162308 0.1166113 0.1169972 0.1173883 0.1177845
0.1073986 0.1074177 0.1074413 0.1074695 0.1075025 0.1075405 0.1075837 0.1076325 0.1076870 0.1077475 0.1078145 0.1078882 0.1079690 0.1080573 0.1081534 0.1082577 0.1083705 0.1084923 0.1086233 0.1087638 0.1089142 0.1090745 0.1092450 0.1094258 0.1096170 0.1098186 0.1100305 0.1102526 0.1104848 0.1107269 0.1109787 0.1112399 0.1115102 0.1117895 0.1120773 0.1123734 0.1126775 0.1129892 0.1133084 0.1136347 0.1139678 0.1143076 0.1146538 0.1150061 0.1153644 0.1157285 0.1160982 0.1164735 0.1168540 0.1172398 0.1176308 0.1180267 0.1184276
0.1076761 0.1077059 0.1077399 0.1077782 0.1078210 0.1078685 0.1079210 0.1079787 0.1080420 0.1081110 0.1081863 0.1082681 0.1083567 0.1084527 0.1085564 0.1086682 0.1087884 0.1089174 0.1090556 0.1092033 0.1093608 0.1095282 0.1097059 0.1098938 0.1100921 0.1103008 0.1105198 0.1107491 0.1109885 0.1112378 0.1114967 0.1117651 0.1120427 0.1123291 0.1126240 0.1129271 0.1132382 0.1135569 0.1138829 0.1142159 0.1145557 0.1149019 0.1152545 0.1156130 0.1159774 0.1163474 0.1167229 0.1171037 0.1174896 0.1178806 0.1182765 0.1186773 0.1190827
0.1079671 0.1080078 0.1080522 0.1081007 0.1081534 0.1082105 0.1082722 0.1083389 0.1084108 0.1084883 0.1085718 0.1086616 0.1087581 0.1088617 0.1089728 0.1090919 0.1092194 0.1093556 0.1095010 0.1096557 0.1098202 0.1099947 0.1101794 0.1103744 0.1105798 0.1107957 0.1110219 0.1112583 0.1115049 0.1117614 0.1120276 0.1123033 0.1125880 0.1128816 0.1131836 0.1134939 0.1138119 0.1141376 0.1144704 0.1148101 0.1151565 0.1155092 0.1158680 0.1162327 0.1166031 0.1169790 0.1173601 0.1177463 0.1181375 0.1185336 0.1189344 0.1193398 0.1197497
