data/rasters/evap/evaporation_20000102.ASC
NCOLS                  300
NROWS                  325
XLLCORNER       0.0000000E+00
YLLCORNER        300000.0
CELLSIZE         1000.000
NODATA_VALUE    0.0000000E+00
[rows 72 to 95 of 325, columns 159 to 211 of 300]
0.1116229 0.1114813 0.1113390 0.1111960 0.1110525 0.1109085 0.1107644 0.1106203 0.1104765 0.1103335 0.1101914 0.1100509 0.1099121 0.1097756 0.1096417 0.1095108 0.1093834 0.1092597 0.1091403 0.1090253 0.1089152 0.1088101 0.1087104 0.1086162 0.1085278 0.1084453 0.1083688 0.1082984 0.1082340 0.1081758 0.1081236 0.1080775 0.1080372 0.1080028 0.1079740 0.1079507 0.1079328 0.1079200 0.1079121 0.1079090 0.1079104 0.1079162 0.1079261 0.1079401 0.1079578 0.1079793 0.1080043 0.1080327 0.1080644 0.1080994 0.1081377 0.1081792 0.1082240
0.1111431 0.1110147 0.1108859 0.1107568 0.1106275 0.1104980 0.1103687 0.1102396 0.1101111 0.1099834 0.1098571 0.1097323 0.1096095 0.1094890 0.1093713 0.1092567 0.1091456 0.1090383 0.1089353 0.1088368 0.1087431 0.1086545 0.1085712 0.1084935 0.1084215 0.1083554 0.1082952 0.1082411 0.1081930 0.1081510 0.1081150 0.1080850 0.1080608 0.1080423 0.1080294 0.1080218 0.1080195 0.1080222 0.1080296 0.1080417 0.1080581 0.1080787 0.1081032 0.1081315 0.1081633 0.1081986 0.1082371 0.1082788 0.1083234 0.1083711 0.1084217 0.1084751 0.1085315
0.1106766 0.1105612 0.1104458 0.1103305 0.1102152 0.1101001 0.1099852 0.1098710 0.1097575 0.1096451 0.1095342 0.1094250 0.1093180 0.1092134 0.1091117 0.1090132 0.1089183 0.1088273 0.1087406 0.1086584 0.1085811 0.1085089 0.1084421 0.1083808 0.1083252 0.1082755 0.1082318 0.1081940 0.1081623 0.1081366 0.1081169 0.1081031 0.1080950 0.1080927 0.1080958 0.1081041 0.1081176 0.1081360 0.1081590 0.1081864 0.1082180 0.1082535 0.1082928 0.1083356 0.1083817 0.1084310 0.1084832 0.1085382 0.1085960 0.1086564 0.1087194 0.1087850 0.1088531
0.1102236 0.1101212 0.1100191 0.1099173 0.1098158 0.1097148 0.1096144 0.1095147 0.1094161 0.1093187 0.1092231 0.1091293 0.1090378 0.1089490 0.1088631 0.1087806 0.1087018 0.1086269 0.1085564 0.1084905 0.1084295 0.1083736 0.1083231 0.1082783 0.1082391 0.1082058 0.1081785 0.1081572 0.1081419 0.1081326 0.1081293 0.1081318 0.1081401 0.1081540 0.1081732 0.1081977 0.1082272 0.1082614 0.1083001 0.1083431 0.1083900 0.1084408 0.1084950 0.1085525 0.1086131 0.1086765 0.1087426 0.1088112 0.1088823 0.1089556 0.1090312 0.1091089 0.1091889
0.1097847 0.1096950 0.1096060 0.1095176 0.1094297 0.1093425 0.1092562 0.1091709 0.1090869 0.1090044 0.1089237 0.1088452 0.1087691 0.1086958 0.1086256 0.1085589 0.1084959 0.1084371 0.1083827 0.1083329 0.1082881 0.1082486 0.1082144 0.1081859 0.1081632 0.1081463 0.1081355 0.1081306 0.1081318 0.1081391 0.1081522 0.1081712 0.1081960 0.1082262 0.1082619 0.1083026 0.1083483 0.1083985 0.1084532 0.1085119 0.1085744 0.1086405 0.1087099 0.1087823 0.1088575 0.1089353 0.1090155 0.1090979 0.1091823 0.1092687 0.1093570 0.1094471 0.1095391
0.1093604 0.1092832 0.1092069 0.1091315 0.1090570 0.1089834 0.1089110 0.1088398 0.1087702 0.1087022 0.1086364 0.1085728 0.1085119 0.1084540 0.1083993 0.1083482 0.1083010 0.1082581 0.1082196 0.1081859 0.1081573 0.1081339 0.1081160 0.1081039 0.1080975 0.1080971 0.1081027 0.1081144 0.1081322 0.1081560 0.1081858 0.1082214 0.1082627 0.1083096 0.1083617 0.1084189 0.1084809 0.1085474 0.1086182 0.1086929 0.1087712 0.1088529 0.1089376 0.1090252 0.1091152 0.1092075 0.1093020 0.1093983 0.1094963 0.1095959 0.1096971 0.1097997 0.1099037
0.1089509 0.1088859 0.1088221 0.1087594 0.1086979 0.1086377 0.1085788 0.1085215 0.1084659 0.1084124 0.1083611 0.1083123 0.1082664 0.1082236 0.1081843 0.1081487 0.1081171 0.1080898 0.1080672 0.1080495 0.1080369 0.1080297 0.1080280 0.1080322 0.1080422 0.1080582 0.1080804 0.1081087 0.1081431 0.1081836 0.1082300 0.1082824 0.1083404 0.1084040 0.1084728 0.1085467 0.1086252 0.1087082 0.1087953 0.1088862 0.1089805 0.1090780 0.1091783 0.1092811 0.1093862 0.1094933 0.1096022 0.1097126 0.1098243 0.1099374 0.1100515 0.1101667 0.1102830
0.1085568 0.1085035 0.1084517 0.1084014 0.1083526 0.1083053 0.1082598 0.1082160 0.1081743 0.1081349 0.1080979 0.1080638 0.1080326 0.1080048 0.1079806 0.1079603 0.1079442 0.1079326 0.1079257 0.1079238 0.1079271 0.1079360 0.1079505 0.1079709 0.1079973 0.1080298 0.1080685 0.1081134 0.1081645 0.1082217 0.1082850 0.1083542 0.1084291 0.1085096 0.1085953 0.1086859 0.1087812 0.1088809 0.1089845 0.1090918 0.1092023 0.1093158 0.1094319 0.1095503 0.1096706 0.1097927 0.1099162 0.1100409 0.1101666 0.1102932 0.1104205 0.1105485 0.1106771
0.1081781 0.1081360 0.1080958 0.1080575 0.1080210 0.1079864 0.1079539 0.1079235 0.1078954 0.1078698 0.1078470 0.1078272 0.1078106 0.1077976 0.1077884 0.1077832 0.1077824 0.1077862 0.1077949 0.1078088 0.1078280 0.1078529 0.1078835 0.1079201 0.1079628 0.1080118 0.1080670 0.1081285 0.1081964 0.1082705 0.1083507 0.1084369 0.1085288 0.1086263 0.1087291 0.1088367 0.1089490 0.1090655 0.1091859 0.1093098 0.1094368 0.1095665 0.1096986 0.1098327 0.1099686 0.1101058 0.1102441 0.1103833 0.1105231 0.1106634 0.1108041 0.1109450 0.1110861
0.1078148 0.1077834 0.1077544 0.1077277 0.1077032 0.1076810 0.1076612 0.1076438 0.1076291 0.1076171 0.1076082 0.1076026 0.1076004 0.1076020 0.1076076 0.1076174 0.1076318 0.1076509 0.1076751 0.1077046 0.1077396 0.1077803 0.1078270 0.1078798 0.1079388 0.1080042 0.1080760 0.1081542 0.1082389 0.1083299 0.1084272 0.1085305 0.1086396 0.1087543 0.1088743 0.1089991 0.1091286 0.1092622 0.1093996 0.1095403 0.1096839 0.1098301 0.1099785 0.1101286 0.1102801 0.1104327 0.1105860 0.1107399 0.1108941 0.1110483 0.1112025 0.1113565 0.1115103
0.1074665 0.1074455 0.1074273 0.1074119 0.1073991 0.1073890 0.1073816 0.1073771 0.1073754 0.1073769 0.1073817 0.1073900 0.1074020 0.1074180 0.1074382 0.1074629 0.1074923 0.1075267 0.1075662 0.1076112 0.1076619 0.1077185 0.1077811 0.1078500 0.1079253 0.1080071 0.1080955 0.1081905 0.1082920 0.1084000 0.1085144 0.1086349 0.1087614 0.1088935 0.1090309 0.1091732 0.1093200 0.1094709 0.1096255 0.1097833 0.1099439 0.1101067 0.1102715 0.1104378 0.1106053 0.1107735 0.1109421 0.1111109 0.1112795 0.1114479 0.1116157 0.1117830 0.1119496
0.1071330 0.1071220 0.1071144 0.1071099 0.1071086 0.1071103 0.1071151 0.1071231 0.1071343 0.1071490 0.1071673 0.1071894 0.1072154 0.1072457 0.1072804 0.1073198 0.1073640 0.1074135 0.1074683 0.1075287 0.1075949 0.1076673 0.1077458 0.1078308 0.1079224 0.1080206 0.1081256 0.1082373 0.1083557 0.1084808 0.1086125 0.1087504 0.1088943 0.1090439 0.1091989 0.1093589 0.1095233 0.1096917 0.1098638 0.1100389 0.1102166 0.1103964 0.1105779 0.1107607 0.1109442 0.1111282 0.1113123 0.1114962 0.1116796 0.1118622 0.1120440 0.1122247 0.1124042
0.1068136 0.1068125 0.1068152 0.1068215 0.1068314 0.1068447 0.1068615 0.1068818 0.1069057 0.1069334 0.1069650 0.1070007 0.1070406 0.1070850 0.1071340 0.1071879 0.1072470 0.1073113 0.1073813 0.1074570 0.1075388 0.1076268 0.1077212 0.1078222 0.1079299 0.1080446 0.1081661 0.1082946 0.1084301 0.1085723 0.1087213 0.1088767 0.1090383 0.1092057 0.1093784 0.1095562 0.1097385 0.1099247 0.1101144 0.1103071 0.1105022 0.1106992 0.1108976 0.1110970 0.1112970 0.1114970 0.1116968 0.1118960 0.1120943 0.1122915 0.1124873 0.1126816 0.1128743
0.1065081 0.1065167 0.1065295 0.1065464 0.1065673 0.1065920 0.1066206 0.1066530 0.1066895 0.1067300 0.1067748 0.1068239 0.1068775 0.1069358 0.1069991 0.1070674 0.1071411 0.1072203 0.1073053 0.1073962 0.1074934 0.1075970 0.1077072 0.1078241 0.1079481 0.1080791 0.1082172 0.1083625 0.1085150 0.1086745 0.1088409 0.1090140 0.1091933 0.1093786 0.1095694 0.1097653 0.1099656 0.1101698 0.1103775 0.1105879 0.1108007 0.1110151 0.1112307 0.1114470 0.1116636 0.1118799 0.1120956 0.1123103 0.1125238 0.1127356 0.1129457 0.1131538 0.1133599
0.1062158 0.1062340 0.1062569 0.1062843 0.1063160 0.1063520 0.1063922 0.1064366 0.1064855 0.1065387 0.1065964 0.1066588 0.1067260 0.1067982 0.1068755 0.1069582 0.1070464 0.1071403 0.1072402 0.1073463 0.1074588 0.1075779 0.1077038 0.1078367 0.1079767 0.1081241 0.1082788 0.1084410 0.1086105 0.1087874 0.1089713 0.1091621 0.1093595 0.1095629 0.1097719 0.1099860 0.1102047 0.1104272 0.1106530 0.1108815 0.1111121 0.1113442 0.1115772 0.1118107 0.1120441 0.1122769 0.1125087 0.1127392 0.1129680 0.1131948 0.1134193 0.1136415 0.1138610
0.1059363 0.1059642 0.1059971 0.1060348 0.1060773 0.1061244 0.1061761 0.1062324 0.1062935 0.1063592 0.1064299 0.1065054 0.1065861 0.1066720 0.1067633 0.1068601 0.1069628 0.1070714 0.1071861 0.1073073 0.1074350 0.1075696 0.1077111 0.1078598 0.1080160 0.1081796 0.1083509 0.1085299 0.1087166 0.1089109 0.1091125 0.1093212 0.1095367 0.1097584 0.1099859 0.1102185 0.1104557 0.1106967 0.1109409 0.1111878 0.1114365 0.1116865 0.1119372 0.1121880 0.1124385 0.1126880 0.1129363 0.1131827 0.1134271 0.1136690 0.1139082 0.1141445 0.1143778
0.1056693 0.1057069 0.1057497 0.1057977 0.1058508 0.1059090 0.1059721 0.1060402 0.1061133 0.1061916 0.1062749 0.1063636 0.1064576 0.1065571 0.1066623 0.1067733 0.1068903 0.1070134 0.1071430 0.1072791 0.1074220 0.1075719 0.1077291 0.1078936 0.1080658 0.1082457 0.1084336 0.1086294 0.1088333 0.1090450 0.1092644 0.1094912 0.1097250 0.1099652 0.1102114 0.1104628 0.1107187 0.1109785 0.1112414 0.1115068 0.1117738 0.1120420 0.1123106 0.1125791 0.1128468 0.1131133 0.1133781 0.1136408 0.1139009 0.1141582 0.1144123 0.1146630 0.1149102
0.1054144 0.1054616 0.1055144 0.1055726 0.1056364 0.1057055 0.1057799 0.1058597 0.1059449 0.1060354 0.1061315 0.1062331 0.1063404 0.1064535 0.1065725 0.1066975 0.1068288 0.1069665 0.1071107 0.1072618 0.1074198 0.1075851 0.1077577 0.1079380 0.1081261 0.1083223 0.1085267 0.1087395 0.1089605 0.1091897 0.1094270 0.1096721 0.1099243 0.1101833 0.1104484 0.1107187 0.1109937 0.1112725 0.1115544 0.1118385 0.1121242 0.1124108 0.1126975 0.1129838 0.1132691 0.1135528 0.1138344 0.1141134 0.1143895 0.1146624 0.1149316 0.1151969 0.1154582
0.1051713 0.1052281 0.1052908 0.1053593 0.1054336 0.1055136 0.1055993 0.1056907 0.1057878 0.1058907 0.1059994 0.1061139 0.1062344 0.1063610 0.1064937 0.1066328 0.1067783 0.1069304 0.1070894 0.1072553 0.1074284 0.1076089 0.1077970 0.1079930 0.1081971 0.1084095 0.1086304 0.1088600 0.1090982 0.1093451 0.1096004 0.1098638 0.1101348 0.1104127 0.1106969 0.1109865 0.1112808 0.1115788 0.1118798 0.1121830 0.1124876 0.1127927 0.1130978 0.1134022 0.1137052 0.1140063 0.1143049 0.1146006 0.1148929 0.1151815 0.1154660 0.1157462 0.1160219
0.1049396 0.1050060 0.1050786 0.1051573 0.1052422 0.1053331 0.1054300 0.1055330 0.1056420 0.1057572 0.1058784 0.1060058 0.1061395 0.1062795 0.1064259 0.1065790 0.1067387 0.1069053 0.1070789 0.1072596 0.1074478 0.1076435 0.1078471 0.1080587 0.1082787 0.1085072 0.1087446 0.1089910 0.1092465 0.1095110 0.1097844 0.1100664 0.1103562 0.1106533 0.1109569 0.1112660 0.1115799 0.1118974 0.1122178 0.1125403 0.1128639 0.1131879 0.1135116 0.1138342 0.1141552 0.1144739 0.1147897 0.1151022 0.1154110 0.1157155 0.1160156 0.1163108 0.1166010
0.1047189 0.1047950 0.1048775 0.1049665 0.1050619 0.1051636 0.1052718 0.1053863 0.1055072 0.1056346 0.1057683 0.1059086 0.1060554 0.1062088 0.1063690 0.1065360 0.1067099 0.1068909 0.1070791 0.1072747 0.1074779 0.1076889 0.1079078 0.1081351 0.1083709 0.1086156 0.1088694 0.1091326 0.1094053 0.1096876 0.1099792 0.1102798 0.1105888 0.1109053 0.1112285 0.1115574 0.1118910 0.1122283 0.1125683 0.1129103 0.1132531 0.1135962 0.1139387 0.1142798 0.1146189 0.1149554 0.1152887 0.1156182 0.1159436 0.1162643 0.1165801 0.1168906 0.1171955
0.1045091 0.1045948 0.1046873 0.1047865 0.1048924 0.1050050 0.1051244 0.1052504 0.1053832 0.1055227 0.1056690 0.1058221 0.1059820 0.1061489 0.1063228 0.1065037 0.1066918 0.1068873 0.1070901 0.1073006 0.1075188 0.1077450 0.1079794 0.1082222 0.1084738 0.1087346 0.1090047 0.1092847 0.1095746 0.1098747 0.1101847 0.1105042 0.1108325 0.1111687 0.1115118 0.1118607 0.1122143 0.1125715 0.1129314 0.1132930 0.1136553 0.1140176 0.1143790 0.1147388 0.1150962 0.1154507 0.1158016 0.1161484 0.1164906 0.1168277 0.1171594 0.1174854 0.1178053
0.1043098 0.1044052 0.1045076 0.1046170 0.1047334 0.1048569 0.1049875 0.1051250 0.1052697 0.1054214 0.1055802 0.1057461 0.1059192 0.1060995 0.1062871 0.1064820 0.1066843 0.1068943 0.1071118 0.1073372 0.1075705 0.1078119 0.1080617 0.1083202 0.1085876 0.1088643 0.1091508 0.1094475 0.1097546 0.1100725 0.1104009 0.1107394 0.1110873 0.1114435 0.1118067 0.1121758 0.1125497 0.1129270 0.1133069 0.1136883 0.1140703 0.1144520 0.1148325 0.1152111 0.1155871 0.1159597 0.1163284 0.1166927 0.1170518 0.1174056 0.1177534 0.1180950 0.1184302
0.1041208 0.1042258 0.1043381 0.1044577 0.1045847 0.1047191 0.1048608 0.1050099 0.1051664 0.1053303 0.1055016 0.1056804 0.1058666 0.1060604 0.1062617 0.1064707 0.1066873 0.1069118 0.1071441 0.1073844 0.1076328 0.1078896 0.1081549 0.1084290 0.1087122 0.1090050 0.1093078 0.1096210 0.1099453 0.1102810 0.1106280 0.1109858 0.1113535 0.1117299 0.1121135 0.1125030 0.1128972 0.1132949 0.1136949 0.1140963 0.1144980 0.1148992 0.1152990 0.1156965 0.1160912 0.1164822 0.1168689 0.1172507 0.1176271 0.1179976 0.1183618 0.1187193 0.1190698
