data/rasters/evap/evaporation_20000107.ASC
NCOLS                  300
NROWS                  325
XLLCORNER       0.0000000E+00
YLLCORNER        300000.0
CELLSIZE         1000.000
NODATA_VALUE    0.0000000E+00
[rows 275 to 299 of 325, columns 165 to 219 of 300]
0.0000000E+00 0.0000000E+00 0.0000000E+00 0.0000000E+00 0.0000000E+00 0.0000000E+00 0.0000000E+00 0.0000000E+00 0.0000000E+00 0.0000000E+00 0.0000000E+00 0.0000000E+00 0.0000000E+00 0.0000000E+00 0.3353609 0.3352727 0.3351852 0.3350984 0.3350118 0.3349243 0.3348345 0.3347409 0.3346422 0.3345370 0.3344243 0.3343033 0.3341732 0.3340333 0.3338833 0.3337227 0.3335514 0.3333692 0.3331758 0.3329714 0.3327557 0.3325289 0.3322910 0.3320421 0.3317822 0.3315115 0.3312300 0.3309380 0.3306356 0.3303229 0.3300002 0.3296675 0.3293252 0.3289734 0.0000000E+00 0.0000000E+00 0.0000000E+00 0.0000000E+00 0.0000000E+00 0.0000000E+00 0.0000000E+00
0.0000000E+00 0.0000000E+00 0.0000000E+00 0.0000000E+00 0.0000000E+00 0.0000000E+00 0.0000000E+00 0.0000000E+00 0.0000000E+00 0.0000000E+00 0.0000000E+00 0.0000000E+00 0.0000000E+00 0.0000000E+00 0.0000000E+00 0.3365279 0.3364416 0.3363543 0.3362657 0.3361749 0.3360808 0.3359823 0.3358780 0.3357670 0.3356483 0.3355210 0.3353845 0.3352382 0.3350818 0.3349149 0.3347373 0.3345487 0.3343492 0.3341386 0.3339170 0.3336843 0.3334407 0.3331861 0.3329208 0.3326447 0.3323582 0.3320611 0.3317539 0.3314366 0.3311094 0.3307724 0.3304259 0.0000000E+00 0.0000000E+00 0.0000000E+00 0.0000000E+00 0.0000000E+00 0.0000000E+00 0.0000000E+00 0.0000000E+00
0.0000000E+00 0.0000000E+00 0.0000000E+00 0.0000000E+00 0.0000000E+00 0.0000000E+00 0.0000000E+00 0.0000000E+00 0.0000000E+00 0.0000000E+00 0.0000000E+00 0.0000000E+00 0.0000000E+00 0.0000000E+00 0.0000000E+00 0.0000000E+00 0.3377044 0.3376168 0.3375263 0.3374324 0.3373342 0.3372307 0.3371210 0.3370040 0.3368790 0.3367452 0.3366021 0.3364491 0.3362860 0.3361124 0.3359280 0.3357328 0.3355268 0.3353098 0.3350818 0.3348430 0.3345933 0.3343329 0.3340618 0.3337802 0.3334883 0.3331861 0.3328739 0.3325517 0.3322198 0.3318784 0.0000000E+00 0.0000000E+00 0.0000000E+00 0.0000000E+00 0.0000000E+00 0.0000000E+00 0.0000000E+00 0.0000000E+00 0.0000000E+00
0.0000000E+00 0.0000000E+00 0.0000000E+00 0.0000000E+00 0.0000000E+00 0.0000000E+00 0.0000000E+00 0.0000000E+00 0.0000000E+00 0.0000000E+00 0.0000000E+00 0.0000000E+00 0.0000000E+00 0.0000000E+00 0.0000000E+00 0.3390569 0.3389727 0.3388847 0.3387925 0.3386956 0.3385935 0.3384851 0.3383698 0.3382468 0.3381154 0.3379749 0.3378249 0.3376650 0.3374949 0.3373142 0.3371229 0.3369208 0.3367079 0.3364842 0.3362496 0.3360043 0.3357484 0.3354819 0.3352048 0.3349175 0.3346200 0.3343124 0.3339949 0.0000000E+00 0.0000000E+00 0.0000000E+00 0.0000000E+00 0.0000000E+00 0.0000000E+00 0.0000000E+00 0.0000000E+00 0.0000000E+00 0.0000000E+00 0.0000000E+00 0.0000000E+00
0.0000000E+00 0.0000000E+00 0.0000000E+00 0.0000000E+00 0.0000000E+00 0.0000000E+00 0.0000000E+00 0.0000000E+00 0.0000000E+00 0.0000000E+00 0.0000000E+00 0.0000000E+00 0.0000000E+00 0.0000000E+00 0.0000000E+00 0.3403285 0.3402453 0.3401569 0.3400631 0.3399634 0.3398573 0.3397442 0.3396234 0.3394943 0.3393563 0.3392090 0.3390520 0.3388849 0.3387075 0.3385196 0.3383210 0.3381118 0.3378918 0.3376611 0.3374197 0.3371678 0.3369053 0.3366325 0.3363493 0.3360560 0.3357527 0.3354396 0.0000000E+00 0.0000000E+00 0.0000000E+00 0.0000000E+00 0.0000000E+00 0.0000000E+00 0.0000000E+00 0.0000000E+00 0.0000000E+00 0.0000000E+00 0.0000000E+00 0.0000000E+00 0.0000000E+00
0.0000000E+00 0.0000000E+00 0.0000000E+00 0.0000000E+00 0.0000000E+00 0.0000000E+00 0.0000000E+00 0.0000000E+00 0.0000000E+00 0.0000000E+00 0.0000000E+00 0.0000000E+00 0.0000000E+00 0.0000000E+00 0.0000000E+00 0.3416034 0.3415212 0.3414325 0.3413371 0.3412346 0.3411247 0.3410068 0.3408805 0.3407453 0.3406008 0.3404466 0.3402824 0.3401079 0.3399231 0.3397277 0.3395216 0.3393050 0.3390777 0.3388399 0.3385915 0.3383326 0.3380635 0.3377841 0.3374946 0.3371952 0.0000000E+00 0.0000000E+00 0.0000000E+00 0.0000000E+00 0.0000000E+00 0.0000000E+00 0.0000000E+00 0.0000000E+00 0.0000000E+00 0.0000000E+00 0.0000000E+00 0.0000000E+00 0.0000000E+00 0.0000000E+00 0.0000000E+00
0.0000000E+00 0.0000000E+00 0.0000000E+00 0.0000000E+00 0.0000000E+00 0.0000000E+00 0.0000000E+00 0.0000000E+00 0.0000000E+00 0.0000000E+00 0.0000000E+00 0.0000000E+00 0.0000000E+00 0.0000000E+00 0.3429542 0.3428806 0.3427994 0.3427104 0.3426134 0.3425082 0.3423945 0.3422720 0.3421402 0.3419988 0.3418477 0.3416865 0.3415149 0.3413330 0.3411405 0.3409375 0.3407238 0.3404996 0.3402649 0.3400196 0.3397641 0.3394982 0.3392222 0.3389362 0.3386403 0.3383346 0.0000000E+00 0.0000000E+00 0.0000000E+00 0.0000000E+00 0.0000000E+00 0.0000000E+00 0.0000000E+00 0.0000000E+00 0.0000000E+00 0.0000000E+00 0.0000000E+00 0.0000000E+00 0.0000000E+00 0.0000000E+00 0.0000000E+00
0.0000000E+00 0.0000000E+00 0.0000000E+00 0.0000000E+00 0.0000000E+00 0.0000000E+00 0.0000000E+00 0.0000000E+00 0.0000000E+00 0.0000000E+00 0.0000000E+00 0.0000000E+00 0.0000000E+00 0.0000000E+00 0.3442307 0.3441593 0.3440790 0.3439897 0.3438911 0.3437833 0.3436658 0.3435386 0.3434013 0.3432539 0.3430960 0.3429277 0.3427487 0.3425592 0.3423590 0.3421482 0.3419268 0.3416948 0.3414524 0.3411998 0.3409368 0.3406638 0.3403808 0.3400880 0.3397855 0.0000000E+00 0.0000000E+00 0.0000000E+00 0.0000000E+00 0.0000000E+00 0.0000000E+00 0.0000000E+00 0.0000000E+00 0.0000000E+00 0.0000000E+00 0.0000000E+00 0.0000000E+00 0.0000000E+00 0.0000000E+00 0.0000000E+00 0.0000000E+00
0.0000000E+00 0.0000000E+00 0.0000000E+00 0.0000000E+00 0.0000000E+00 0.0000000E+00 0.0000000E+00 0.0000000E+00 0.0000000E+00 0.0000000E+00 0.0000000E+00 0.0000000E+00 0.0000000E+00 0.3455669 0.3455077 0.3454384 0.3453590 0.3452694 0.3451694 0.3450588 0.3449376 0.3448057 0.3446629 0.3445092 0.3443446 0.3441691 0.3439827 0.3437855 0.3435774 0.3433587 0.3431295 0.3428897 0.3426396 0.3423793 0.3421090 0.3418287 0.3415387 0.0000000E+00 0.0000000E+00 0.0000000E+00 0.0000000E+00 0.0000000E+00 0.0000000E+00 0.0000000E+00 0.0000000E+00 0.0000000E+00 0.0000000E+00 0.0000000E+00 0.0000000E+00 0.0000000E+00 0.0000000E+00 0.0000000E+00 0.0000000E+00 0.0000000E+00 0.0000000E+00
0.0000000E+00 0.0000000E+00 0.0000000E+00 0.0000000E+00 0.0000000E+00 0.0000000E+00 0.0000000E+00 0.0000000E+00 0.0000000E+00 0.0000000E+00 0.0000000E+00 0.0000000E+00 0.0000000E+00 0.3468402 0.3467842 0.3467171 0.3466386 0.3465486 0.3464471 0.3463338 0.3462089 0.3460722 0.3459239 0.3457640 0.3455926 0.3454099 0.3452159 0.3450109 0.3447949 0.3445683 0.3443310 0.3440834 0.3438255 0.3435576 0.3432797 0.3429922 0.0000000E+00 0.0000000E+00 0.0000000E+00 0.0000000E+00 0.0000000E+00 0.0000000E+00 0.0000000E+00 0.0000000E+00 0.0000000E+00 0.0000000E+00 0.0000000E+00 0.0000000E+00 0.0000000E+00 0.0000000E+00 0.0000000E+00 0.0000000E+00 0.0000000E+00 0.0000000E+00 0.0000000E+00
0.0000000E+00 0.0000000E+00 0.0000000E+00 0.0000000E+00 0.0000000E+00 0.0000000E+00 0.0000000E+00 0.0000000E+00 0.0000000E+00 0.0000000E+00 0.0000000E+00 0.0000000E+00 0.0000000E+00 0.3481121 0.3480594 0.3479944 0.3479168 0.3478265 0.3477234 0.3476074 0.3474786 0.3473372 0.3471833 0.3470171 0.3468388 0.3466488 0.3464472 0.3462344 0.3460105 0.3457758 0.3455306 0.3452750 0.3450094 0.3447337 0.3444484 0.0000000E+00 0.0000000E+00 0.0000000E+00 0.0000000E+00 0.0000000E+00 0.0000000E+00 0.0000000E+00 0.0000000E+00 0.0000000E+00 0.0000000E+00 0.0000000E+00 0.0000000E+00 0.0000000E+00 0.0000000E+00 0.0000000E+00 0.0000000E+00 0.0000000E+00 0.0000000E+00 0.0000000E+00 0.0000000E+00
0.0000000E+00 0.0000000E+00 0.0000000E+00 0.0000000E+00 0.0000000E+00 0.0000000E+00 0.0000000E+00 0.0000000E+00 0.0000000E+00 0.0000000E+00 0.0000000E+00 0.0000000E+00 0.3494179 0.3493816 0.3493322 0.3492693 0.3491926 0.3491020 0.3489973 0.3488785 0.3487459 0.3485996 0.3484400 0.3482674 0.3480822 0.3478849 0.3476756 0.3474549 0.3472230 0.3469804 0.3467272 0.3464637 0.3461902 0.3459069 0.3456141 0.0000000E+00 0.0000000E+00 0.0000000E+00 0.0000000E+00 0.0000000E+00 0.0000000E+00 0.0000000E+00 0.0000000E+00 0.0000000E+00 0.0000000E+00 0.0000000E+00 0.0000000E+00 0.0000000E+00 0.0000000E+00 0.0000000E+00 0.0000000E+00 0.0000000E+00 0.0000000E+00 0.0000000E+00 0.0000000E+00
0.0000000E+00 0.0000000E+00 0.0000000E+00 0.0000000E+00 0.0000000E+00 0.0000000E+00 0.0000000E+00 0.0000000E+00 0.0000000E+00 0.0000000E+00 0.0000000E+00 0.0000000E+00 0.0000000E+00 0.3506477 0.3506017 0.3505410 0.3504652 0.3503742 0.3502678 0.3501462 0.3500096 0.3498584 0.3496930 0.3495140 0.3493218 0.3491170 0.3489001 0.3486715 0.3484317 0.3481810 0.3479199 0.3476485 0.3473673 0.3470764 0.0000000E+00 0.0000000E+00 0.0000000E+00 0.0000000E+00 0.0000000E+00 0.0000000E+00 0.0000000E+00 0.0000000E+00 0.0000000E+00 0.0000000E+00 0.0000000E+00 0.0000000E+00 0.0000000E+00 0.0000000E+00 0.0000000E+00 0.0000000E+00 0.0000000E+00 0.0000000E+00 0.0000000E+00 0.0000000E+00 0.0000000E+00
0.0000000E+00 0.0000000E+00 0.0000000E+00 0.0000000E+00 0.0000000E+00 0.0000000E+00 0.0000000E+00 0.0000000E+00 0.0000000E+00 0.0000000E+00 0.0000000E+00 0.0000000E+00 0.0000000E+00 0.3519094 0.3518668 0.3518083 0.3517335 0.3516420 0.3515339 0.3514094 0.3512687 0.3511124 0.3509412 0.3507556 0.3505564 0.3503442 0.3501195 0.3498831 0.3496354 0.3493767 0.3491077 0.3488286 0.3485397 0.3482413 0.3479337 0.3476171 0.3472918 0.0000000E+00 0.0000000E+00 0.0000000E+00 0.0000000E+00 0.0000000E+00 0.0000000E+00 0.0000000E+00 0.0000000E+00 0.0000000E+00 0.0000000E+00 0.0000000E+00 0.0000000E+00 0.0000000E+00 0.0000000E+00 0.0000000E+00 0.0000000E+00 0.0000000E+00 0.0000000E+00
0.0000000E+00 0.0000000E+00 0.0000000E+00 0.0000000E+00 0.0000000E+00 0.0000000E+00 0.0000000E+00 0.0000000E+00 0.0000000E+00 0.0000000E+00 0.0000000E+00 0.0000000E+00 0.0000000E+00 0.3531657 0.3531266 0.3530704 0.3529965 0.3529046 0.3527947 0.3526671 0.3525222 0.3523607 0.3521834 0.3519912 0.3517849 0.3515652 0.3513329 0.3510886 0.3508330 0.3505666 0.3502898 0.3500029 0.3497065 0.3494008 0.3490860 0.3487625 0.3484303 0.3480899 0.0000000E+00 0.0000000E+00 0.0000000E+00 0.0000000E+00 0.0000000E+00 0.0000000E+00 0.0000000E+00 0.0000000E+00 0.0000000E+00 0.0000000E+00 0.0000000E+00 0.0000000E+00 0.0000000E+00 0.0000000E+00 0.0000000E+00 0.0000000E+00 0.0000000E+00
0.0000000E+00 0.0000000E+00 0.0000000E+00 0.0000000E+00 0.0000000E+00 0.0000000E+00 0.0000000E+00 0.0000000E+00 0.0000000E+00 0.0000000E+00 0.0000000E+00 0.0000000E+00 0.3544333 0.3544153 0.3543799 0.3543260 0.3542531 0.3541608 0.3540490 0.3539181 0.3537688 0.3536020 0.3534186 0.3532196 0.3530061 0.3527789 0.3525390 0.3522870 0.3520237 0.3517495 0.3514651 0.3511708 0.3508670 0.3505541 0.3502323 0.3499020 0.3495632 0.3492163 0.3488615 0.0000000E+00 0.0000000E+00 0.0000000E+00 0.0000000E+00 0.0000000E+00 0.0000000E+00 0.0000000E+00 0.0000000E+00 0.0000000E+00 0.0000000E+00 0.0000000E+00 0.0000000E+00 0.0000000E+00 0.0000000E+00 0.0000000E+00 0.0000000E+00
0.0000000E+00 0.0000000E+00 0.0000000E+00 0.0000000E+00 0.0000000E+00 0.0000000E+00 0.0000000E+00 0.0000000E+00 0.0000000E+00 0.0000000E+00 0.0000000E+00 0.3556660 0.3556702 0.3556571 0.3556255 0.3555742 0.3555024 0.3554095 0.3552957 0.3551614 0.3550075 0.3548351 0.3546453 0.3544396 0.3542188 0.3539843 0.3537368 0.3534772 0.3532063 0.3529247 0.3526329 0.3523313 0.3520204 0.3517005 0.3513719 0.3510349 0.3506898 0.3503367 0.3499758 0.0000000E+00 0.0000000E+00 0.0000000E+00 0.0000000E+00 0.0000000E+00 0.0000000E+00 0.0000000E+00 0.0000000E+00 0.0000000E+00 0.0000000E+00 0.0000000E+00 0.0000000E+00 0.0000000E+00 0.0000000E+00 0.0000000E+00 0.0000000E+00
0.0000000E+00 0.0000000E+00 0.0000000E+00 0.0000000E+00 0.0000000E+00 0.0000000E+00 0.0000000E+00 0.0000000E+00 0.0000000E+00 0.0000000E+00 0.3568613 0.3568877 0.3568978 0.3568898 0.3568623 0.3568137 0.3567429 0.3566495 0.3565335 0.3563955 0.3562368 0.3560586 0.3558624 0.3556497 0.3554219 0.3551800 0.3549251 0.3546582 0.3543799 0.3540910 0.3537920 0.3534835 0.3531657 0.3528391 0.3525041 0.3521608 0.3518094 0.3514504 0.3510837 0.0000000E+00 0.0000000E+00 0.0000000E+00 0.0000000E+00 0.0000000E+00 0.0000000E+00 0.0000000E+00 0.0000000E+00 0.0000000E+00 0.0000000E+00 0.0000000E+00 0.0000000E+00 0.0000000E+00 0.0000000E+00 0.0000000E+00 0.0000000E+00
0.0000000E+00 0.0000000E+00 0.0000000E+00 0.0000000E+00 0.0000000E+00 0.0000000E+00 0.0000000E+00 0.0000000E+00 0.0000000E+00 0.0000000E+00 0.3580656 0.3580986 0.3581147 0.3581121 0.3580888 0.3580431 0.3579735 0.3578795 0.3577611 0.3576192 0.3574553 0.3572712 0.3570684 0.3568489 0.3566139 0.3563648 0.3561028 0.3558287 0.3555434 0.3552476 0.3549418 0.3546266 0.3543023 0.3539694 0.3536281 0.3532787 0.3529215 0.3525567 0.3521845 0.0000000E+00 0.0000000E+00 0.0000000E+00 0.0000000E+00 0.0000000E+00 0.0000000E+00 0.0000000E+00 0.0000000E+00 0.0000000E+00 0.0000000E+00 0.0000000E+00 0.0000000E+00 0.0000000E+00 0.0000000E+00 0.0000000E+00 0.0000000E+00
0.0000000E+00 0.0000000E+00 0.0000000E+00 0.0000000E+00 0.0000000E+00 0.0000000E+00 0.0000000E+00 0.0000000E+00 0.0000000E+00 0.0000000E+00 0.3592577 0.3592971 0.3593194 0.3593223 0.3593036 0.3592610 0.3591928 0.3590981 0.3589770 0.3588309 0.3586616 0.3584712 0.3582619 0.3580355 0.3577936 0.3575376 0.3572687 0.3569879 0.3566959 0.3563935 0.3560813 0.3557598 0.3554294 0.3550904 0.3547433 0.3543882 0.3540255 0.3536553 0.3532779 0.0000000E+00 0.0000000E+00 0.0000000E+00 0.0000000E+00 0.0000000E+00 0.0000000E+00 0.0000000E+00 0.0000000E+00 0.0000000E+00 0.0000000E+00 0.0000000E+00 0.0000000E+00 0.0000000E+00 0.0000000E+00 0.0000000E+00 0.0000000E+00
0.0000000E+00 0.0000000E+00 0.0000000E+00 0.0000000E+00 0.0000000E+00 0.0000000E+00 0.0000000E+00 0.0000000E+00 0.0000000E+00 0.0000000E+00 0.3604359 0.3604816 0.3605101 0.3605187 0.3605048 0.3604658 0.3603991 0.3603036 0.3601796 0.3600288 0.3598537 0.3596571 0.3594412 0.3592081 0.3589596 0.3586971 0.3584218 0.3581346 0.3578364 0.3575279 0.3572098 0.3568824 0.3565463 0.3562017 0.3558491 0.3554887 0.3551208 0.3547456 0.3543632 0.3539739 0.3535778 0.3531751 0.0000000E+00 0.0000000E+00 0.0000000E+00 0.0000000E+00 0.0000000E+00 0.0000000E+00 0.0000000E+00 0.0000000E+00 0.0000000E+00 0.0000000E+00 0.0000000E+00 0.0000000E+00 0.0000000E+00
0.0000000E+00 0.0000000E+00 0.0000000E+00 0.0000000E+00 0.0000000E+00 0.0000000E+00 0.0000000E+00 0.0000000E+00 0.0000000E+00 0.0000000E+00 0.3615987 0.3616505 0.3616848 0.3616992 0.3616906 0.3616555 0.3615907 0.3614942 0.3613668 0.3612109 0.3610299 0.3608269 0.3606047 0.3603653 0.3601107 0.3598421 0.3595609 0.3592680 0.3589641 0.3586501 0.3583264 0.3579937 0.3576523 0.3573027 0.3569450 0.3565797 0.3562070 0.3558270 0.3554401 0.3550463 0.3546458 0.3542389 0.3538256 0.0000000E+00 0.0000000E+00 0.0000000E+00 0.0000000E+00 0.0000000E+00 0.0000000E+00 0.0000000E+00 0.0000000E+00 0.0000000E+00 0.0000000E+00 0.0000000E+00 0.0000000E+00
0.0000000E+00 0.0000000E+00 0.0000000E+00 0.0000000E+00 0.0000000E+00 0.0000000E+00 0.0000000E+00 0.0000000E+00 0.0000000E+00 0.0000000E+00 0.3627446 0.3628017 0.3628416 0.3628616 0.3628584 0.3628278 0.3627652 0.3626677 0.3625362 0.3623748 0.3621877 0.3619787 0.3617507 0.3615057 0.3612455 0.3609716 0.3606851 0.3603870 0.3600781 0.3597592 0.3594306 0.3590931 0.3587470 0.3583927 0.3580304 0.3576607 0.3572835 0.3568992 0.3565081 0.3561102 0.3557057 0.3552949 0.3548777 0.3544545 0.0000000E+00 0.0000000E+00 0.0000000E+00 0.0000000E+00 0.0000000E+00 0.0000000E+00 0.0000000E+00 0.0000000E+00 0.0000000E+00 0.0000000E+00 0.0000000E+00
0.0000000E+00 0.0000000E+00 0.0000000E+00 0.0000000E+00 0.0000000E+00 0.0000000E+00 0.0000000E+00 0.0000000E+00 0.0000000E+00 0.3637956 0.3638721 0.3639337 0.3639782 0.3640032 0.3640053 0.3639797 0.3639200 0.3638211 0.3636848 0.3635176 0.3633250 0.3631107 0.3628775 0.3626277 0.3623629 0.3620845 0.3617935 0.3614911 0.3611779 0.3608546 0.3605218 0.3601800 0.3598297 0.3594713 0.3591050 0.3587311 0.3583500 0.3579618 0.3575668 0.3571652 0.3567570 0.3563426 0.3559220 0.3554953 0.0000000E+00 0.0000000E+00 0.0000000E+00 0.0000000E+00 0.0000000E+00 0.0000000E+00 0.0000000E+00 0.0000000E+00 0.0000000E+00 0.0000000E+00 0.0000000E+00
0.0000000E+00 0.0000000E+00 0.0000000E+00 0.0000000E+00 0.0000000E+00 0.0000000E+00 0.0000000E+00 0.0000000E+00 0.3648073 0.3649003 0.3649799 0.3650447 0.3650927 0.3651214 0.3651277 0.3651069 0.3650511 0.3649502 0.3648086 0.3646364 0.3644392 0.3642209 0.3639839 0.3637304 0.3634620 0.3631800 0.3628855 0.3625795 0.3622627 0.3619358 0.3615994 0.3612540 0.3609001 0.3605380 0.3601682 0.3597908 0.3594061 0.3590145 0.3586160 0.3582110 0.3577995 0.3573818 0.3569579 0.3565281 0.0000000E+00 0.0000000E+00 0.0000000E+00 0.0000000E+00 0.0000000E+00 0.0000000E+00 0.0000000E+00 0.0000000E+00 0.0000000E+00 0.0000000E+00 0.0000000E+00
