data/rasters/evap/evaporation_20000103.ASC
NCOLS                  300
NROWS                  325
XLLCORNER       0.0000000E+00
YLLCORNER        300000.0
CELLSIZE         1000.000
NODATA_VALUE    0.0000000E+00
[rows 286 to 307 of 325, columns 153 to 203 of 300]
0.0000000E+00 0.0000000E+00 0.0000000E+00 0.0000000E+00 0.0000000E+00 0.0000000E+00 0.0000000E+00 0.0000000E+00 0.0000000E+00 0.0000000E+00 0.0000000E+00 0.0000000E+00 0.0000000E+00 0.0000000E+00 0.0000000E+00 0.0000000E+00 0.0000000E+00 0.0000000E+00 0.0000000E+00 0.0000000E+00 0.0000000E+00 0.0000000E+00 0.0000000E+00 0.0000000E+00 0.1797284 0.1800937 0.1804401 0.1807669 0.1810741 0.1813614 0.1816290 0.1818772 0.1821065 0.1823175 0.1825110 0.1826879 0.1828492 0.1829958 0.1831288 0.1832493 0.1833583 0.1834569 0.1835461 0.1836268 0.1837001 0.1837668 0.1838278 0.0000000E+00 0.0000000E+00 0.0000000E+00 0.0000000E+00
0.0000000E+00 0.0000000E+00 0.0000000E+00 0.0000000E+00 0.0000000E+00 0.0000000E+00 0.0000000E+00 0.0000000E+00 0.0000000E+00 0.0000000E+00 0.0000000E+00 0.0000000E+00 0.0000000E+00 0.0000000E+00 0.0000000E+00 0.0000000E+00 0.0000000E+00 0.0000000E+00 0.0000000E+00 0.0000000E+00 0.0000000E+00 0.0000000E+00 0.0000000E+00 0.0000000E+00 0.0000000E+00 0.1810220 0.1813687 0.1816963 0.1820045 0.1822934 0.1825630 0.1828135 0.1830455 0.1832596 0.1834565 0.1836370 0.1838021 0.1839527 0.1840898 0.1842145 0.1843278 0.1844305 0.1845239 0.1846087 0.1846860 0.1847566 0.0000000E+00 0.0000000E+00 0.0000000E+00 0.0000000E+00 0.0000000E+00
0.0000000E+00 0.0000000E+00 0.0000000E+00 0.0000000E+00 0.0000000E+00 0.0000000E+00 0.0000000E+00 0.0000000E+00 0.0000000E+00 0.0000000E+00 0.0000000E+00 0.0000000E+00 0.0000000E+00 0.0000000E+00 0.0000000E+00 0.0000000E+00 0.0000000E+00 0.0000000E+00 0.0000000E+00 0.0000000E+00 0.0000000E+00 0.0000000E+00 0.0000000E+00 0.0000000E+00 0.0000000E+00 0.1819433 0.1822904 0.1826188 0.1829282 0.1832186 0.1834901 0.1837429 0.1839774 0.1841944 0.1843944 0.1845783 0.1847471 0.1849015 0.1850425 0.1851712 0.1852886 0.1853955 0.1854929 0.1855819 0.1856631 0.1857377 0.1858062 0.1858697 0.1859287 0.0000000E+00 0.0000000E+00
0.0000000E+00 0.0000000E+00 0.0000000E+00 0.0000000E+00 0.0000000E+00 0.0000000E+00 0.0000000E+00 0.0000000E+00 0.0000000E+00 0.0000000E+00 0.0000000E+00 0.0000000E+00 0.0000000E+00 0.0000000E+00 0.0000000E+00 0.0000000E+00 0.0000000E+00 0.0000000E+00 0.0000000E+00 0.0000000E+00 0.0000000E+00 0.0000000E+00 0.0000000E+00 0.0000000E+00 0.0000000E+00 0.1828578 0.1832054 0.1835346 0.1838452 0.1841371 0.1844103 0.1846652 0.1849022 0.1851219 0.1853249 0.1855121 0.1856842 0.1858422 0.1859871 0.1861197 0.1862410 0.1863519 0.1864534 0.1865464 0.1866316 0.1867100 0.1867824 0.1868495 0.1869121 0.1869709 0.0000000E+00
0.0000000E+00 0.0000000E+00 0.0000000E+00 0.0000000E+00 0.0000000E+00 0.0000000E+00 0.0000000E+00 0.0000000E+00 0.0000000E+00 0.0000000E+00 0.0000000E+00 0.0000000E+00 0.0000000E+00 0.0000000E+00 0.0000000E+00 0.0000000E+00 0.0000000E+00 0.0000000E+00 0.0000000E+00 0.0000000E+00 0.0000000E+00 0.0000000E+00 0.0000000E+00 0.0000000E+00 0.1833995 0.1837654 0.1841137 0.1844438 0.1847556 0.1850489 0.1853239 0.1855808 0.1858201 0.1860422 0.1862480 0.1864382 0.1866136 0.1867751 0.1869236 0.1870600 0.1871852 0.1873000 0.1874055 0.1875024 0.1875915 0.1876738 0.1877500 0.1878208 0.1878870 0.1879492 0.1880082
0.0000000E+00 0.0000000E+00 0.0000000E+00 0.0000000E+00 0.0000000E+00 0.0000000E+00 0.0000000E+00 0.0000000E+00 0.0000000E+00 0.0000000E+00 0.0000000E+00 0.0000000E+00 0.0000000E+00 0.0000000E+00 0.0000000E+00 0.0000000E+00 0.0000000E+00 0.0000000E+00 0.0000000E+00 0.0000000E+00 0.0000000E+00 0.0000000E+00 0.0000000E+00 0.1839167 0.1842999 0.1846663 0.1850152 0.1853464 0.1856594 0.1859541 0.1862308 0.1864895 0.1867309 0.1869555 0.1871639 0.1873569 0.1875354 0.1877003 0.1878522 0.1879923 0.1881212 0.1882399 0.1883492 0.1884500 0.1885431 0.1886292 0.1887092 0.1887837 0.1888535 0.1889192 0.1889815
0.0000000E+00 0.0000000E+00 0.0000000E+00 0.0000000E+00 0.0000000E+00 0.0000000E+00 0.0000000E+00 0.0000000E+00 0.0000000E+00 0.0000000E+00 0.0000000E+00 0.0000000E+00 0.0000000E+00 0.0000000E+00 0.0000000E+00 0.0000000E+00 0.0000000E+00 0.0000000E+00 0.0000000E+00 0.0000000E+00 0.0000000E+00 0.0000000E+00 0.1844105 0.1848099 0.1851934 0.1855604 0.1859102 0.1862423 0.1865566 0.1868527 0.1871309 0.1873915 0.1876348 0.1878616 0.1880724 0.1882682 0.1884497 0.1886177 0.1887730 0.1889166 0.1890492 0.1891716 0.1892848 0.1893894 0.1894864 0.1895763 0.1896601 0.1897383 0.1898117 0.1898810 0.1899467
0.0000000E+00 0.0000000E+00 0.0000000E+00 0.0000000E+00 0.0000000E+00 0.0000000E+00 0.0000000E+00 0.0000000E+00 0.0000000E+00 0.0000000E+00 0.0000000E+00 0.0000000E+00 0.0000000E+00 0.0000000E+00 0.0000000E+00 0.0000000E+00 0.0000000E+00 0.0000000E+00 0.0000000E+00 0.0000000E+00 0.0000000E+00 0.0000000E+00 0.1852964 0.1856960 0.1860800 0.1864476 0.1867984 0.1871317 0.1874471 0.1877447 0.1880244 0.1882865 0.1885317 0.1887605 0.1889737 0.1891720 0.1893563 0.1895274 0.1896860 0.1898330 0.1899692 0.1900953 0.1902123 0.1903207 0.1904215 0.1905153 0.1906028 0.1906847 0.1907618 0.1908346 0.1909038
0.0000000E+00 0.0000000E+00 0.0000000E+00 0.0000000E+00 0.0000000E+00 0.0000000E+00 0.0000000E+00 0.0000000E+00 0.0000000E+00 0.0000000E+00 0.0000000E+00 0.0000000E+00 0.0000000E+00 0.0000000E+00 0.0000000E+00 0.0000000E+00 0.0000000E+00 0.0000000E+00 0.0000000E+00 0.0000000E+00 0.0000000E+00 0.0000000E+00 0.1861751 0.1865750 0.1869595 0.1873280 0.1876798 0.1880143 0.1883310 0.1886299 0.1889110 0.1891746 0.1894215 0.1896522 0.1898676 0.1900684 0.1902554 0.1904294 0.1905912 0.1907416 0.1908813 0.1910111 0.1911318 0.1912440 0.1913486 0.1914462 0.1915375 0.1916232 0.1917039 0.1917803 0.1918529
0.0000000E+00 0.0000000E+00 0.0000000E+00 0.0000000E+00 0.0000000E+00 0.0000000E+00 0.0000000E+00 0.0000000E+00 0.0000000E+00 0.0000000E+00 0.0000000E+00 0.0000000E+00 0.0000000E+00 0.0000000E+00 0.0000000E+00 0.0000000E+00 0.0000000E+00 0.0000000E+00 0.0000000E+00 0.0000000E+00 0.0000000E+00 0.0000000E+00 0.1870466 0.1874467 0.1878319 0.1882013 0.1885542 0.1888900 0.1892081 0.1895083 0.1897906 0.1900557 0.1903041 0.1905366 0.1907540 0.1909572 0.1911469 0.1913238 0.1914888 0.1916424 0.1917856 0.1919190 0.1920434 0.1921594 0.1922677 0.1923691 0.1924642 0.1925536 0.1926381 0.1927180 0.1927942
0.0000000E+00 0.0000000E+00 0.0000000E+00 0.0000000E+00 0.0000000E+00 0.0000000E+00 0.0000000E+00 0.0000000E+00 0.0000000E+00 0.0000000E+00 0.0000000E+00 0.0000000E+00 0.0000000E+00 0.0000000E+00 0.0000000E+00 0.0000000E+00 0.0000000E+00 0.0000000E+00 0.0000000E+00 0.0000000E+00 0.0000000E+00 0.0000000E+00 0.1879106 0.1883111 0.1886969 0.1890673 0.1894215 0.1897587 0.1900782 0.1903796 0.1906631 0.1909294 0.1911792 0.1914134 0.1916329 0.1918384 0.1920307 0.1922105 0.1923786 0.1925355 0.1926822 0.1928192 0.1929472 0.1930670 0.1931791 0.1932843 0.1933831 0.1934763 0.1935644 0.1936480 0.1937277
0.0000000E+00 0.0000000E+00 0.0000000E+00 0.0000000E+00 0.0000000E+00 0.0000000E+00 0.0000000E+00 0.0000000E+00 0.0000000E+00 0.0000000E+00 0.0000000E+00 0.0000000E+00 0.0000000E+00 0.0000000E+00 0.0000000E+00 0.0000000E+00 0.0000000E+00 0.0000000E+00 0.0000000E+00 0.0000000E+00 0.0000000E+00 0.0000000E+00 0.1887671 0.1891679 0.1895544 0.1899259 0.1902814 0.1906201 0.1909411 0.1912437 0.1915282 0.1917956 0.1920467 0.1922826 0.1925041 0.1927119 0.1929069 0.1930895 0.1932607 0.1934210 0.1935711 0.1937116 0.1938433 0.1939668 0.1940828 0.1941917 0.1942944 0.1943913 0.1944831 0.1945704 0.1946537
0.0000000E+00 0.0000000E+00 0.0000000E+00 0.0000000E+00 0.0000000E+00 0.0000000E+00 0.0000000E+00 0.0000000E+00 0.0000000E+00 0.0000000E+00 0.0000000E+00 0.0000000E+00 0.0000000E+00 0.0000000E+00 0.0000000E+00 0.0000000E+00 0.0000000E+00 0.0000000E+00 0.0000000E+00 0.0000000E+00 0.0000000E+00 0.1892015 0.1896159 0.1900170 0.1904041 0.1907765 0.1911334 0.1914738 0.1917963 0.1921001 0.1923854 0.1926538 0.1929063 0.1931439 0.1933675 0.1935777 0.1937753 0.1939609 0.1941352 0.1942988 0.1944523 0.1945965 0.1947319 0.1948591 0.1949788 0.1950916 0.1951980 0.1952988 0.1953943 0.1954852 0.1955721
0.0000000E+00 0.0000000E+00 0.0000000E+00 0.0000000E+00 0.0000000E+00 0.0000000E+00 0.0000000E+00 0.0000000E+00 0.0000000E+00 0.0000000E+00 0.0000000E+00 0.0000000E+00 0.0000000E+00 0.0000000E+00 0.0000000E+00 0.0000000E+00 0.0000000E+00 0.0000000E+00 0.0000000E+00 0.0000000E+00 0.1896163 0.1900429 0.1904572 0.1908583 0.1912458 0.1916190 0.1919771 0.1923190 0.1926433 0.1929481 0.1932342 0.1935036 0.1937576 0.1939971 0.1942229 0.1944356 0.1946360 0.1948246 0.1950020 0.1951690 0.1953261 0.1954738 0.1956129 0.1957439 0.1958674 0.1959840 0.1960942 0.1961988 0.1962981 0.1963927 0.1964832
0.0000000E+00 0.0000000E+00 0.0000000E+00 0.0000000E+00 0.0000000E+00 0.0000000E+00 0.0000000E+00 0.0000000E+00 0.0000000E+00 0.0000000E+00 0.0000000E+00 0.0000000E+00 0.0000000E+00 0.0000000E+00 0.0000000E+00 0.0000000E+00 0.0000000E+00 0.0000000E+00 0.0000000E+00 0.0000000E+00 0.1904507 0.1908768 0.1912906 0.1916917 0.1920793 0.1924529 0.1928117 0.1931549 0.1934809 0.1937866 0.1940737 0.1943446 0.1946004 0.1948421 0.1950703 0.1952858 0.1954890 0.1956807 0.1958614 0.1960318 0.1961924 0.1963437 0.1964865 0.1966213 0.1967486 0.1968690 0.1969831 0.1970914 0.1971945 0.1972928 0.1973870
0.0000000E+00 0.0000000E+00 0.0000000E+00 0.0000000E+00 0.0000000E+00 0.0000000E+00 0.0000000E+00 0.0000000E+00 0.0000000E+00 0.0000000E+00 0.0000000E+00 0.0000000E+00 0.0000000E+00 0.0000000E+00 0.0000000E+00 0.0000000E+00 0.0000000E+00 0.0000000E+00 0.1903932 0.1908410 0.1912778 0.1917032 0.1921165 0.1925171 0.1929046 0.1932783 0.1936373 0.1939808 0.1943071 0.1946145 0.1949036 0.1951767 0.1954348 0.1956790 0.1959099 0.1961281 0.1963344 0.1965293 0.1967133 0.1968872 0.1970513 0.1972064 0.1973529 0.1974915 0.1976226 0.1977469 0.1978648 0.1979769 0.1980838 0.1981859 0.1982837
0.0000000E+00 0.0000000E+00 0.0000000E+00 0.0000000E+00 0.0000000E+00 0.0000000E+00 0.0000000E+00 0.0000000E+00 0.0000000E+00 0.0000000E+00 0.0000000E+00 0.0000000E+00 0.0000000E+00 0.0000000E+00 0.0000000E+00 0.0000000E+00 0.0000000E+00 0.1907583 0.1912153 0.1916620 0.1920978 0.1925222 0.1929348 0.1933349 0.1937219 0.1940953 0.1944541 0.1947974 0.1951240 0.1954329 0.1957245 0.1960002 0.1962609 0.1965078 0.1967416 0.1969629 0.1971723 0.1973705 0.1975580 0.1977353 0.1979031 0.1980619 0.1982122 0.1983545 0.1984895 0.1986176 0.1987394 0.1988554 0.1989660 0.1990719 0.1991734
0.0000000E+00 0.0000000E+00 0.0000000E+00 0.0000000E+00 0.0000000E+00 0.0000000E+00 0.0000000E+00 0.0000000E+00 0.0000000E+00 0.0000000E+00 0.0000000E+00 0.0000000E+00 0.0000000E+00 0.0000000E+00 0.0000000E+00 0.0000000E+00 0.0000000E+00 0.1915749 0.1920306 0.1924760 0.1929107 0.1933342 0.1937459 0.1941452 0.1945316 0.1949044 0.1952628 0.1956060 0.1959331 0.1962435 0.1965373 0.1968156 0.1970792 0.1973290 0.1975658 0.1977903 0.1980030 0.1982045 0.1983955 0.1985764 0.1987479 0.1989104 0.1990644 0.1992106 0.1993495 0.1994815 0.1996071 0.1997269 0.1998414 0.1999510 0.2000562
0.0000000E+00 0.0000000E+00 0.0000000E+00 0.0000000E+00 0.0000000E+00 0.0000000E+00 0.0000000E+00 0.0000000E+00 0.0000000E+00 0.0000000E+00 0.0000000E+00 0.0000000E+00 0.0000000E+00 0.0000000E+00 0.0000000E+00 0.0000000E+00 0.1919211 0.1923850 0.1928392 0.1932834 0.1937169 0.1941392 0.1945499 0.1949484 0.1953340 0.1957062 0.1960643 0.1964075 0.1967351 0.1970468 0.1973428 0.1976236 0.1978901 0.1981429 0.1983828 0.1986105 0.1988266 0.1990315 0.1992261 0.1994106 0.1995858 0.1997520 0.1999099 0.2000600 0.2002026 0.2003385 0.2004680 0.2005917 0.2007100 0.2008234 0.2009323
0.0000000E+00 0.0000000E+00 0.0000000E+00 0.0000000E+00 0.0000000E+00 0.0000000E+00 0.0000000E+00 0.0000000E+00 0.0000000E+00 0.0000000E+00 0.0000000E+00 0.0000000E+00 0.0000000E+00 0.0000000E+00 0.0000000E+00 0.0000000E+00 0.1927263 0.1931887 0.1936415 0.1940842 0.1945165 0.1949376 0.1953473 0.1957448 0.1961297 0.1965013 0.1968590 0.1972023 0.1975305 0.1978436 0.1981415 0.1984248 0.1986941 0.1989499 0.1991930 0.1994239 0.1996433 0.1998518 0.2000499 0.2002381 0.2004170 0.2005870 0.2007487 0.2009026 0.2010492 0.2011889 0.2013223 0.2014499 0.2015720 0.2016891 0.2018018
0.0000000E+00 0.0000000E+00 0.0000000E+00 0.0000000E+00 0.0000000E+00 0.0000000E+00 0.0000000E+00 0.0000000E+00 0.0000000E+00 0.0000000E+00 0.0000000E+00 0.0000000E+00 0.0000000E+00 0.0000000E+00 0.0000000E+00 0.0000000E+00 0.1935254 0.1939862 0.1944375 0.1948788 0.1953098 0.1957297 0.1961383 0.1965349 0.1969190 0.1972900 0.1976475 0.1979909 0.1983199 0.1986343 0.1989341 0.1992197 0.1994916 0.1997503 0.1999966 0.2002308 0.2004536 0.2006656 0.2008673 0.2010591 0.2012417 0.2014155 0.2015811 0.2017388 0.2018893 0.2020329 0.2021702 0.2023015 0.2024275 0.2025485 0.2026649
0.0000000E+00 0.0000000E+00 0.0000000E+00 0.0000000E+00 0.0000000E+00 0.0000000E+00 0.0000000E+00 0.0000000E+00 0.0000000E+00 0.0000000E+00 0.0000000E+00 0.0000000E+00 0.0000000E+00 0.0000000E+00 0.0000000E+00 0.0000000E+00 0.1943185 0.1947777 0.1952275 0.1956674 0.1960970 0.1965158 0.1969233 0.1973189 0.1977023 0.1980729 0.1984302 0.1987739 0.1991035 0.1994192 0.1997208 0.2000086 0.2002831 0.2005447 0.2007940 0.2010314 0.2012576 0.2014731 0.2016783 0.2018739 0.2020602 0.2022378 0.2024071 0.2025687 0.2027230 0.2028705 0.2030117 0.2031469 0.2032767 0.2034015 0.2035216
