data/rasters/evap/evaporation_20000108.ASC
NCOLS                  300
NROWS                  325
XLLCORNER       0.0000000E+00
YLLCORNER        300000.0
CELLSIZE         1000.000
NODATA_VALUE    0.0000000E+00
[rows 138 to 160 of 325, columns 104 to 155 of 300]
0.2312271 0.2284724 0.2257199 0.2229712 0.2202279 0.2174915 0.2147636 0.2120455 0.2093388 0.2066448 0.2039650 0.2013008 0.1986535 0.1960246 0.1934153 0.1908270 0.1882608 0.1857180 0.1831998 0.1807071 0.1782410 0.1758025 0.1733924 0.1710117 0.1686612 0.1663416 0.1640536 0.1617979 0.1595750 0.1573856 0.1552300 0.1531088 0.1510223 0.1489708 0.1469547 0.1449743 0.1430297 0.1411210 0.1392485 0.1374122 0.1356121 0.1338483 0.1321207 0.1304294 0.1287742 0.1271552 0.1255721 0.1240251 0.1225139 0.1210385 0.1195989 0.1181950
0.2300577 0.2272955 0.2245359 0.2217805 0.2190308 0.2162885 0.2135551 0.2108319 0.2081205 0.2054223 0.2027387 0.2000712 0.1974211 0.1947899 0.1921789 0.1895893 0.1870225 0.1844796 0.1819618 0.1794702 0.1770057 0.1745694 0.1721621 0.1697848 0.1674383 0.1651233 0.1628404 0.1605905 0.1583741 0.1561916 0.1540437 0.1519308 0.1498533 0.1478115 0.1458057 0.1438362 0.1419032 0.1400068 0.1381473 0.1363246 0.1345388 0.1327899 0.1310780 0.1294029 0.1277645 0.1261629 0.1245979 0.1230694 0.1215773 0.1201215 0.1187019 0.1173185
0.2288874 0.2261178 0.2233512 0.2205891 0.2178332 0.2150851 0.2123462 0.2096182 0.2069023 0.2042000 0.2015128 0.1988422 0.1961895 0.1935561 0.1909436 0.1883530 0.1857858 0.1832431 0.1807260 0.1782356 0.1757731 0.1733392 0.1709351 0.1685614 0.1662192 0.1639090 0.1616317 0.1593879 0.1571782 0.1550031 0.1528632 0.1507590 0.1486908 0.1466589 0.1446638 0.1427056 0.1407846 0.1389010 0.1370547 0.1352461 0.1334749 0.1317414 0.1300454 0.1283869 0.1267658 0.1251819 0.1236353 0.1221256 0.1206529 0.1192170 0.1178177 0.1164549
0.2277158 0.2249388 0.2221652 0.2193966 0.2166346 0.2138807 0.2111367 0.2084039 0.2056837 0.2029776 0.2002870 0.1976134 0.1949583 0.1923230 0.1897091 0.1871178 0.1845504 0.1820081 0.1794921 0.1770033 0.1745429 0.1721119 0.1697111 0.1673415 0.1650038 0.1626989 0.1604274 0.1581900 0.1559874 0.1538201 0.1516885 0.1495933 0.1475348 0.1455133 0.1435291 0.1415827 0.1396740 0.1378034 0.1359708 0.1341765 0.1324205 0.1307026 0.1290229 0.1273814 0.1257778 0.1242121 0.1226841 0.1211937 0.1197406 0.1183248 0.1169460 0.1156042
0.2265424 0.2237582 0.2209776 0.2182025 0.2154345 0.2126752 0.2099261 0.2071887 0.2044645 0.2017547 0.1990609 0.1963845 0.1937272 0.1910904 0.1884754 0.1858837 0.1833164 0.1807748 0.1782601 0.1757732 0.1733153 0.1708874 0.1684903 0.1661250 0.1637922 0.1614928 0.1592275 0.1569969 0.1548017 0.1526424 0.1505196 0.1484338 0.1463852 0.1443744 0.1424017 0.1404672 0.1385713 0.1367140 0.1348956 0.1331160 0.1313753 0.1296735 0.1280105 0.1263862 0.1248006 0.1232533 0.1217443 0.1202733 0.1188403 0.1174448 0.1160868 0.1147660
0.2253667 0.2225753 0.2197880 0.2170065 0.2142326 0.2114680 0.2087140 0.2059723 0.2032442 0.2005311 0.1978343 0.1951554 0.1924962 0.1898580 0.1872423 0.1846503 0.1820835 0.1795430 0.1770298 0.1745452 0.1720902 0.1696657 0.1672726 0.1649119 0.1625845 0.1602909 0.1580321 0.1558086 0.1536212 0.1514703 0.1493566 0.1472804 0.1452422 0.1432425 0.1412814 0.1393594 0.1374765 0.1356330 0.1338290 0.1320645 0.1303395 0.1286541 0.1270081 0.1254015 0.1238340 0.1223055 0.1208158 0.1193646 0.1179517 0.1165769 0.1152398 0.1139403
0.2241883 0.2213897 0.2185958 0.2158081 0.2130286 0.2102587 0.2075001 0.2047543 0.2020226 0.1993063 0.1966068 0.1939257 0.1912649 0.1886256 0.1860095 0.1834178 0.1808517 0.1783125 0.1758014 0.1733193 0.1708675 0.1684467 0.1660581 0.1637024 0.1613805 0.1590932 0.1568412 0.1546252 0.1524459 0.1503038 0.1481994 0.1461333 0.1441058 0.1421175 0.1401685 0.1382591 0.1363897 0.1345603 0.1327710 0.1310219 0.1293131 0.1276444 0.1260158 0.1244271 0.1228781 0.1213687 0.1198985 0.1184674 0.1170749 0.1157209 0.1144050 0.1131269
0.2230065 0.2202011 0.2174006 0.2146069 0.2118218 0.2090469 0.2062839 0.2035342 0.2007992 0.1980801 0.1953781 0.1926952 0.1900331 0.1873932 0.1847770 0.1821858 0.1796209 0.1770835 0.1745747 0.1720956 0.1696472 0.1672306 0.1648467 0.1624964 0.1601805 0.1578998 0.1556550 0.1534468 0.1512759 0.1491429 0.1470483 0.1449925 0.1429761 0.1409995 0.1390629 0.1371666 0.1353109 0.1334959 0.1317218 0.1299885 0.1282960 0.1266444 0.1250335 0.1234630 0.1219329 0.1204428 0.1189925 0.1175817 0.1162099 0.1148770 0.1135824 0.1123259
0.2218211 0.2190088 0.2162020 0.2134025 0.2106121 0.2078324 0.2050651 0.2023117 0.1995736 0.1968518 0.1941479 0.1914636 0.1888007 0.1861606 0.1835448 0.1809545 0.1783911 0.1758558 0.1733497 0.1708739 0.1684295 0.1660174 0.1636387 0.1612941 0.1589845 0.1567107 0.1544735 0.1522735 0.1501114 0.1479878 0.1459033 0.1438583 0.1418533 0.1398887 0.1379648 0.1360819 0.1342403 0.1324401 0.1306814 0.1289642 0.1272885 0.1256542 0.1240613 0.1225094 0.1209984 0.1195280 0.1180978 0.1167075 0.1153567 0.1140450 0.1127720 0.1115372
0.2206313 0.2178125 0.2149996 0.2121946 0.2093991 0.2066149 0.2038436 0.2010867 0.1983456 0.1956216 0.1929162 0.1902310 0.1875677 0.1849278 0.1823127 0.1797238 0.1771624 0.1746296 0.1721266 0.1696545 0.1672144 0.1648073 0.1624340 0.1600955 0.1577926 0.1555261 0.1532969 0.1511054 0.1489525 0.1468387 0.1447646 0.1427307 0.1407374 0.1387852 0.1368744 0.1350053 0.1331780 0.1313929 0.1296499 0.1279491 0.1262905 0.1246740 0.1230993 0.1215663 0.1200747 0.1186242 0.1172144 0.1158449 0.1145152 0.1132250 0.1119737 0.1107609
0.2194368 0.2166117 0.2137931 0.2109827 0.2081825 0.2053941 0.2026191 0.1998590 0.1971153 0.1943895 0.1916829 0.1889973 0.1863340 0.1836948 0.1810809 0.1784938 0.1759347 0.1734049 0.1709054 0.1684375 0.1660021 0.1636002 0.1612329 0.1589009 0.1566051 0.1543463 0.1521253 0.1499428 0.1477994 0.1456958 0.1436325 0.1416100 0.1396288 0.1376893 0.1357918 0.1339367 0.1321243 0.1303545 0.1286276 0.1269435 0.1253023 0.1237038 0.1221477 0.1206339 0.1191620 0.1177317 0.1163425 0.1149940 0.1136858 0.1124172 0.1111878 0.1099970
0.2182371 0.2154060 0.2125819 0.2097667 0.2069621 0.2041698 0.2013915 0.1986287 0.1958830 0.1931557 0.1904484 0.1877626 0.1850998 0.1824616 0.1798494 0.1772645 0.1747082 0.1721818 0.1696863 0.1672229 0.1647926 0.1623965 0.1600355 0.1577104 0.1554221 0.1531714 0.1509591 0.1487859 0.1466524 0.1445593 0.1425071 0.1404963 0.1385275 0.1366011 0.1347174 0.1328766 0.1310792 0.1293252 0.1276146 0.1259476 0.1243240 0.1227438 0.1212066 0.1197123 0.1182604 0.1168505 0.1154823 0.1141551 0.1128684 0.1116216 0.1104143 0.1092457
0.2170317 0.2141950 0.2113659 0.2085462 0.2057377 0.2029420 0.2001608 0.1973958 0.1946484 0.1919201 0.1892124 0.1865270 0.1838651 0.1812285 0.1786183 0.1760361 0.1734831 0.1709604 0.1684694 0.1660110 0.1635863 0.1611963 0.1588420 0.1565243 0.1542439 0.1520018 0.1497986 0.1476350 0.1455118 0.1434295 0.1413888 0.1393901 0.1374341 0.1355210 0.1336513 0.1318252 0.1300431 0.1283051 0.1266112 0.1249616 0.1233560 0.1217943 0.1202764 0.1188018 0.1173701 0.1159810 0.1146339 0.1133281 0.1120633 0.1108386 0.1096534 0.1085072
0.2158201 0.2129784 0.2101448 0.2073210 0.2045090 0.2017104 0.1989269 0.1961601 0.1934116 0.1906828 0.1879753 0.1852905 0.1826301 0.1799954 0.1773878 0.1748087 0.1722594 0.1697410 0.1672548 0.1648019 0.1623833 0.1599999 0.1576528 0.1553428 0.1530708 0.1508376 0.1486439 0.1464904 0.1443778 0.1423068 0.1402779 0.1382917 0.1363486 0.1344493 0.1325939 0.1307828 0.1290164 0.1272947 0.1256178 0.1239857 0.1223984 0.1208556 0.1193571 0.1179025 0.1164915 0.1151233 0.1137976 0.1125136 0.1112707 0.1100682 0.1089054 0.1077816
0.2146021 0.2117558 0.2089181 0.2060910 0.2032760 0.2004751 0.1976898 0.1949218 0.1921726 0.1894438 0.1867369 0.1840535 0.1813948 0.1787626 0.1761580 0.1735825 0.1710374 0.1685238 0.1660430 0.1635959 0.1611838 0.1588076 0.1564681 0.1541664 0.1519032 0.1496793 0.1474954 0.1453524 0.1432509 0.1411915 0.1391748 0.1372013 0.1352717 0.1333863 0.1315456 0.1297498 0.1279993 0.1262942 0.1246345 0.1230204 0.1214516 0.1199280 0.1184493 0.1170150 0.1156247 0.1142778 0.1129737 0.1117116 0.1104909 0.1093108 0.1081705 0.1070693
0.2133771 0.2105269 0.2076859 0.2048558 0.2020386 0.1992359 0.1964494 0.1936808 0.1909316 0.1882033 0.1854976 0.1828158 0.1801596 0.1775302 0.1749292 0.1723578 0.1698173 0.1673090 0.1648340 0.1623934 0.1599883 0.1576196 0.1552883 0.1529952 0.1507412 0.1485272 0.1463537 0.1442216 0.1421315 0.1400840 0.1380799 0.1361196 0.1342036 0.1323326 0.1305068 0.1287266 0.1269923 0.1253041 0.1236620 0.1220660 0.1205161 0.1190119 0.1175532 0.1161395 0.1147702 0.1134448 0.1121625 0.1109226 0.1097243 0.1085667 0.1074490 0.1063704
0.2121449 0.2092915 0.2064478 0.2036156 0.2007967 0.1979929 0.1952059 0.1924372 0.1896885 0.1869614 0.1842573 0.1815778 0.1789244 0.1762985 0.1737015 0.1711347 0.1685995 0.1660969 0.1636283 0.1611946 0.1587970 0.1564364 0.1541137 0.1518298 0.1495855 0.1473817 0.1452190 0.1430982 0.1410200 0.1389849 0.1369937 0.1350468 0.1331449 0.1312885 0.1294780 0.1277137 0.1259959 0.1243248 0.1227006 0.1211231 0.1195922 0.1181077 0.1166693 0.1152764 0.1139285 0.1126248 0.1113646 0.1101470 0.1089712 0.1078363 0.1067413 0.1056855
0.2109053 0.2080494 0.2052037 0.2023701 0.1995503 0.1967461 0.1939591 0.1911911 0.1884435 0.1857181 0.1830163 0.1803397 0.1776897 0.1750678 0.1724753 0.1699137 0.1673841 0.1648879 0.1624261 0.1599999 0.1576103 0.1552583 0.1529447 0.1506705 0.1484365 0.1462434 0.1440920 0.1419829 0.1399170 0.1378947 0.1359167 0.1339837 0.1320962 0.1302547 0.1284597 0.1267115 0.1250106 0.1233570 0.1217508 0.1201920 0.1186805 0.1172160 0.1157981 0.1144263 0.1130999 0.1118182 0.1105803 0.1093853 0.1082322 0.1071200 0.1060479 0.1050148
0.2096580 0.2068006 0.2039537 0.2011195 0.1982995 0.1954956 0.1927094 0.1899426 0.1871969 0.1844738 0.1817749 0.1791017 0.1764557 0.1738383 0.1712509 0.1686950 0.1661717 0.1636823 0.1612279 0.1588097 0.1564287 0.1540857 0.1517819 0.1495179 0.1472946 0.1451128 0.1429731 0.1408763 0.1388230 0.1368139 0.1348496 0.1329308 0.1310580 0.1292317 0.1274526 0.1257209 0.1240370 0.1224011 0.1208133 0.1192735 0.1177816 0.1163373 0.1149402 0.1135897 0.1122851 0.1110256 0.1098102 0.1086379 0.1075076 0.1064183 0.1053690 0.1043587
0.2084031 0.2055449 0.2026978 0.1998637 0.1970444 0.1942415 0.1914569 0.1886921 0.1859489 0.1832288 0.1805333 0.1778641 0.1752227 0.1726104 0.1700287 0.1674790 0.1649625 0.1624805 0.1600341 0.1576244 0.1552525 0.1529193 0.1506256 0.1483724 0.1461604 0.1439903 0.1418629 0.1397788 0.1377387 0.1357432 0.1337930 0.1318887 0.1300310 0.1282203 0.1264573 0.1247423 0.1230758 0.1214579 0.1198887 0.1183682 0.1168962 0.1154724 0.1140963 0.1127673 0.1114847 0.1102476 0.1090549 0.1079054 0.1067981 0.1057318 0.1047053 0.1037178
0.2071404 0.2042825 0.2014361 0.1986031 0.1957852 0.1929842 0.1902018 0.1874398 0.1846997 0.1819832 0.1792919 0.1766274 0.1739911 0.1713845 0.1688090 0.1662661 0.1637570 0.1612829 0.1588451 0.1564445 0.1540823 0.1517593 0.1494765 0.1472346 0.1450345 0.1428767 0.1407621 0.1386912 0.1366647 0.1346834 0.1327477 0.1308583 0.1290159 0.1272212 0.1254746 0.1237767 0.1221278 0.1205282 0.1189779 0.1174769 0.1160250 0.1146218 0.1132669 0.1119597 0.1106994 0.1094849 0.1083150 0.1071886 0.1061043 0.1050609 0.1040573 0.1030924
0.2058702 0.2030136 0.2001688 0.1973378 0.1945222 0.1917239 0.1889446 0.1861860 0.1834498 0.1807377 0.1780511 0.1753918 0.1727613 0.1701609 0.1675923 0.1650568 0.1625556 0.1600901 0.1576614 0.1552706 0.1529186 0.1506065 0.1483351 0.1461051 0.1439174 0.1417726 0.1396713 0.1376142 0.1356019 0.1336351 0.1317143 0.1298403 0.1280136 0.1262351 0.1245052 0.1228247 0.1211938 0.1196128 0.1180817 0.1166005 0.1151689 0.1137866 0.1124531 0.1111679 0.1099300 0.1087383 0.1075914 0.1064881 0.1054268 0.1044063 0.1034255 0.1024832
0.2045928 0.2017385 0.1988963 0.1960682 0.1932558 0.1904610 0.1876856 0.1849312 0.1821996 0.1794925 0.1768114 0.1741579 0.1715338 0.1689403 0.1663791 0.1638515 0.1613589 0.1589025 0.1564835 0.1541030 0.1517620 0.1494613 0.1472020 0.1449846 0.1428099 0.1406786 0.1385913 0.1365485 0.1345510 0.1325992 0.1306938 0.1288355 0.1270250 0.1252630 0.1235502 0.1218873 0.1202746 0.1187126 0.1172011 0.1157400 0.1143290 0.1129677 0.1116558 0.1103926 0.1091773 0.1080086 0.1068849 0.1058046 0.1047664 0.1037688 0.1028105 0.1018906
