data/rasters/evap/evaporation_20000109.ASC
NCOLS                  300
NROWS                  325
XLLCORNER       0.0000000E+00
YLLCORNER        300000.0
CELLSIZE         1000.000
NODATA_VALUE    0.0000000E+00
[rows 75 to 99 of 325, columns 220 to 274 of 300]
0.3919300 0.3912712 0.3905820 0.3898619 0.3891103 0.3883267 0.3875107 0.3866619 0.3857798 0.3848641 0.3839146 0.3829310 0.3819134 0.3808618 0.3797763 0.3786573 0.3775054 0.3763210 0.3751050 0.3738583 0.3725818 0.3712766 0.3699441 0.3685854 0.3672019 0.3657950 0.3643660 0.3629165 0.3614478 0.3599614 0.3584587 0.3569411 0.3554100 0.3538668 0.3523127 0.3507491 0.3491773 0.3475985 0.3460138 0.3444245 0.3428316 0.3412364 0.3396396 0.3380425 0.3364459 0.3348507 0.3332578 0.3316680 0.3300821 0.3285007 0.3269246 0.3253543 0.3237904 0.3222334 0.3206837
0.3918500 0.3911908 0.3905011 0.3897806 0.3890285 0.3882446 0.3874282 0.3865789 0.3856964 0.3847803 0.3838302 0.3828462 0.3818280 0.3807758 0.3796897 0.3785701 0.3774173 0.3762322 0.3750154 0.3737679 0.3724906 0.3711846 0.3698514 0.3684920 0.3671079 0.3657005 0.3642711 0.3628213 0.3613524 0.3598659 0.3583632 0.3568458 0.3553149 0.3537720 0.3522184 0.3506553 0.3490841 0.3475060 0.3459220 0.3443335 0.3427414 0.3411469 0.3395509 0.3379546 0.3363587 0.3347642 0.3331720 0.3315827 0.3299973 0.3284163 0.3268404 0.3252702 0.3237063 0.3221492 0.3205992
0.3917631 0.3911034 0.3904133 0.3896923 0.3889399 0.3881556 0.3873388 0.3864892 0.3856063 0.3846898 0.3837394 0.3827549 0.3817362 0.3806833 0.3795965 0.3784761 0.3773225 0.3761365 0.3749187 0.3736701 0.3723918 0.3710849 0.3697506 0.3683903 0.3670054 0.3655972 0.3641672 0.3627169 0.3612476 0.3597609 0.3582580 0.3567406 0.3552099 0.3536672 0.3521140 0.3505514 0.3489807 0.3474032 0.3458199 0.3442321 0.3426408 0.3410471 0.3394520 0.3378565 0.3362614 0.3346677 0.3330761 0.3314875 0.3299026 0.3283221 0.3267466 0.3251767 0.3236130 0.3220558 0.3205058
0.3916690 0.3910088 0.3903183 0.3895969 0.3888442 0.3880596 0.3872425 0.3863926 0.3855095 0.3845926 0.3836418 0.3826569 0.3816376 0.3805842 0.3794966 0.3783753 0.3772207 0.3760336 0.3748146 0.3735648 0.3722852 0.3709770 0.3696415 0.3682800 0.3668940 0.3654848 0.3640540 0.3626029 0.3611331 0.3596459 0.3581429 0.3566253 0.3550946 0.3535521 0.3519991 0.3504370 0.3488668 0.3472899 0.3457073 0.3441203 0.3425298 0.3409369 0.3393427 0.3377480 0.3361537 0.3345608 0.3329701 0.3313822 0.3297980 0.3282180 0.3266430 0.3250736 0.3235101 0.3219532 0.3204033
0.3915677 0.3909070 0.3902160 0.3894943 0.3887412 0.3879563 0.3871390 0.3862889 0.3854055 0.3844884 0.3835373 0.3825519 0.3815322 0.3804780 0.3793897 0.3782674 0.3771117 0.3759233 0.3747029 0.3734516 0.3721705 0.3708608 0.3695237 0.3681608 0.3667735 0.3653631 0.3639312 0.3624792 0.3610086 0.3595209 0.3580174 0.3564996 0.3549688 0.3534264 0.3518737 0.3503118 0.3487422 0.3471658 0.3455840 0.3439977 0.3424080 0.3408160 0.3392227 0.3376289 0.3360356 0.3344436 0.3328536 0.3312666 0.3296832 0.3281040 0.3265296 0.3249607 0.3233977 0.3218412 0.3202915
0.3914589 0.3907976 0.3901062 0.3893840 0.3886306 0.3878454 0.3870279 0.3861777 0.3852941 0.3843768 0.3834254 0.3824397 0.3814195 0.3803647 0.3792754 0.3781521 0.3769951 0.3758052 0.3745832 0.3733302 0.3720473 0.3707358 0.3693970 0.3680324 0.3666435 0.3652316 0.3637984 0.3623453 0.3608738 0.3593854 0.3578814 0.3563632 0.3548323 0.3532899 0.3517373 0.3501758 0.3486066 0.3470308 0.3454497 0.3438642 0.3422754 0.3406843 0.3390919 0.3374991 0.3359067 0.3343157 0.3327268 0.3311407 0.3295582 0.3279798 0.3264062 0.3248380 0.3232757 0.3217196 0.3201704
0.3913424 0.3906805 0.3899885 0.3892660 0.3885122 0.3877268 0.3869091 0.3860587 0.3851750 0.3842576 0.3833060 0.3823200 0.3812993 0.3802438 0.3791536 0.3780291 0.3768707 0.3756791 0.3744553 0.3732003 0.3719153 0.3706017 0.3692609 0.3678944 0.3665036 0.3650901 0.3636554 0.3622010 0.3607284 0.3592391 0.3577344 0.3562159 0.3546847 0.3531423 0.3515899 0.3500287 0.3484599 0.3468847 0.3453043 0.3437196 0.3421316 0.3405415 0.3389502 0.3373584 0.3357671 0.3341772 0.3325894 0.3310043 0.3294228 0.3278454 0.3262727 0.3247054 0.3231438 0.3215885 0.3200399
0.3912180 0.3905554 0.3898628 0.3891398 0.3883857 0.3875999 0.3867821 0.3859316 0.3850479 0.3841304 0.3831787 0.3821923 0.3811712 0.3801150 0.3790238 0.3778980 0.3767380 0.3755446 0.3743187 0.3730615 0.3717742 0.3704582 0.3691151 0.3677463 0.3663534 0.3649380 0.3635017 0.3620458 0.3605720 0.3590817 0.3575764 0.3560573 0.3545258 0.3529833 0.3514310 0.3498701 0.3483018 0.3467273 0.3451475 0.3435637 0.3419767 0.3403876 0.3387973 0.3372067 0.3356166 0.3340279 0.3324412 0.3308573 0.3292769 0.3277006 0.3261290 0.3245627 0.3230021 0.3214476 0.3198999
0.3910855 0.3904220 0.3897288 0.3890051 0.3882506 0.3874646 0.3866466 0.3857960 0.3849122 0.3839947 0.3830429 0.3820564 0.3810348 0.3799779 0.3788857 0.3777585 0.3765967 0.3754013 0.3741730 0.3729132 0.3716233 0.3703047 0.3689589 0.3675877 0.3661925 0.3647751 0.3633369 0.3618794 0.3604043 0.3589130 0.3574068 0.3558871 0.3543554 0.3528128 0.3512606 0.3497000 0.3481322 0.3465582 0.3449793 0.3433963 0.3418103 0.3402224 0.3386332 0.3370438 0.3354550 0.3338675 0.3322822 0.3306996 0.3291205 0.3275454 0.3259751 0.3244099 0.3228504 0.3212970 0.3197502
0.3909445 0.3902801 0.3895860 0.3888617 0.3881066 0.3873203 0.3865021 0.3856514 0.3847676 0.3838501 0.3828983 0.3819116 0.3808896 0.3798320 0.3787388 0.3776101 0.3764464 0.3752486 0.3740177 0.3727551 0.3714622 0.3701406 0.3687921 0.3674181 0.3660205 0.3646007 0.3631606 0.3617014 0.3602249 0.3587324 0.3572254 0.3557051 0.3541730 0.3526303 0.3510782 0.3495180 0.3479507 0.3463774 0.3447993 0.3432173 0.3416325 0.3400456 0.3384578 0.3368697 0.3352822 0.3336962 0.3321122 0.3305311 0.3289534 0.3273797 0.3258107 0.3242469 0.3226887 0.3211365 0.0000000E+00
0.3907949 0.3901293 0.3894342 0.3887091 0.3879534 0.3871666 0.3863481 0.3854973 0.3846135 0.3836961 0.3827443 0.3817575 0.3807352 0.3796769 0.3785825 0.3774522 0.3762864 0.3750860 0.3738523 0.3725865 0.3712904 0.3699656 0.3686139 0.3672370 0.3658367 0.3644145 0.3629723 0.3615113 0.3600334 0.3585397 0.3570318 0.3555110 0.3539785 0.3524357 0.3508838 0.3493239 0.3477572 0.3461847 0.3446075 0.3430265 0.3414429 0.3398573 0.3382708 0.3366842 0.3350982 0.3335136 0.3319313 0.3303517 0.3287756 0.3272035 0.3256360 0.3240736 0.3225169 0.3209662 0.0000000E+00
0.3906363 0.3899693 0.3892730 0.3885469 0.3877904 0.3870030 0.3861842 0.3853332 0.3844494 0.3835320 0.3825803 0.3815935 0.3805709 0.3795120 0.3784165 0.3772844 0.3761163 0.3749130 0.3736760 0.3724068 0.3711071 0.3697788 0.3684238 0.3670438 0.3656406 0.3642160 0.3627715 0.3613088 0.3598293 0.3583345 0.3568257 0.3553043 0.3537716 0.3522288 0.3506771 0.3491176 0.3475516 0.3459799 0.3444037 0.3428239 0.3412414 0.3396573 0.3380722 0.3364871 0.3349028 0.3333199 0.3317392 0.3301613 0.3285869 0.3270166 0.3254508 0.3238901 0.3223350 0.3207859 0.0000000E+00
0.3904685 0.3897999 0.3891021 0.3883747 0.3876172 0.3868290 0.3860097 0.3851584 0.3842745 0.3833572 0.3824057 0.3814189 0.3803962 0.3793367 0.3782400 0.3771060 0.3759353 0.3747289 0.3734883 0.3722152 0.3709117 0.3695796 0.3682210 0.3668378 0.3654317 0.3640046 0.3625579 0.3610933 0.3596123 0.3581164 0.3566068 0.3550849 0.3535520 0.3520092 0.3504578 0.3488989 0.3473336 0.3457628 0.3441877 0.3426091 0.3410281 0.3394454 0.3378620 0.3362786 0.3346960 0.3331149 0.3315360 0.3299600 0.3283875 0.3268190 0.3252551 0.3236963 0.3221430 0.0000000E+00 0.0000000E+00
0.3902912 0.3896206 0.3889211 0.3881921 0.3874334 0.3866442 0.3858241 0.3849723 0.3840882 0.3831709 0.3822195 0.3812329 0.3802101 0.3791501 0.3780522 0.3769163 0.3757428 0.3745329 0.3732883 0.3720111 0.3707034 0.3693673 0.3680050 0.3666185 0.3652094 0.3637797 0.3623309 0.3608645 0.3593821 0.3578851 0.3563747 0.3548524 0.3533194 0.3517768 0.3502258 0.3486675 0.3471030 0.3455333 0.3439594 0.3423822 0.3408027 0.3392217 0.3376399 0.3360583 0.3344776 0.3328985 0.3313216 0.3297476 0.3281772 0.3266107 0.3250489 0.3234921 0.3219408 0.0000000E+00 0.0000000E+00
0.3901041 0.3894312 0.3887296 0.3879988 0.3872384 0.3864479 0.3856267 0.3847742 0.3838897 0.3829723 0.3820210 0.3810346 0.3800118 0.3789514 0.3778525 0.3767144 0.3755378 0.3743241 0.3730751 0.3717933 0.3704812 0.3691411 0.3677750 0.3663851 0.3649731 0.3635409 0.3620899 0.3606219 0.3591382 0.3576402 0.3561293 0.3546067 0.3530736 0.3515313 0.3499809 0.3484233 0.3468598 0.3452913 0.3437187 0.3421431 0.3405652 0.3389859 0.3374061 0.3358265 0.3342478 0.3326707 0.3310960 0.3295242 0.3279559 0.3263917 0.3248321 0.3232775 0.3217284 0.0000000E+00 0.0000000E+00
0.3899070 0.3892315 0.3885273 0.3877943 0.3870319 0.3862396 0.3854170 0.3845634 0.3836782 0.3827604 0.3818090 0.3808228 0.3798002 0.3787397 0.3776397 0.3764995 0.3753195 0.3741013 0.3728476 0.3715610 0.3702443 0.3688999 0.3675301 0.3661369 0.3647222 0.3632875 0.3618347 0.3603651 0.3588803 0.3573815 0.3558701 0.3543474 0.3528145 0.3512726 0.3497228 0.3481662 0.3466038 0.3450366 0.3434656 0.3418916 0.3403155 0.3387381 0.3371603 0.3355828 0.3340063 0.3324316 0.3308592 0.3292897 0.3277238 0.3261620 0.3246048 0.3230526 0.3215059 0.0000000E+00 0.0000000E+00
0.3896997 0.3890210 0.3883140 0.3875782 0.3868133 0.3860188 0.3851943 0.3843392 0.3834528 0.3825343 0.3815826 0.3805964 0.3795740 0.3785135 0.3774127 0.3762702 0.3750863 0.3738633 0.3726044 0.3713128 0.3699915 0.3686431 0.3672697 0.3658734 0.3644560 0.3630193 0.3615647 0.3600938 0.3586080 0.3571087 0.3555970 0.3540744 0.3525418 0.3510005 0.3494516 0.3478961 0.3463350 0.3447693 0.3431998 0.3416277 0.3400535 0.3384782 0.3369026 0.3353274 0.3337533 0.3321810 0.3306111 0.3290442 0.3274808 0.3259216 0.3243670 0.3228174 0.3212732 0.0000000E+00 0.0000000E+00
0.3894820 0.3887998 0.3880893 0.3873503 0.3865823 0.3857851 0.3849581 0.3841009 0.3832127 0.3822929 0.3813404 0.3803539 0.3793316 0.3782713 0.3771700 0.3760251 0.3748369 0.3736084 0.3723441 0.3710475 0.3697218 0.3683695 0.3669929 0.3655938 0.3641742 0.3627356 0.3612796 0.3598077 0.3583212 0.3568215 0.3553098 0.3537875 0.3522554 0.3507150 0.3491671 0.3476128 0.3460532 0.3444891 0.3429215 0.3413513 0.3397793 0.3382063 0.3366330 0.3350603 0.3334887 0.3319190 0.3303517 0.3287876 0.3272270 0.3256705 0.3241186 0.3225718 0.3210305 0.0000000E+00 0.0000000E+00
0.3892538 0.3885675 0.3878531 0.3871103 0.3863387 0.3855381 0.3847079 0.3838478 0.3829572 0.3820353 0.3810811 0.3800936 0.3790711 0.3780110 0.3769096 0.3757623 0.3745689 0.3733347 0.3720650 0.3707638 0.3694342 0.3680785 0.3666991 0.3652977 0.3638762 0.3624361 0.3609791 0.3595064 0.3580196 0.3565198 0.3550084 0.3534865 0.3519553 0.3504158 0.3488691 0.3473164 0.3457584 0.3441961 0.3426306 0.3410625 0.3394928 0.3379222 0.3363515 0.3347814 0.3332126 0.3316456 0.3300812 0.3285199 0.3269623 0.3254088 0.3238599 0.3223161 0.3207777 0.0000000E+00 0.0000000E+00
0.3890150 0.3883242 0.3876053 0.3868580 0.3860822 0.3852775 0.3844434 0.3835796 0.3826856 0.3817606 0.3808039 0.3798142 0.3787902 0.3777295 0.3766282 0.3754787 0.3742793 0.3730396 0.3717654 0.3704605 0.3691277 0.3677694 0.3663878 0.3649847 0.3635618 0.3621207 0.3606630 0.3591900 0.3577031 0.3562035 0.3546926 0.3531714 0.3516412 0.3501030 0.3485578 0.3470067 0.3454506 0.3438904 0.3423270 0.3407613 0.3391941 0.3376261 0.3360581 0.3344908 0.3329249 0.3313609 0.3297996 0.3282413 0.3266868 0.3251365 0.3235908 0.3220501 0.3205149 0.0000000E+00 0.0000000E+00
0.3887657 0.3880697 0.3873457 0.3865934 0.3858127 0.3850031 0.3841644 0.3832960 0.3823977 0.3814685 0.3805078 0.3795145 0.3784871 0.3774235 0.3763201 0.3751678 0.3739642 0.3727211 0.3714441 0.3701367 0.3688018 0.3674418 0.3660587 0.3646545 0.3632307 0.3617891 0.3603311 0.3588581 0.3573715 0.3558725 0.3543624 0.3528423 0.3513133 0.3497766 0.3482331 0.3466838 0.3451298 0.3435718 0.3420108 0.3404477 0.3388831 0.3373179 0.3357528 0.3341886 0.3326257 0.3310649 0.3295068 0.3279519 0.3264007 0.3248537 0.3233113 0.3217740 0.3202422 0.0000000E+00 0.0000000E+00
0.3885057 0.3878041 0.3870744 0.3863165 0.3855301 0.3847150 0.3838708 0.3829970 0.3820933 0.3811588 0.3801928 0.3791942 0.3781614 0.3770921 0.3759823 0.3748260 0.3736224 0.3723787 0.3711007 0.3697923 0.3684564 0.3670956 0.3657118 0.3643070 0.3628830 0.3614414 0.3599835 0.3585110 0.3570250 0.3555268 0.3540178 0.3524990 0.3509715 0.3494365 0.3478949 0.3463478 0.3447960 0.3432405 0.3416821 0.3401217 0.3385600 0.3369978 0.3354358 0.3338747 0.3323152 0.3307577 0.3292030 0.3276516 0.3261039 0.3245604 0.3230216 0.3214879 0.3199597 0.0000000E+00 0.0000000E+00
0.3882354 0.3875275 0.3867916 0.3860274 0.3852347 0.3844133 0.3835628 0.3826827 0.3817726 0.3808318 0.3798594 0.3788541 0.3778144 0.3767379 0.3756211 0.3744608 0.3732570 0.3720139 0.3707362 0.3694278 0.3680919 0.3667310 0.3653472 0.3639426 0.3625188 0.3610776 0.3596203 0.3581485 0.3566635 0.3551666 0.3536589 0.3521417 0.3506160 0.3490829 0.3475435 0.3459987 0.3444494 0.3428965 0.3413409 0.3397834 0.3382248 0.3366658 0.3351071 0.3335494 0.3319933 0.3304394 0.3288884 0.3273406 0.3257966 0.3242568 0.3227218 0.3211919 0.3196675 0.0000000E+00 0.0000000E+00
0.3879547 0.3872401 0.3864973 0.3857263 0.3849267 0.3840983 0.3832408 0.3823537 0.3814364 0.3804883 0.3795084 0.3784956 0.3774482 0.3763641 0.3752409 0.3740767 0.3728718 0.3716290 0.3703520 0.3690443 0.3677090 0.3663487 0.3649655 0.3635615 0.3621384 0.3606980 0.3592417 0.3577710 0.3562874 0.3547919 0.3532859 0.3517705 0.3502468 0.3487160 0.3471789 0.3456366 0.3440900 0.3425400 0.3409874 0.3394330 0.3378777 0.3363221 0.3347669 0.3332127 0.3316603 0.3301102 0.3285629 0.3270189 0.3254789 0.3239431 0.3224120 0.3208861 0.3193656 0.0000000E+00 0.0000000E+00
0.3876639 0.3869420 0.3861919 0.3854135 0.3846064 0.3837704 0.3829052 0.3820103 0.3810852 0.3801291 0.3791412 0.3781203 0.3770649 0.3759734 0.3748440 0.3736758 0.3724692 0.3712263 0.3699499 0.3686431 0.3673087 0.3659493 0.3645671 0.3631641 0.3617421 0.3603029 0.3588479 0.3573788 0.3558967 0.3544029 0.3528989 0.3513856 0.3498642 0.3483357 0.3468013 0.3452617 0.3437180 0.3421711 0.3406217 0.3390706 0.3375188 0.3359667 0.3344152 0.3328648 0.3313162 0.3297701 0.3282267 0.3266869 0.3251509 0.3236192 0.3220924 0.3205706 0.3190543 0.0000000E+00 0.0000000E+00
