data/rasters/evap/evaporation_20000110.ASC
NCOLS                  300
NROWS                  325
XLLCORNER       0.0000000E+00
YLLCORNER        300000.0
CELLSIZE         1000.000
NODATA_VALUE    0.0000000E+00
[rows 125 to 149 of 325, columns 220 to 274 of 300]
0.2798766 0.2762321 0.2725461 0.2688251 0.2650749 0.2613009 0.2575076 0.2536995 0.2498805 0.2460544 0.2422246 0.2383943 0.2345663 0.2307435 0.2269283 0.2231231 0.2193300 0.2155511 0.2117881 0.2080428 0.2043167 0.2006112 0.1969275 0.1932668 0.1896302 0.1860186 0.1824327 0.1788734 0.1753412 0.1718368 0.1683605 0.1649129 0.1614941 0.1581044 0.1547440 0.1514130 0.1481114 0.1448392 0.1415961 0.1383820 0.1351967 0.1320399 0.1289112 0.1258102 0.1227364 0.1196893 0.1166685 0.1136734 0.1107034 0.1077579 0.1048364 0.0000000E+00 0.0000000E+00 0.0000000E+00 0.0000000E+00
0.2792553 0.2755926 0.2718893 0.2681519 0.2643860 0.2605968 0.2567888 0.2529666 0.2491338 0.2452941 0.2414509 0.2376074 0.2337664 0.2299306 0.2261026 0.2222845 0.2184787 0.2146870 0.2109114 0.2071534 0.2034146 0.1996965 0.1960003 0.1923272 0.1886783 0.1850544 0.1814566 0.1778854 0.1743416 0.1708257 0.1673383 0.1638798 0.1604505 0.1570507 0.1536805 0.1503401 0.1470294 0.1437485 0.1404973 0.1372754 0.1340828 0.1309190 0.1277837 0.1246765 0.1215969 0.1185445 0.1155185 0.1125186 0.1095441 0.1065944 0.1036690 0.0000000E+00 0.0000000E+00 0.0000000E+00 0.0000000E+00
0.2785669 0.2748878 0.2711692 0.2674173 0.2636375 0.2598351 0.2560143 0.2521795 0.2483346 0.2444829 0.2406280 0.2367727 0.2329201 0.2290728 0.2252332 0.2214036 0.2175863 0.2137831 0.2099960 0.2062265 0.2024763 0.1987467 0.1950391 0.1913547 0.1876945 0.1840595 0.1804506 0.1768686 0.1733141 0.1697879 0.1662903 0.1628218 0.1593829 0.1559738 0.1525946 0.1492456 0.1459268 0.1426381 0.1393795 0.1361507 0.1329515 0.1297815 0.1266405 0.1235278 0.1204432 0.1173860 0.1143556 0.1113516 0.1083732 0.1054200 0.0000000E+00 0.0000000E+00 0.0000000E+00 0.0000000E+00 0.0000000E+00
0.2778074 0.2741147 0.2703833 0.2666192 0.2628280 0.2590143 0.2551828 0.2513374 0.2474821 0.2436202 0.2397550 0.2358897 0.2320269 0.2281695 0.2243197 0.2204800 0.2166525 0.2128391 0.2090417 0.2052620 0.2015015 0.1977616 0.1940438 0.1903491 0.1866788 0.1830337 0.1794148 0.1758230 0.1722588 0.1687231 0.1652163 0.1617388 0.1582912 0.1548736 0.1514864 0.1481297 0.1448036 0.1415079 0.1382427 0.1350078 0.1318028 0.1286274 0.1254814 0.1223641 0.1192751 0.1162139 0.1131799 0.1101724 0.1071909 0.1042346 0.0000000E+00 0.0000000E+00 0.0000000E+00 0.0000000E+00 0.0000000E+00
0.2769738 0.2732707 0.2695296 0.2657563 0.2619560 0.2581336 0.2542934 0.2504396 0.2465757 0.2427053 0.2388317 0.2349578 0.2310865 0.2272204 0.2233620 0.2195135 0.2156772 0.2118549 0.2080485 0.2042597 0.2004901 0.1967412 0.1930142 0.1893104 0.1856310 0.1819770 0.1783492 0.1747485 0.1711757 0.1676314 0.1641163 0.1606308 0.1571753 0.1537503 0.1503559 0.1469923 0.1436597 0.1403579 0.1370870 0.1338467 0.1306368 0.1274569 0.1243066 0.1211854 0.1180929 0.1150284 0.1119914 0.1089811 0.1059971 0.1030385 0.0000000E+00 0.0000000E+00 0.0000000E+00 0.0000000E+00 0.0000000E+00
0.2760639 0.2723545 0.2686071 0.2648275 0.2610210 0.2571923 0.2533458 0.2494855 0.2456151 0.2417382 0.2378578 0.2339771 0.2300988 0.2262256 0.2223599 0.2185041 0.2146602 0.2108303 0.2070162 0.2032197 0.1994422 0.1956854 0.1919505 0.1882388 0.1845514 0.1808894 0.1772537 0.1736452 0.1700648 0.1665130 0.1629905 0.1594978 0.1560355 0.1526038 0.1492031 0.1458336 0.1424953 0.1391883 0.1359124 0.1326676 0.1294536 0.1262699 0.1231162 0.1199920 0.1168966 0.1138296 0.1107903 0.1077780 0.1047920 0.1018318 9.8896563E-02 9.5985673E-02 0.0000000E+00 0.0000000E+00 0.0000000E+00
0.2750773 0.2713656 0.2676154 0.2638327 0.2600228 0.2561904 0.2523399 0.2484753 0.2446005 0.2407188 0.2368334 0.2329475 0.2290639 0.2251851 0.2213136 0.2174519 0.2136019 0.2097657 0.2059452 0.2021421 0.1983580 0.1945945 0.1908528 0.1871342 0.1834400 0.1797711 0.1761286 0.1725134 0.1689262 0.1653679 0.1618390 0.1583401 0.1548718 0.1514344 0.1480282 0.1446535 0.1413105 0.1379991 0.1347192 0.1314707 0.1282534 0.1250667 0.1219104 0.1187838 0.1156865 0.1126177 0.1095768 0.1065631 0.1035760 0.1006147 9.7678535E-02 9.4766833E-02 9.1878891E-02 0.0000000E+00 0.0000000E+00
0.2740152 0.2703049 0.2665554 0.2627726 0.2589619 0.2551283 0.2512760 0.2474094 0.2435320 0.2396474 0.2357589 0.2318695 0.2279820 0.2240991 0.2202234 0.2163571 0.2125023 0.2086612 0.2048356 0.2010272 0.1972377 0.1934686 0.1897213 0.1859971 0.1822971 0.1786224 0.1749742 0.1713532 0.1677604 0.1641964 0.1606621 0.1571579 0.1536845 0.1502422 0.1468315 0.1434525 0.1401055 0.1367905 0.1335075 0.1302562 0.1270363 0.1238476 0.1206894 0.1175613 0.1144627 0.1113929 0.1083511 0.1053368 0.1023491 9.9387437E-02 9.6450970E-02 9.3539029E-02 9.0650924E-02 0.0000000E+00 0.0000000E+00
0.2728801 0.2691746 0.2654286 0.2616484 0.2578396 0.2540070 0.2501552 0.2462884 0.2424104 0.2385247 0.2346347 0.2307434 0.2268537 0.2229683 0.2190897 0.2152202 0.2113620 0.2075173 0.2036878 0.1998754 0.1960817 0.1923083 0.1885565 0.1848277 0.1811230 0.1774437 0.1737907 0.1701650 0.1665675 0.1629990 0.1594601 0.1559515 0.1524739 0.1490276 0.1456132 0.1422308 0.1388807 0.1355630 0.1322776 0.1290243 0.1258028 0.1226127 0.1194536 0.1163248 0.1132256 0.1101555 0.1071137 0.1040994 0.1011118 9.8150343E-02 9.5214151E-02 9.2302546E-02 8.9414805E-02 8.6550236E-02 0.0000000E+00
0.2716758 0.2679774 0.2642374 0.2604622 0.2566573 0.2528279 0.2489786 0.2451136 0.2412367 0.2373517 0.2334618 0.2295701 0.2256797 0.2217931 0.2179130 0.2140417 0.2101815 0.2063344 0.2025024 0.1986871 0.1948904 0.1911138 0.1873587 0.1836265 0.1799183 0.1762353 0.1725787 0.1689493 0.1653481 0.1617759 0.1582334 0.1547214 0.1512404 0.1477910 0.1443737 0.1409888 0.1376364 0.1343168 0.1310298 0.1277753 0.1245531 0.1213625 0.1182032 0.1150745 0.1119756 0.1089060 0.1058647 0.1028511 9.9864386E-02 9.6903726E-02 9.3968406E-02 9.1057681E-02 8.8170834E-02 8.5307166E-02 0.0000000E+00
0.2704065 0.2667169 0.2629847 0.2592163 0.2554173 0.2515928 0.2477477 0.2438861 0.2400121 0.2361293 0.2322410 0.2283505 0.2244608 0.2205745 0.2166942 0.2128225 0.2089615 0.2051133 0.2012798 0.1974630 0.1936645 0.1898859 0.1861286 0.1823940 0.1786834 0.1749979 0.1713386 0.1677065 0.1641026 0.1605277 0.1569825 0.1534679 0.1499845 0.1465329 0.1431135 0.1397268 0.1363730 0.1330523 0.1297646 0.1265098 0.1232876 0.1200974 0.1169387 0.1138109 0.1107131 0.1076447 0.1046048 0.1015925 9.8607197E-02 9.5647983E-02 9.2714094E-02 8.9804798E-02 8.6919352E-02 8.4057063E-02 0.0000000E+00
0.2690766 0.2653969 0.2616737 0.2579135 0.2541218 0.2503039 0.2464644 0.2426078 0.2387381 0.2348589 0.2309737 0.2270857 0.2231980 0.2193133 0.2154342 0.2115633 0.2077027 0.2038546 0.2000210 0.1962038 0.1924046 0.1886251 0.1848668 0.1811309 0.1774189 0.1737320 0.1700711 0.1664373 0.1628317 0.1592550 0.1557081 0.1521918 0.1487068 0.1452537 0.1418331 0.1384454 0.1350910 0.1317700 0.1284825 0.1252282 0.1220068 0.1188179 0.1156607 0.1125345 0.1094386 0.1063721 0.1033342 0.1003240 9.7340703E-02 9.4383508E-02 9.1451623E-02 8.8544272E-02 8.5660718E-02 8.2800269E-02 0.0000000E+00
0.2676905 0.2640211 0.2603078 0.2565567 0.2527735 0.2489633 0.2451309 0.2412805 0.2374163 0.2335421 0.2296612 0.2257770 0.2218926 0.2180107 0.2141340 0.2102650 0.2064061 0.2025593 0.1987267 0.1949102 0.1911115 0.1873322 0.1835739 0.1798380 0.1761257 0.1724382 0.1687768 0.1651424 0.1615359 0.1579584 0.1544107 0.1508936 0.1474079 0.1439542 0.1405331 0.1371453 0.1337910 0.1304706 0.1271840 0.1239310 0.1207114 0.1175244 0.1143695 0.1112458 0.1081525 0.1050887 0.1020535 9.9046007E-02 9.6065372E-02 9.3110777E-02 9.0181410E-02 8.7276511E-02 8.4395327E-02 8.1537157E-02 0.0000000E+00
0.2662523 0.2625933 0.2588903 0.2551491 0.2513752 0.2475736 0.2437492 0.2399061 0.2360487 0.2321805 0.2283051 0.2244259 0.2205458 0.2166679 0.2127948 0.2089289 0.2050727 0.2012283 0.1973978 0.1935831 0.1897860 0.1860081 0.1822509 0.1785159 0.1748044 0.1711175 0.1674565 0.1638224 0.1602162 0.1566388 0.1530912 0.1495741 0.1460885 0.1426350 0.1392143 0.1358270 0.1324737 0.1291546 0.1258697 0.1226189 0.1194018 0.1162177 0.1130660 0.1099456 0.1068556 0.1037952 0.1007633 9.7759143E-02 9.4781741E-02 9.1830283E-02 8.8903949E-02 8.6001962E-02 8.3123595E-02 8.0268122E-02 0.0000000E+00
0.2647659 0.2611172 0.2574246 0.2536936 0.2499295 0.2461373 0.2423217 0.2384869 0.2346370 0.2307759 0.2269070 0.2230338 0.2191592 0.2152863 0.2114177 0.2075560 0.2037036 0.1998627 0.1960353 0.1922235 0.1884291 0.1846536 0.1808986 0.1771656 0.1734558 0.1697706 0.1661111 0.1624784 0.1588733 0.1552970 0.1517504 0.1482342 0.1447495 0.1412969 0.1378773 0.1344914 0.1311398 0.1278227 0.1245404 0.1212926 0.1180789 0.1148985 0.1117507 0.1086343 0.1055485 0.1024921 9.9464290E-02 9.6464001E-02 9.3490370E-02 9.0542547E-02 8.7619714E-02 8.4721103E-02 8.1845954E-02 7.8993581E-02 0.0000000E+00
0.2632349 0.2595963 0.2559140 0.2521933 0.2484394 0.2446571 0.2408508 0.2370249 0.2331834 0.2293302 0.2254687 0.2216023 0.2177342 0.2138672 0.2100041 0.2061476 0.2023000 0.1984636 0.1946404 0.1908326 0.1870417 0.1832697 0.1795179 0.1757879 0.1720811 0.1683985 0.1647415 0.1611111 0.1575082 0.1539339 0.1503892 0.1468748 0.1433918 0.1399410 0.1365232 0.1331394 0.1297901 0.1264758 0.1231968 0.1199529 0.1167434 0.1135676 0.1104245 0.1073130 0.1042319 0.1011803 9.8157056E-02 9.5161207E-02 9.2191860E-02 8.9248143E-02 8.6329252E-02 8.3434410E-02 8.0562882E-02 7.7713966E-02 0.0000000E+00
0.2616627 0.2580336 0.2543615 0.2506512 0.2469076 0.2431354 0.2393389 0.2355225 0.2316900 0.2278454 0.2239920 0.2201333 0.2162723 0.2124122 0.2085556 0.2047051 0.2008632 0.1970322 0.1932142 0.1894112 0.1856251 0.1818574 0.1781099 0.1743840 0.1706810 0.1670021 0.1633486 0.1597215 0.1561218 0.1525506 0.1490086 0.1454970 0.1420165 0.1385682 0.1351530 0.1317718 0.1284256 0.1251148 0.1218399 0.1186006 0.1153963 0.1122259 0.1090883 0.1059824 0.1029068 9.9860474E-02 9.6842356E-02 9.3851447E-02 9.0886839E-02 8.7947659E-02 8.5033104E-02 8.2142405E-02 7.9274841E-02 0.0000000E+00 0.0000000E+00
0.2600521 0.2564323 0.2527700 0.2490699 0.2453367 0.2415748 0.2377885 0.2339819 0.2301589 0.2263234 0.2224787 0.2186284 0.2147754 0.2109228 0.2070734 0.2032298 0.1993946 0.1955699 0.1917579 0.1879607 0.1841802 0.1804179 0.1766756 0.1729547 0.1692566 0.1655824 0.1619335 0.1583107 0.1547152 0.1511479 0.1476098 0.1441018 0.1406247 0.1371797 0.1337678 0.1303900 0.1270474 0.1237408 0.1204707 0.1172369 0.1140385 0.1108744 0.1077432 0.1046434 0.1015739 9.8533459E-02 9.5520958E-02 9.2535429E-02 8.9575961E-02 8.6641692E-02 8.3731830E-02 8.0845609E-02 7.7982329E-02 0.0000000E+00 0.0000000E+00
0.2584061 0.2547950 0.2511423 0.2474523 0.2437293 0.2399778 0.2362017 0.2324053 0.2285922 0.2247662 0.2209308 0.2170894 0.2132450 0.2094007 0.2055592 0.2017233 0.1978954 0.1940778 0.1902728 0.1864823 0.1827082 0.1789523 0.1752162 0.1715013 0.1678090 0.1641406 0.1604972 0.1568798 0.1532895 0.1497272 0.1461939 0.1426904 0.1392177 0.1357768 0.1323688 0.1289950 0.1256566 0.1223548 0.1190903 0.1158628 0.1126713 0.1095143 0.1063901 0.1032972 0.1002343 9.7200133E-02 9.4193660E-02 9.1213882E-02 8.8259898E-02 8.5330866E-02 8.2425997E-02 7.9544552E-02 0.0000000E+00 0.0000000E+00 0.0000000E+00
0.2567274 0.2531247 0.2494811 0.2458008 0.2420880 0.2383468 0.2345811 0.2307949 0.2269920 0.2231760 0.2193502 0.2155182 0.2116829 0.2078474 0.2040146 0.2001870 0.1963672 0.1925575 0.1887601 0.1849771 0.1812104 0.1774618 0.1737327 0.1700248 0.1663394 0.1626776 0.1590408 0.1554298 0.1518458 0.1482895 0.1447620 0.1412641 0.1377967 0.1343608 0.1309577 0.1275885 0.1242548 0.1209583 0.1177001 0.1144798 0.1112961 0.1081469 0.1050303 0.1019448 9.8888867E-02 9.5861383E-02 9.2861265E-02 8.9887537E-02 8.6939320E-02 8.4015787E-02 8.1116170E-02 7.8239746E-02 0.0000000E+00 0.0000000E+00 0.0000000E+00
0.2550183 0.2514235 0.2477888 0.2441180 0.2404152 0.2366841 0.2329288 0.2291531 0.2253604 0.2215546 0.2177389 0.2139166 0.2100909 0.2062648 0.2024410 0.1986224 0.1948113 0.1910102 0.1872212 0.1834466 0.1796880 0.1759474 0.1722264 0.1685264 0.1648487 0.1611947 0.1575654 0.1539619 0.1503851 0.1468360 0.1433154 0.1398241 0.1363631 0.1329333 0.1295359 0.1261721 0.1228437 0.1195529 0.1163016 0.1130895 0.1099144 0.1067737 0.1036652 0.1005873 9.7538672E-02 9.4518110E-02 9.1524564E-02 8.8557109E-02 8.5614882E-02 8.2697064E-02 7.9802923E-02 7.6931730E-02 0.0000000E+00 0.0000000E+00 0.0000000E+00
0.2532813 0.2496940 0.2460677 0.2424061 0.2387130 0.2349921 0.2312471 0.2274817 0.2236996 0.2199041 0.2160986 0.2122864 0.2084707 0.2046543 0.2008402 0.1970310 0.1932293 0.1894374 0.1856575 0.1818919 0.1781423 0.1744106 0.1706983 0.1670071 0.1633382 0.1596928 0.1560721 0.1524771 0.1489087 0.1453678 0.1418553 0.1383718 0.1349184 0.1314958 0.1281052 0.1247478 0.1214253 0.1181405 0.1148969 0.1116941 0.1085282 0.1053962 0.1022960 9.9225901E-02 9.6184671E-02 9.3171149E-02 9.0184331E-02 8.7223299E-02 8.4287211E-02 8.1375286E-02 7.8486778E-02 7.5621001E-02 0.0000000E+00 0.0000000E+00 0.0000000E+00
0.2515185 0.2479383 0.2443201 0.2406675 0.2369839 0.2332729 0.2295381 0.2257831 0.2220114 0.2182264 0.2144313 0.2106296 0.2068241 0.2030178 0.1992138 0.1954145 0.1916226 0.1878405 0.1840704 0.1803144 0.1765745 0.1728524 0.1691498 0.1654682 0.1618089 0.1581732 0.1545621 0.1509766 0.1474177 0.1438861 0.1403828 0.1369084 0.1334638 0.1300498 0.1266674 0.1233177 0.1200025 0.1167242 0.1134889 0.1102961 0.1071394 0.1040160 0.1009239 9.7861566E-02 9.4827726E-02 9.1821291E-02 8.8841259E-02 8.5886747E-02 8.2956918E-02 8.0050997E-02 7.7168271E-02 7.4308038E-02 0.0000000E+00 0.0000000E+00 0.0000000E+00
0.2497319 0.2461585 0.2425482 0.2389042 0.2352298 0.2315286 0.2278039 0.2240592 0.2202980 0.2165235 0.2127390 0.2089477 0.2051528 0.2013570 0.1975633 0.1937744 0.1899928 0.1862209 0.1824611 0.1787154 0.1749858 0.1712742 0.1675820 0.1639109 0.1602621 0.1566369 0.1530363 0.1494614 0.1459130 0.1423919 0.1388989 0.1354348 0.1320003 0.1285963 0.1252237 0.1218837 0.1185779 0.1153091 0.1120826 0.1088981 0.1057497 0.1026343 9.9549942E-02 9.6495144E-02 9.3468592E-02 9.0469204E-02 8.7495975E-02 8.4548026E-02 8.1624530E-02 7.8724720E-02 7.5847872E-02 7.2993308E-02 7.0160381E-02 0.0000000E+00 0.0000000E+00
0.2479235 0.2443567 0.2407539 0.2371182 0.2334529 0.2297612 0.2260464 0.2223120 0.2185612 0.2147973 0.2110235 0.2072429 0.2034586 0.1996735 0.1958905 0.1921122 0.1883413 0.1845802 0.1808312 0.1770964 0.1733777 0.1696771 0.1659961 0.1623362 0.1586988 0.1550850 0.1514960 0.1479326 0.1443957 0.1408862 0.1374047 0.1339520 0.1305290 0.1271363 0.1237751 0.1204465 0.1171523 0.1138951 0.1106780 0.1075007 0.1043596 0.1012516 9.8174699E-02 9.5127217E-02 9.2107840E-02 8.9115441E-02 8.6149015E-02 8.3207659E-02 8.0290549E-02 7.7396914E-02 7.4526034E-02 7.1677238E-02 6.8849877E-02 6.6043347E-02 0.0000000E+00
