data/rasters/evap/evaporation_20000107.ASC
NCOLS                  300
NROWS                  325
XLLCORNER       0.0000000E+00
YLLCORNER        300000.0
CELLSIZE         1000.000
NODATA_VALUE    0.0000000E+00
[rows 150 to 174 of 325, columns 165 to 219 of 300]
0.2541745 0.2540934 0.2540064 0.2539128 0.2538122 0.2537043 0.2535889 0.2534660 0.2533356 0.2531978 0.2530529 0.2529011 0.2527429 0.2525784 0.2524083 0.2522329 0.2520525 0.2518677 0.2516787 0.2514859 0.2512895 0.2510896 0.2508864 0.2506799 0.2504697 0.2502559 0.2500378 0.2498151 0.2495871 0.2493530 0.2491121 0.2488634 0.2486060 0.2483387 0.2480604 0.2477700 0.2474663 0.2471482 0.2468143 0.2464636 0.2460948 0.2457069 0.2452988 0.2448696 0.2444184 0.2439445 0.2434473 0.2429264 0.2423814 0.2418123 0.2412193 0.2406026 0.2399627 0.2393004 0.2386165
0.2534875 0.2534108 0.2533280 0.2532386 0.2531420 0.2530380 0.2529264 0.2528072 0.2526803 0.2525459 0.2524043 0.2522557 0.2521006 0.2519392 0.2517722 0.2515998 0.2514226 0.2512411 0.2510555 0.2508663 0.2506737 0.2504780 0.2502793 0.2500775 0.2498726 0.2496642 0.2494520 0.2492356 0.2490141 0.2487869 0.2485531 0.2483118 0.2480620 0.2478024 0.2475320 0.2472497 0.2469541 0.2466442 0.2463187 0.2459764 0.2456163 0.2452372 0.2448382 0.2444182 0.2439767 0.2435127 0.2430258 0.2425155 0.2419817 0.2414243 0.2408433 0.2402391 0.2396121 0.2389631 0.2382927
0.2528255 0.2527528 0.2526739 0.2525882 0.2524952 0.2523946 0.2522862 0.2521701 0.2520461 0.2519145 0.2517756 0.2516297 0.2514770 0.2513181 0.2511535 0.2509836 0.2508090 0.2506301 0.2504473 0.2502612 0.2500720 0.2498800 0.2496853 0.2494879 0.2492878 0.2490847 0.2488782 0.2486678 0.2484527 0.2482323 0.2480057 0.2477717 0.2475294 0.2472777 0.2470153 0.2467410 0.2464537 0.2461521 0.2458350 0.2455014 0.2451500 0.2447798 0.2443899 0.2439793 0.2435474 0.2430934 0.2426168 0.2421172 0.2415945 0.2410485 0.2404794 0.2398875 0.2392732 0.2386371 0.2379800
0.2521904 0.2521214 0.2520459 0.2519634 0.2518735 0.2517757 0.2516701 0.2515564 0.2514348 0.2513055 0.2511686 0.2510246 0.2508739 0.2507168 0.2505540 0.2503859 0.2502132 0.2500364 0.2498559 0.2496722 0.2494858 0.2492970 0.2491059 0.2489126 0.2487170 0.2485188 0.2483178 0.2481133 0.2479046 0.2476909 0.2474713 0.2472447 0.2470101 0.2467661 0.2465117 0.2462456 0.2459666 0.2456734 0.2453649 0.2450400 0.2446974 0.2443362 0.2439555 0.2435544 0.2431321 0.2426880 0.2422217 0.2417328 0.2412210 0.2406864 0.2401290 0.2395492 0.2389473 0.2383239 0.2376798
0.2515842 0.2515183 0.2514458 0.2513661 0.2512787 0.2511833 0.2510797 0.2509680 0.2508482 0.2507204 0.2505850 0.2504424 0.2502928 0.2501369 0.2499753 0.2498084 0.2496370 0.2494615 0.2492827 0.2491010 0.2489168 0.2487307 0.2485427 0.2483530 0.2481616 0.2479682 0.2477724 0.2475736 0.2473712 0.2471642 0.2469516 0.2467324 0.2465054 0.2462693 0.2460230 0.2457652 0.2454945 0.2452099 0.2449100 0.2445938 0.2442601 0.2439080 0.2435365 0.2431448 0.2427322 0.2422980 0.2418420 0.2413636 0.2408627 0.2403392 0.2397934 0.2392254 0.2386357 0.2380247 0.2373933
0.2510085 0.2509454 0.2508754 0.2507979 0.2507125 0.2506189 0.2505169 0.2504065 0.2502879 0.2501611 0.2500265 0.2498845 0.2497355 0.2495802 0.2494190 0.2492527 0.2490819 0.2489072 0.2487294 0.2485490 0.2483666 0.2481826 0.2479973 0.2478109 0.2476233 0.2474343 0.2472435 0.2470504 0.2468541 0.2466537 0.2464482 0.2462364 0.2460170 0.2457890 0.2455508 0.2453012 0.2450391 0.2447630 0.2444718 0.2441643 0.2438396 0.2434965 0.2431343 0.2427520 0.2423490 0.2419248 0.2414789 0.2410109 0.2405207 0.2400083 0.2394738 0.2389174 0.2383396 0.2377408 0.2371217
0.2504653 0.2504044 0.2503364 0.2502606 0.2501766 0.2500842 0.2499832 0.2498736 0.2497555 0.2496291 0.2494947 0.2493527 0.2492037 0.2490482 0.2488869 0.2487204 0.2485495 0.2483750 0.2481975 0.2480178 0.2478366 0.2476542 0.2474711 0.2472875 0.2471034 0.2469186 0.2467327 0.2465451 0.2463548 0.2461611 0.2459626 0.2457582 0.2455467 0.2453266 0.2450966 0.2448554 0.2446017 0.2443343 0.2440518 0.2437532 0.2434373 0.2431033 0.2427503 0.2423774 0.2419840 0.2415696 0.2411337 0.2406760 0.2401964 0.2396949 0.2391715 0.2386265 0.2380602 0.2374733 0.2368663
0.2499562 0.2498970 0.2498304 0.2497557 0.2496726 0.2495809 0.2494803 0.2493708 0.2492527 0.2491260 0.2489912 0.2488487 0.2486990 0.2485427 0.2483805 0.2482132 0.2480416 0.2478665 0.2476888 0.2475092 0.2473284 0.2471471 0.2469658 0.2467846 0.2466037 0.2464228 0.2462416 0.2460593 0.2458751 0.2456879 0.2454965 0.2452996 0.2450958 0.2448838 0.2446621 0.2444293 0.2441841 0.2439253 0.2436515 0.2433617 0.2430548 0.2427298 0.2423859 0.2420224 0.2416385 0.2412338 0.2408078 0.2403602 0.2398910 0.2394001 0.2388876 0.2383537 0.2377988 0.2372234 0.2366281
0.2494829 0.2494248 0.2493590 0.2492849 0.2492021 0.2491104 0.2490096 0.2488998 0.2487810 0.2486535 0.2485177 0.2483739 0.2482229 0.2480652 0.2479015 0.2477327 0.2475597 0.2473834 0.2472047 0.2470245 0.2468437 0.2466629 0.2464827 0.2463036 0.2461255 0.2459483 0.2457716 0.2455945 0.2454163 0.2452357 0.2450514 0.2448621 0.2446662 0.2444622 0.2442488 0.2440245 0.2437878 0.2435376 0.2432725 0.2429914 0.2426934 0.2423774 0.2420426 0.2416882 0.2413137 0.2409185 0.2405022 0.2400647 0.2396056 0.2391251 0.2386232 0.2381002 0.2375564 0.2369923 0.2364085
0.2490469 0.2489894 0.2489238 0.2488496 0.2487666 0.2486743 0.2485728 0.2484619 0.2483419 0.2482130 0.2480756 0.2479301 0.2477771 0.2476173 0.2474515 0.2472806 0.2471056 0.2469273 0.2467470 0.2465655 0.2463840 0.2462031 0.2460236 0.2458460 0.2456704 0.2454966 0.2453242 0.2451525 0.2449802 0.2448062 0.2446291 0.2444473 0.2442593 0.2440635 0.2438584 0.2436424 0.2434143 0.2431726 0.2429162 0.2426438 0.2423545 0.2420473 0.2417214 0.2413761 0.2410108 0.2406250 0.2402183 0.2397905 0.2393414 0.2388711 0.2383796 0.2378671 0.2373341 0.2367810 0.2362083
0.2486497 0.2485920 0.2485261 0.2484513 0.2483674 0.2482740 0.2481711 0.2480587 0.2479370 0.2478061 0.2476665 0.2475186 0.2473631 0.2472007 0.2470322 0.2468585 0.2466807 0.2464999 0.2463172 0.2461338 0.2459508 0.2457693 0.2455900 0.2454134 0.2452400 0.2450694 0.2449012 0.2447346 0.2445683 0.2444010 0.2442311 0.2440569 0.2438769 0.2436892 0.2434923 0.2432848 0.2430651 0.2428319 0.2425840 0.2423202 0.2420395 0.2417410 0.2414238 0.2410874 0.2407311 0.2403545 0.2399571 0.2395388 0.2390994 0.2386390 0.2381576 0.2376555 0.2371330 0.2365905 0.2360286
0.2482926 0.2482342 0.2481672 0.2480912 0.2480058 0.2479107 0.2478060 0.2476915 0.2475675 0.2474341 0.2472918 0.2471410 0.2469825 0.2468168 0.2466450 0.2464680 0.2462868 0.2461028 0.2459171 0.2457310 0.2455460 0.2453631 0.2451833 0.2450074 0.2448357 0.2446682 0.2445041 0.2443426 0.2441823 0.2440218 0.2438591 0.2436926 0.2435205 0.2433410 0.2431524 0.2429531 0.2427417 0.2425169 0.2422773 0.2420219 0.2417496 0.2414596 0.2411510 0.2408232 0.2404757 0.2401080 0.2397197 0.2393107 0.2388807 0.2384299 0.2379584 0.2374662 0.2369539 0.2364218 0.2358705
0.2479769 0.2479170 0.2478483 0.2477705 0.2476830 0.2475858 0.2474786 0.2473616 0.2472347 0.2470984 0.2469529 0.2467988 0.2466367 0.2464674 0.2462917 0.2461107 0.2459256 0.2457376 0.2455482 0.2453589 0.2451711 0.2449861 0.2448054 0.2446296 0.2444594 0.2442945 0.2441345 0.2439781 0.2438240 0.2436702 0.2435149 0.2433561 0.2431919 0.2430205 0.2428400 0.2426489 0.2424456 0.2422289 0.2419975 0.2417502 0.2414861 0.2412043 0.2409041 0.2405847 0.2402457 0.2398866 0.2395071 0.2391070 0.2386862 0.2382448 0.2377827 0.2373004 0.2367979 0.2362759 0.2357347
0.2477035 0.2476415 0.2475705 0.2474902 0.2474002 0.2473002 0.2471902 0.2470701 0.2469400 0.2468003 0.2466512 0.2464933 0.2463272 0.2461537 0.2459738 0.2457883 0.2455987 0.2454063 0.2452125 0.2450192 0.2448278 0.2446402 0.2444578 0.2442816 0.2441125 0.2439502 0.2437941 0.2436430 0.2434950 0.2433481 0.2432002 0.2430491 0.2428928 0.2427293 0.2425568 0.2423736 0.2421783 0.2419695 0.2417459 0.2415065 0.2412503 0.2409764 0.2406842 0.2403729 0.2400421 0.2396913 0.2393203 0.2389289 0.2385169 0.2380845 0.2376317 0.2371587 0.2366658 0.2361535 0.2356222
0.2474734 0.2474086 0.2473347 0.2472514 0.2471583 0.2470551 0.2469417 0.2468181 0.2466844 0.2465409 0.2463879 0.2462258 0.2460555 0.2458774 0.2456927 0.2455025 0.2453079 0.2451104 0.2449117 0.2447136 0.2445181 0.2443270 0.2441423 0.2439652 0.2437968 0.2436369 0.2434848 0.2433389 0.2431972 0.2430573 0.2429168 0.2427734 0.2426249 0.2424691 0.2423043 0.2421289 0.2419412 0.2417399 0.2415238 0.2412919 0.2410433 0.2407769 0.2404923 0.2401888 0.2398658 0.2395230 0.2391602 0.2387771 0.2383737 0.2379499 0.2375059 0.2370420 0.2365584 0.2360555 0.2355339
0.2472874 0.2472191 0.2471417 0.2470548 0.2469581 0.2468512 0.2467340 0.2466066 0.2464689 0.2463213 0.2461641 0.2459977 0.2458227 0.2456399 0.2454502 0.2452548 0.2450548 0.2448519 0.2446477 0.2444443 0.2442438 0.2440486 0.2438607 0.2436822 0.2435140 0.2433564 0.2432083 0.2430679 0.2429327 0.2427998 0.2426668 0.2425309 0.2423898 0.2422416 0.2420842 0.2419160 0.2417355 0.2415414 0.2413324 0.2411076 0.2408661 0.2406069 0.2403295 0.2400333 0.2397178 0.2393827 0.2390276 0.2386525 0.2382572 0.2378418 0.2374063 0.2369511 0.2364765 0.2359827 0.2354703
0.2471460 0.2470736 0.2469921 0.2469011 0.2468003 0.2466893 0.2465680 0.2464364 0.2462945 0.2461426 0.2459809 0.2458099 0.2456301 0.2454424 0.2452476 0.2450468 0.2448412 0.2446325 0.2444225 0.2442132 0.2440071 0.2438068 0.2436151 0.2434344 0.2432662 0.2431108 0.2429669 0.2428321 0.2427035 0.2425777 0.2424519 0.2423233 0.2421895 0.2420483 0.2418978 0.2417365 0.2415627 0.2413752 0.2411729 0.2409547 0.2407198 0.2404673 0.2401967 0.2399074 0.2395990 0.2392710 0.2389234 0.2385558 0.2381683 0.2377608 0.2373336 0.2368868 0.2364207 0.2359357 0.2354322
0.2470496 0.2469724 0.2468864 0.2467909 0.2466855 0.2465701 0.2464444 0.2463083 0.2461620 0.2460055 0.2458392 0.2456635 0.2454790 0.2452863 0.2450863 0.2448800 0.2446688 0.2444542 0.2442381 0.2440225 0.2438102 0.2436042 0.2434078 0.2432241 0.2430555 0.2429022 0.2427627 0.2426339 0.2425119 0.2423932 0.2422743 0.2421526 0.2420255 0.2418908 0.2417467 0.2415915 0.2414239 0.2412425 0.2410462 0.2408340 0.2406052 0.2403590 0.2400947 0.2398118 0.2395100 0.2391888 0.2388481 0.2384877 0.2381075 0.2377077 0.2372883 0.2368495 0.2363916 0.2359151 0.2354203
0.2469985 0.2469160 0.2468248 0.2467243 0.2466141 0.2464939 0.2463635 0.2462229 0.2460719 0.2459108 0.2457399 0.2455595 0.2453702 0.2451726 0.2449675 0.2447560 0.2445392 0.2443188 0.2440965 0.2438745 0.2436557 0.2434433 0.2432412 0.2430537 0.2428841 0.2427332 0.2425985 0.2424758 0.2423605 0.2422484 0.2421361 0.2420206 0.2418995 0.2417706 0.2416321 0.2414824 0.2413202 0.2411442 0.2409533 0.2407466 0.2405233 0.2402827 0.2400242 0.2397473 0.2394516 0.2391367 0.2388025 0.2384488 0.2380756 0.2376830 0.2372710 0.2368398 0.2363899 0.2359215 0.2354350
0.2469926 0.2469044 0.2468077 0.2467018 0.2465864 0.2464612 0.2463259 0.2461804 0.2460248 0.2458591 0.2456836 0.2454986 0.2453046 0.2451023 0.2448924 0.2446759 0.2444540 0.2442281 0.2439999 0.2437717 0.2435463 0.2433270 0.2431185 0.2429261 0.2427551 0.2426067 0.2424773 0.2423608 0.2422519 0.2421458 0.2420392 0.2419291 0.2418130 0.2416890 0.2415553 0.2414103 0.2412527 0.2410813 0.2408951 0.2406932 0.2404748 0.2402392 0.2399859 0.2397144 0.2394242 0.2391152 0.2387870 0.2384396 0.2380730 0.2376871 0.2372822 0.2368584 0.2364160 0.2359553 0.2354769
0.2470319 0.2469375 0.2468348 0.2467233 0.2466025 0.2464720 0.2463317 0.2461814 0.2460211 0.2458508 0.2456708 0.2454814 0.2452830 0.2450763 0.2448619 0.2446409 0.2444143 0.2441835 0.2439502 0.2437164 0.2434849 0.2432590 0.2430434 0.2428450 0.2426718 0.2425266 0.2424029 0.2422924 0.2421888 0.2420877 0.2419856 0.2418796 0.2417675 0.2416473 0.2415172 0.2413760 0.2412221 0.2410545 0.2408722 0.2406744 0.2404602 0.2402291 0.2399804 0.2397137 0.2394286 0.2391248 0.2388022 0.2384607 0.2381001 0.2377207 0.2373224 0.2369055 0.2364702 0.2360170 0.2355463
0.2471161 0.2470151 0.2469062 0.2467888 0.2466623 0.2465265 0.2463810 0.2462258 0.2460608 0.2458861 0.2457017 0.2455081 0.2453057 0.2450950 0.2448767 0.2446518 0.2444213 0.2441865 0.2439490 0.2437108 0.2434744 0.2432430 0.2430211 0.2428157 0.2426392 0.2424982 0.2423798 0.2422738 0.2421740 0.2420760 0.2419767 0.2418734 0.2417639 0.2416462 0.2415188 0.2413802 0.2412291 0.2410645 0.2408853 0.2406908 0.2404801 0.2402527 0.2400080 0.2397455 0.2394649 0.2391660 0.2388485 0.2385123 0.2381574 0.2377839 0.2373918 0.2369814 0.2365530 0.2361069 0.2356436
0.2472448 0.2471369 0.2470215 0.2468979 0.2467656 0.2466244 0.2464738 0.2463137 0.2461441 0.2459650 0.2457766 0.2455791 0.2453730 0.2451588 0.2449372 0.2447091 0.2444755 0.2442378 0.2439974 0.2437563 0.2435170 0.2432825 0.2430570 0.2428470 0.2426666 0.2425291 0.2424128 0.2423081 0.2422092 0.2421122 0.2420138 0.2419114 0.2418030 0.2416866 0.2415606 0.2414235 0.2412743 0.2411117 0.2409348 0.2407428 0.2405349 0.2403105 0.2400691 0.2398103 0.2395337 0.2392390 0.2389260 0.2385947 0.2382450 0.2378770 0.2374908 0.2370866 0.2366646 0.2362253 0.2357690
0.2474173 0.2473023 0.2471802 0.2470503 0.2469122 0.2467654 0.2466097 0.2464449 0.2462708 0.2460876 0.2458953 0.2456943 0.2454850 0.2452678 0.2450435 0.2448130 0.2445773 0.2443377 0.2440958 0.2438536 0.2436135 0.2433788 0.2431540 0.2429461 0.2427674 0.2426241 0.2425038 0.2423963 0.2422953 0.2421967 0.2420972 0.2419941 0.2418852 0.2417686 0.2416428 0.2415063 0.2413578 0.2411963 0.2410208 0.2408305 0.2406247 0.2404027 0.2401640 0.2399082 0.2396350 0.2393440 0.2390351 0.2387082 0.2383633 0.2380003 0.2376196 0.2372211 0.2368052 0.2363723 0.2359227
0.2476330 0.2475107 0.2473817 0.2472455 0.2471015 0.2469492 0.2467884 0.2466189 0.2464406 0.2462535 0.2460577 0.2458535 0.2456414 0.2454218 0.2451954 0.2449633 0.2447263 0.2444860 0.2442439 0.2440021 0.2437632 0.2435307 0.2433093 0.2431057 0.2429278 0.2427783 0.2426509 0.2425375 0.2424318 0.2423294 0.2422268 0.2421213 0.2420104 0.2418924 0.2417656 0.2416284 0.2414798 0.2413184 0.2411435 0.2409542 0.2407497 0.2405294 0.2402928 0.2400394 0.2397690 0.2394812 0.2391759 0.2388529 0.2385122 0.2381540 0.2377782 0.2373851 0.2369750 0.2365481 0.2361049
