data/rasters/evap/evaporation_20000109.ASC
NCOLS                  300
NROWS                  325
XLLCORNER       0.0000000E+00
YLLCORNER        300000.0
CELLSIZE         1000.000
NODATA_VALUE    0.0000000E+00
[rows 25 to 49 of 325, columns 165 to 219 of 300]
0.0000000E+00 0.0000000E+00 0.0000000E+00 0.0000000E+00 0.0000000E+00 0.0000000E+00 0.0000000E+00 0.0000000E+00 0.0000000E+00 0.0000000E+00 0.0000000E+00 0.0000000E+00 0.0000000E+00 0.4014794 0.4014268 0.4013665 0.4012982 0.4012214 0.4011358 0.4010408 0.4009362 0.4008214 0.4006960 0.4005597 0.4004118 0.4002521 0.4000800 0.3998951 0.3996969 0.3994849 0.3992588 0.3990179 0.3987618 0.3984900 0.3982019 0.3978971 0.3975749 0.3972347 0.3968758 0.3964977 0.3960993 0.3956799 0.3952385 0.3947738 0.3942853 0.3937727 0.3932364 0.3926768 0.3920943 0.3914891 0.3908613 0.3902110 0.3895382 0.3888429 0.3881251
0.0000000E+00 0.0000000E+00 0.0000000E+00 0.0000000E+00 0.0000000E+00 0.0000000E+00 0.0000000E+00 0.0000000E+00 0.0000000E+00 0.0000000E+00 0.0000000E+00 0.4015485 0.4015164 0.4014775 0.4014312 0.4013773 0.4013154 0.4012449 0.4011655 0.4010769 0.4009784 0.4008698 0.4007506 0.4006203 0.4004784 0.4003246 0.4001584 0.3999792 0.3997867 0.3995804 0.3993598 0.3991243 0.3988735 0.3986069 0.3983239 0.3980239 0.3977065 0.3973709 0.3970165 0.3966426 0.3962484 0.3958330 0.3953955 0.3949352 0.3944513 0.3939436 0.3934123 0.3928576 0.3922799 0.3916791 0.3910556 0.3904093 0.3897403 0.3890485 0.3883339
0.0000000E+00 0.0000000E+00 0.0000000E+00 0.0000000E+00 0.0000000E+00 0.0000000E+00 0.0000000E+00 0.0000000E+00 0.0000000E+00 0.0000000E+00 0.4015502 0.4015310 0.4015053 0.4014727 0.4014328 0.4013852 0.4013296 0.4012654 0.4011923 0.4011099 0.4010176 0.4009151 0.4008020 0.4006777 0.4005418 0.4003939 0.4002334 0.4000600 0.3998732 0.3996724 0.3994572 0.3992270 0.3989815 0.3987199 0.3984419 0.3981468 0.3978341 0.3975030 0.3971530 0.3967834 0.3963934 0.3959821 0.3955488 0.3950928 0.3946135 0.3941107 0.3935844 0.3930347 0.3924618 0.3918657 0.3912466 0.3906045 0.3899394 0.3892513 0.3885401
0.0000000E+00 0.0000000E+00 0.0000000E+00 0.0000000E+00 0.0000000E+00 0.0000000E+00 0.0000000E+00 0.4015270 0.4015313 0.4015303 0.4015236 0.4015107 0.4014913 0.4014651 0.4014315 0.4013903 0.4013409 0.4012830 0.4012161 0.4011399 0.4010538 0.4009573 0.4008502 0.4007319 0.4006019 0.4004599 0.4003052 0.4001374 0.3999561 0.3997608 0.3995510 0.3993261 0.3990858 0.3988293 0.3985561 0.3982658 0.3979577 0.3976312 0.3972856 0.3969203 0.3965344 0.3961274 0.3956984 0.3952468 0.3947722 0.3942743 0.3937530 0.3932083 0.3926402 0.3920488 0.3914343 0.3907965 0.3901355 0.3894513 0.3887437
0.0000000E+00 0.0000000E+00 0.0000000E+00 0.0000000E+00 0.0000000E+00 0.4014424 0.4014627 0.4014784 0.4014891 0.4014945 0.4014941 0.4014876 0.4014745 0.4014546 0.4014273 0.4013923 0.4013492 0.4012975 0.4012369 0.4011667 0.4010867 0.4009964 0.4008953 0.4007829 0.4006588 0.4005225 0.4003735 0.4002114 0.4000356 0.3998458 0.3996413 0.3994216 0.3991863 0.3989348 0.3986666 0.3983811 0.3980776 0.3977556 0.3974144 0.3970534 0.3966719 0.3962691 0.3958445 0.3953975 0.3949276 0.3944345 0.3939182 0.3933784 0.3928152 0.3922287 0.3916188 0.3909855 0.3903287 0.3896485 0.3889447
0.0000000E+00 0.0000000E+00 0.0000000E+00 0.4013129 0.4013476 0.4013785 0.4014051 0.4014272 0.4014442 0.4014559 0.4014618 0.4014616 0.4014549 0.4014412 0.4014202 0.4013914 0.4013546 0.4013091 0.4012546 0.4011905 0.4011166 0.4010323 0.4009372 0.4008307 0.4007124 0.4005818 0.4004385 0.4002820 0.4001117 0.3999272 0.3997280 0.3995135 0.3992833 0.3990367 0.3987733 0.3984925 0.3981937 0.3978762 0.3975395 0.3971829 0.3968057 0.3964073 0.3959872 0.3955447 0.3950796 0.3945914 0.3940800 0.3935452 0.3929869 0.3924052 0.3918000 0.3911713 0.3905189 0.3898428 0.3891429
0.0000000E+00 0.4011414 0.4011890 0.4012335 0.4012746 0.4013119 0.4013449 0.4013732 0.4013966 0.4014146 0.4014268 0.4014328 0.4014323 0.4014249 0.4014101 0.4013876 0.4013569 0.4013176 0.4012692 0.4012113 0.4011434 0.4010651 0.4009759 0.4008752 0.4007627 0.4006378 0.4005001 0.4003491 0.4001843 0.4000051 0.3998111 0.3996018 0.3993766 0.3991350 0.3988764 0.3986003 0.3983061 0.3979931 0.3976609 0.3973087 0.3969360 0.3965421 0.3961265 0.3956887 0.3952283 0.3947450 0.3942385 0.3937086 0.3931554 0.3925785 0.3919781 0.3913539 0.3907060 0.3900342 0.3893383
0.4009900 0.4010467 0.4011007 0.4011516 0.4011990 0.4012426 0.4012820 0.4013166 0.4013463 0.4013705 0.4013890 0.4014013 0.4014070 0.4014058 0.4013972 0.4013808 0.4013563 0.4013231 0.4012808 0.4012290 0.4011671 0.4010947 0.4010113 0.4009165 0.4008097 0.4006905 0.4005584 0.4004129 0.4002534 0.4000795 0.3998908 0.3996865 0.3994663 0.3992296 0.3989758 0.3987045 0.3984149 0.3981065 0.3977787 0.3974310 0.3970628 0.3966734 0.3962624 0.3958293 0.3953737 0.3948953 0.3943937 0.3938688 0.3933205 0.3927486 0.3921529 0.3915334 0.3908900 0.3902225 0.3895308
0.4008864 0.4009494 0.4010097 0.4010670 0.4011208 0.4011707 0.4012164 0.4012573 0.4012932 0.4013237 0.4013484 0.4013669 0.4013788 0.4013837 0.4013813 0.4013711 0.4013527 0.4013256 0.4012894 0.4012435 0.4011877 0.4011212 0.4010437 0.4009546 0.4008535 0.4007399 0.4006133 0.4004732 0.4003191 0.4001505 0.3999669 0.3997677 0.3995525 0.3993207 0.3990717 0.3988050 0.3985201 0.3982163 0.3978931 0.3975499 0.3971862 0.3968014 0.3963951 0.3959667 0.3955159 0.3950423 0.3945456 0.3940257 0.3934823 0.3929153 0.3923244 0.3917097 0.3910708 0.3904078 0.3897203
0.4007801 0.4008495 0.4009162 0.4009798 0.4010400 0.4010962 0.4011481 0.4011953 0.4012375 0.4012742 0.4013050 0.4013297 0.4013478 0.4013588 0.4013625 0.4013585 0.4013461 0.4013251 0.4012949 0.4012551 0.4012051 0.4011445 0.4010728 0.4009895 0.4008941 0.4007860 0.4006649 0.4005302 0.4003814 0.4002180 0.4000395 0.3998454 0.3996351 0.3994081 0.3991640 0.3989020 0.3986217 0.3983225 0.3980039 0.3976653 0.3973062 0.3969260 0.3965243 0.3961006 0.3956546 0.3951859 0.3946942 0.3941792 0.3936407 0.3930786 0.3924926 0.3918826 0.3912484 0.3905898 0.3899067
0.4006712 0.4007470 0.4008201 0.4008901 0.4009565 0.4010190 0.4010772 0.4011307 0.4011790 0.4012219 0.4012589 0.4012897 0.4013139 0.4013311 0.4013409 0.4013429 0.4013366 0.4013216 0.4012975 0.4012636 0.4012195 0.4011648 0.4010988 0.4010212 0.4009314 0.4008289 0.4007132 0.4005839 0.4004403 0.4002821 0.4001087 0.3999196 0.3997142 0.3994921 0.3992527 0.3989954 0.3987198 0.3984252 0.3981112 0.3977772 0.3974227 0.3970471 0.3966501 0.3962312 0.3957900 0.3953261 0.3948393 0.3943293 0.3937957 0.3932385 0.3926574 0.3920521 0.3914226 0.3907686 0.3900898
0.4005597 0.4006418 0.4007213 0.4007976 0.4008704 0.4009393 0.4010037 0.4010634 0.4011180 0.4011670 0.4012101 0.4012470 0.4012772 0.4013005 0.4013163 0.4013244 0.4013242 0.4013152 0.4012970 0.4012691 0.4012309 0.4011820 0.4011217 0.4010498 0.4009655 0.4008685 0.4007582 0.4006342 0.4004959 0.4003428 0.4001744 0.3999903 0.3997898 0.3995725 0.3993378 0.3990853 0.3988143 0.3985244 0.3982150 0.3978856 0.3975357 0.3971648 0.3967725 0.3963583 0.3959219 0.3954629 0.3949810 0.3944758 0.3939472 0.3933949 0.3928186 0.3922181 0.3915932 0.3909438 0.3902695
0.4004455 0.4005341 0.4006200 0.4007027 0.4007818 0.4008569 0.4009276 0.4009935 0.4010542 0.4011094 0.4011586 0.4012015 0.4012378 0.4012671 0.4012890 0.4013030 0.4013088 0.4013059 0.4012936 0.4012716 0.4012392 0.4011961 0.4011415 0.4010752 0.4009964 0.4009048 0.4007999 0.4006811 0.4005480 0.4004000 0.4002367 0.4000575 0.3998619 0.3996494 0.3994195 0.3991716 0.3989053 0.3986200 0.3983152 0.3979904 0.3976451 0.3972789 0.3968913 0.3964819 0.3960503 0.3955961 0.3951190 0.3946187 0.3940950 0.3935475 0.3929760 0.3923804 0.3917602 0.3911154 0.3904456
0.4003287 0.4004237 0.4005160 0.4006051 0.4006905 0.4007719 0.4008489 0.4009210 0.4009879 0.4010492 0.4011045 0.4011534 0.4011957 0.4012309 0.4012588 0.4012789 0.4012907 0.4012937 0.4012874 0.4012712 0.4012446 0.4012071 0.4011583 0.4010974 0.4010242 0.4009379 0.4008383 0.4007248 0.4005968 0.4004538 0.4002955 0.4001212 0.3999304 0.3997227 0.3994975 0.3992544 0.3989927 0.3987120 0.3984118 0.3980917 0.3977510 0.3973895 0.3970065 0.3966018 0.3961750 0.3957256 0.3952533 0.3947579 0.3942390 0.3936963 0.3931297 0.3925388 0.3919234 0.3912832 0.3906178
0.4002093 0.4003108 0.4004095 0.4005049 0.4005967 0.4006844 0.4007677 0.4008460 0.4009190 0.4009864 0.4010478 0.4011027 0.4011509 0.4011921 0.4012259 0.4012519 0.4012697 0.4012786 0.4012783 0.4012679 0.4012471 0.4012153 0.4011719 0.4011166 0.4010487 0.4009679 0.4008735 0.4007651 0.4006422 0.4005043 0.4003509 0.4001814 0.3999955 0.3997925 0.3995720 0.3993335 0.3990765 0.3988004 0.3985049 0.3981893 0.3978533 0.3974963 0.3971181 0.3967180 0.3962959 0.3958513 0.3953838 0.3948931 0.3943790 0.3938412 0.3932794 0.3926932 0.3920825 0.3914469 0.3907861
0.4000873 0.4001952 0.4003003 0.4004022 0.4005003 0.4005944 0.4006839 0.4007685 0.4008477 0.4009211 0.4009885 0.4010494 0.4011035 0.4011506 0.4011903 0.4012223 0.4012460 0.4012609 0.4012663 0.4012617 0.4012466 0.4012204 0.4011826 0.4011327 0.4010702 0.4009946 0.4009054 0.4008021 0.4006842 0.4005513 0.4004028 0.4002382 0.4000570 0.3998588 0.3996430 0.3994091 0.3991567 0.3988852 0.3985942 0.3982832 0.3979518 0.3975994 0.3972258 0.3968304 0.3964129 0.3959730 0.3955103 0.3950244 0.3945150 0.3939820 0.3934248 0.3928434 0.3922373 0.3916063 0.3909501
0.3999626 0.4000770 0.4001886 0.4002969 0.4004014 0.4005018 0.4005976 0.4006884 0.4007738 0.4008534 0.4009268 0.4009937 0.4010537 0.4011065 0.4011521 0.4011900 0.4012197 0.4012405 0.4012517 0.4012528 0.4012433 0.4012226 0.4011903 0.4011457 0.4010885 0.4010181 0.4009340 0.4008358 0.4007230 0.4005949 0.4004512 0.4002914 0.4001150 0.3999214 0.3997103 0.3994810 0.3992332 0.3989663 0.3986798 0.3983733 0.3980464 0.3976987 0.3973296 0.3969388 0.3965260 0.3960907 0.3956326 0.3951514 0.3946468 0.3941184 0.3935660 0.3929892 0.3923877 0.3917612 0.3911095
0.3998354 0.3999563 0.4000744 0.4001891 0.4003000 0.4004067 0.4005089 0.4006059 0.4006975 0.4007832 0.4008627 0.4009355 0.4010015 0.4010601 0.4011114 0.4011553 0.4011909 0.4012175 0.4012344 0.4012411 0.4012371 0.4012219 0.4011949 0.4011557 0.4011037 0.4010384 0.4009594 0.4008662 0.4007583 0.4006351 0.4004962 0.4003412 0.4001695 0.3999805 0.3997740 0.3995492 0.3993059 0.3990435 0.3987616 0.3984596 0.3981372 0.3977940 0.3974294 0.3970432 0.3966349 0.3962042 0.3957508 0.3952742 0.3947741 0.3942504 0.3937025 0.3931303 0.3925334 0.3919114 0.3912642
0.3997055 0.3998330 0.3999576 0.4000787 0.4001961 0.4003092 0.4004176 0.4005209 0.4006187 0.4007106 0.4007962 0.4008751 0.4009470 0.4010116 0.4010687 0.4011184 0.4011597 0.4011919 0.4012145 0.4012267 0.4012282 0.4012183 0.4011966 0.4011626 0.4011157 0.4010556 0.4009816 0.4008933 0.4007902 0.4006719 0.4005378 0.4003874 0.4002203 0.4000360 0.3998339 0.3996138 0.3993749 0.3991170 0.3988395 0.3985420 0.3982240 0.3978852 0.3975251 0.3971434 0.3967396 0.3963134 0.3958645 0.3953924 0.3948969 0.3943776 0.3938343 0.3932666 0.3926741 0.3920566 0.3914138
0.3995731 0.3997071 0.3998382 0.3999659 0.4000897 0.4002092 0.4003239 0.4004335 0.4005375 0.4006356 0.4007273 0.4008123 0.4008903 0.4009609 0.4010240 0.4010793 0.4011261 0.4011639 0.4011919 0.4012095 0.4012164 0.4012118 0.4011953 0.4011664 0.4011247 0.4010695 0.4010005 0.4009171 0.4008188 0.4007052 0.4005758 0.4004301 0.4002675 0.4000877 0.3998902 0.3996745 0.3994401 0.3991866 0.3989134 0.3986203 0.3983068 0.3979723 0.3976167 0.3972393 0.3968399 0.3964181 0.3959736 0.3955059 0.3950149 0.3945000 0.3939611 0.3933978 0.3928097 0.3921966 0.3915581
0.3994381 0.3995787 0.3997164 0.3998505 0.3999808 0.4001066 0.4002278 0.4003437 0.4004539 0.4005582 0.4006561 0.4007472 0.4008312 0.4009078 0.4009768 0.4010378 0.4010901 0.4011333 0.4011666 0.4011896 0.4012017 0.4012024 0.4011910 0.4011672 0.4011305 0.4010803 0.4010161 0.4009375 0.4008440 0.4007351 0.4006103 0.4004691 0.4003111 0.4001358 0.3999427 0.3997314 0.3995014 0.3992522 0.3989834 0.3986946 0.3983853 0.3980552 0.3977038 0.3973308 0.3969357 0.3965182 0.3960780 0.3956147 0.3951279 0.3946174 0.3940827 0.3935237 0.3929399 0.3923310 0.3916967
0.3993005 0.3994478 0.3995920 0.3997326 0.3998694 0.4000017 0.4001291 0.4002513 0.4003679 0.4004784 0.4005824 0.4006796 0.4007697 0.4008523 0.4009271 0.4009936 0.4010515 0.4011000 0.4011387 0.4011669 0.4011842 0.4011900 0.4011837 0.4011649 0.4011331 0.4010878 0.4010285 0.4009546 0.4008658 0.4007615 0.4006412 0.4005046 0.4003510 0.4001802 0.3999915 0.3997844 0.3995587 0.3993138 0.3990493 0.3987647 0.3984597 0.3981338 0.3977866 0.3974178 0.3970269 0.3966136 0.3961776 0.3957184 0.3952358 0.3947295 0.3941990 0.3936441 0.3930644 0.3924596 0.3918293
0.3991604 0.3993143 0.3994651 0.3996123 0.3997555 0.3998942 0.4000280 0.4001566 0.4002794 0.4003961 0.4005063 0.4006096 0.4007057 0.4007941 0.4008747 0.4009469 0.4010102 0.4010640 0.4011080 0.4011414 0.4011638 0.4011747 0.4011734 0.4011596 0.4011326 0.4010921 0.4010375 0.4009683 0.4008841 0.4007843 0.4006686 0.4005364 0.4003873 0.4002207 0.4000363 0.3998336 0.3996120 0.3993714 0.3991110 0.3988306 0.3985297 0.3982079 0.3978648 0.3975001 0.3971133 0.3967041 0.3962721 0.3958170 0.3953385 0.3948361 0.3943097 0.3937587 0.3931830 0.3925821 0.3919558
0.3990177 0.3991783 0.3993357 0.3994894 0.3996391 0.3997843 0.3999245 0.4000593 0.4001884 0.4003113 0.4004276 0.4005370 0.4006390 0.4007334 0.4008196 0.4008974 0.4009661 0.4010253 0.4010744 0.4011130 0.4011405 0.4011563 0.4011600 0.4011510 0.4011289 0.4010931 0.4010432 0.4009786 0.4008989 0.4008037 0.4006924 0.4005646 0.4004197 0.4002574 0.4000772 0.3998787 0.3996613 0.3994247 0.3991685 0.3988921 0.3985952 0.3982775 0.3979384 0.3975776 0.3971948 0.3967896 0.3963615 0.3959103 0.3954357 0.3949372 0.3944146 0.3938674 0.3932955 0.3926983 0.3920757
0.3988725 0.3990398 0.3992038 0.3993641 0.3995202 0.3996719 0.3998184 0.3999596 0.4000949 0.4002239 0.4003463 0.4004617 0.4005697 0.4006698 0.4007618 0.4008451 0.4009192 0.4009837 0.4010381 0.4010817 0.4011142 0.4011350 0.4011436 0.4011394 0.4011220 0.4010909 0.4010455 0.4009855 0.4009103 0.4008195 0.4007125 0.4005890 0.4004484 0.4002903 0.4001142 0.3999198 0.3997065 0.3994739 0.3992216 0.3989492 0.3986563 0.3983424 0.3980072 0.3976503 0.3972713 0.3968699 0.3964456 0.3959982 0.3955273 0.3950325 0.3945135 0.3939700 0.3934016 0.3928080 0.3921889
