data/rasters/evap/evaporation_20000105.ASC
NCOLS                  300
NROWS                  325
XLLCORNER       0.0000000E+00
YLLCORNER        300000.0
CELLSIZE         1000.000
NODATA_VALUE    0.0000000E+00
[rows 25 to 49 of 325, columns 220 to 274 of 300]
0.3985228 0.3985027 0.3984829 0.3984633 0.3984440 0.3984251 0.3984066 0.3983885 0.3983709 0.3983537 0.3983371 0.3983211 0.3983056 0.3982908 0.3982767 0.3982632 0.3982506 0.3982387 0.3982277 0.3982175 0.3982082 0.3981999 0.3981926 0.3981863 0.3981811 0.3981770 0.3981741 0.3981724 0.3981719 0.3981728 0.3981750 0.3981785 0.3981835 0.3981899 0.3981977 0.3982072 0.3982181 0.3982306 0.3982446 0.3982604 0.0000000E+00 0.0000000E+00 0.0000000E+00 0.0000000E+00 0.0000000E+00 0.0000000E+00 0.0000000E+00 0.0000000E+00 0.0000000E+00 0.0000000E+00 0.0000000E+00 0.0000000E+00 0.0000000E+00 0.0000000E+00 0.0000000E+00
0.3985506 0.3985306 0.3985108 0.3984914 0.3984722 0.3984534 0.3984349 0.3984169 0.3983994 0.3983824 0.3983659 0.3983499 0.3983346 0.3983199 0.3983059 0.3982926 0.3982801 0.3982683 0.3982574 0.3982473 0.3982382 0.3982300 0.3982228 0.3982167 0.3982117 0.3982078 0.3982050 0.3982036 0.3982033 0.3982044 0.3982069 0.3982107 0.3982159 0.3982227 0.3982309 0.3982406 0.3982519 0.3982648 0.3982793 0.3982955 0.3983133 0.0000000E+00 0.0000000E+00 0.0000000E+00 0.0000000E+00 0.0000000E+00 0.0000000E+00 0.0000000E+00 0.0000000E+00 0.0000000E+00 0.0000000E+00 0.0000000E+00 0.0000000E+00 0.0000000E+00 0.0000000E+00
0.3985764 0.3985565 0.3985368 0.3985175 0.3984984 0.3984797 0.3984614 0.3984435 0.3984262 0.3984093 0.3983929 0.3983771 0.3983620 0.3983474 0.3983335 0.3983204 0.3983079 0.3982964 0.3982856 0.3982756 0.3982667 0.3982587 0.3982517 0.3982457 0.3982408 0.3982371 0.3982346 0.3982333 0.3982334 0.3982347 0.3982374 0.3982415 0.3982470 0.3982541 0.3982626 0.3982728 0.3982845 0.3982978 0.3983127 0.3983293 0.3983476 0.3983676 0.0000000E+00 0.0000000E+00 0.0000000E+00 0.0000000E+00 0.0000000E+00 0.0000000E+00 0.0000000E+00 0.0000000E+00 0.0000000E+00 0.0000000E+00 0.0000000E+00 0.0000000E+00 0.0000000E+00
0.3986002 0.3985804 0.3985609 0.3985417 0.3985228 0.3985043 0.3984861 0.3984684 0.3984512 0.3984345 0.3984182 0.3984026 0.3983876 0.3983732 0.3983595 0.3983465 0.3983343 0.3983228 0.3983122 0.3983025 0.3982936 0.3982858 0.3982790 0.3982732 0.3982685 0.3982650 0.3982627 0.3982617 0.3982619 0.3982635 0.3982665 0.3982709 0.3982768 0.3982842 0.3982931 0.3983036 0.3983157 0.3983295 0.3983449 0.3983620 0.3983808 0.3984013 0.3984236 0.3984476 0.3984734 0.3985010 0.0000000E+00 0.0000000E+00 0.3985946 0.3986295 0.3986661 0.0000000E+00 0.0000000E+00 0.0000000E+00 0.0000000E+00
0.3986219 0.3986024 0.3985831 0.3985640 0.3985453 0.3985269 0.3985090 0.3984915 0.3984745 0.3984579 0.3984419 0.3984265 0.3984116 0.3983974 0.3983839 0.3983711 0.3983590 0.3983477 0.3983373 0.3983277 0.3983191 0.3983114 0.3983048 0.3982992 0.3982947 0.3982915 0.3982894 0.3982886 0.3982891 0.3982910 0.3982943 0.3982990 0.3983052 0.3983130 0.3983223 0.3983332 0.3983457 0.3983599 0.3983757 0.3983934 0.3984127 0.3984337 0.3984566 0.3984812 0.3985077 0.3985359 0.3985659 0.3985978 0.3986315 0.3986671 0.3987045 0.3987437 0.3987848 0.0000000E+00 0.0000000E+00
0.3986418 0.3986225 0.3986033 0.3985845 0.3985660 0.3985478 0.3985301 0.3985128 0.3984960 0.3984796 0.3984638 0.3984486 0.3984340 0.3984200 0.3984067 0.3983941 0.3983822 0.3983711 0.3983609 0.3983515 0.3983431 0.3983356 0.3983291 0.3983238 0.3983195 0.3983165 0.3983147 0.3983141 0.3983149 0.3983171 0.3983206 0.3983257 0.3983323 0.3983404 0.3983501 0.3983614 0.3983743 0.3983890 0.3984054 0.3984235 0.3984434 0.3984650 0.3984885 0.3985137 0.3985408 0.3985697 0.3986004 0.3986330 0.3986674 0.3987037 0.3987418 0.3987818 0.3988237 0.0000000E+00 0.0000000E+00
0.3986598 0.3986406 0.3986217 0.3986031 0.3985848 0.3985669 0.3985494 0.3985324 0.3985158 0.3984997 0.3984841 0.3984692 0.3984548 0.3984410 0.3984279 0.3984155 0.3984038 0.3983930 0.3983829 0.3983738 0.3983655 0.3983583 0.3983520 0.3983469 0.3983429 0.3983400 0.3983385 0.3983382 0.3983393 0.3983417 0.3983456 0.3983510 0.3983580 0.3983665 0.3983766 0.3983883 0.3984017 0.3984169 0.3984338 0.3984524 0.3984728 0.3984951 0.3985192 0.3985450 0.3985728 0.3986024 0.3986338 0.3986671 0.3987023 0.3987393 0.3987782 0.3988190 0.3988616 0.3989062 0.0000000E+00
0.3986758 0.3986569 0.3986382 0.3986199 0.3986019 0.3985842 0.3985670 0.3985502 0.3985339 0.3985181 0.3985028 0.3984880 0.3984739 0.3984604 0.3984475 0.3984354 0.3984239 0.3984133 0.3984035 0.3983945 0.3983865 0.3983794 0.3983735 0.3983685 0.3983648 0.3983622 0.3983609 0.3983609 0.3983622 0.3983650 0.3983693 0.3983750 0.3983823 0.3983912 0.3984017 0.3984139 0.3984278 0.3984435 0.3984609 0.3984801 0.3985011 0.3985240 0.3985487 0.3985752 0.3986036 0.3986339 0.3986661 0.3987001 0.3987361 0.3987739 0.3988136 0.3988552 0.3988987 0.3989441 0.0000000E+00
0.3986900 0.3986713 0.3986529 0.3986349 0.3986171 0.3985997 0.3985828 0.3985663 0.3985503 0.3985347 0.3985198 0.3985053 0.3984914 0.3984782 0.3984656 0.3984537 0.3984425 0.3984321 0.3984225 0.3984138 0.3984060 0.3983992 0.3983934 0.3983887 0.3983852 0.3983829 0.3983819 0.3983821 0.3983838 0.3983869 0.3983915 0.3983976 0.3984053 0.3984146 0.3984255 0.3984382 0.3984526 0.3984688 0.3984867 0.3985065 0.3985282 0.3985516 0.3985770 0.3986042 0.3986334 0.3986644 0.3986973 0.3987322 0.3987689 0.3988075 0.3988480 0.3988905 0.3989348 0.0000000E+00 0.0000000E+00
0.3987023 0.3986839 0.3986658 0.3986480 0.3986306 0.3986135 0.3985969 0.3985807 0.3985650 0.3985498 0.3985351 0.3985209 0.3985074 0.3984944 0.3984821 0.3984704 0.3984595 0.3984494 0.3984400 0.3984315 0.3984240 0.3984174 0.3984119 0.3984075 0.3984042 0.3984022 0.3984014 0.3984020 0.3984039 0.3984074 0.3984123 0.3984188 0.3984269 0.3984366 0.3984481 0.3984612 0.3984761 0.3984928 0.3985114 0.3985317 0.3985540 0.3985781 0.3986041 0.3986321 0.3986619 0.3986937 0.3987274 0.3987631 0.3988007 0.3988401 0.3988815 0.3989248 0.3989700 0.0000000E+00 0.0000000E+00
0.3987128 0.3986948 0.3986769 0.3986595 0.3986423 0.3986256 0.3986093 0.3985935 0.3985781 0.3985632 0.3985488 0.3985350 0.3985217 0.3985091 0.3984970 0.3984857 0.3984750 0.3984651 0.3984561 0.3984478 0.3984405 0.3984342 0.3984289 0.3984248 0.3984218 0.3984200 0.3984195 0.3984204 0.3984227 0.3984265 0.3984318 0.3984387 0.3984472 0.3984573 0.3984692 0.3984829 0.3984983 0.3985156 0.3985347 0.3985557 0.3985786 0.3986033 0.3986301 0.3986588 0.3986894 0.3987220 0.3987565 0.3987930 0.3988314 0.3988717 0.3989140 0.3989582 0.3990043 0.3990522 0.3991022
0.3987216 0.3987038 0.3986863 0.3986692 0.3986524 0.3986360 0.3986200 0.3986045 0.3985895 0.3985750 0.3985609 0.3985475 0.3985345 0.3985222 0.3985105 0.3984994 0.3984891 0.3984794 0.3984706 0.3984627 0.3984556 0.3984495 0.3984445 0.3984406 0.3984379 0.3984364 0.3984362 0.3984374 0.3984401 0.3984442 0.3984499 0.3984571 0.3984661 0.3984767 0.3984891 0.3985032 0.3985192 0.3985370 0.3985567 0.3985783 0.3986019 0.3986274 0.3986549 0.3986843 0.3987157 0.3987491 0.3987845 0.3988218 0.3988611 0.3989024 0.3989455 0.3989906 0.3990376 0.3990865 0.3991374
0.3987286 0.3987111 0.3986939 0.3986771 0.3986607 0.3986447 0.3986291 0.3986140 0.3985993 0.3985851 0.3985715 0.3985583 0.3985458 0.3985338 0.3985224 0.3985116 0.3985016 0.3984922 0.3984837 0.3984760 0.3984692 0.3984634 0.3984587 0.3984550 0.3984526 0.3984514 0.3984515 0.3984530 0.3984560 0.3984605 0.3984666 0.3984743 0.3984836 0.3984947 0.3985076 0.3985223 0.3985388 0.3985572 0.3985775 0.3985998 0.3986240 0.3986503 0.3986785 0.3987087 0.3987409 0.3987751 0.3988113 0.3988496 0.3988898 0.3989320 0.3989761 0.3990221 0.3990701 0.3991199 0.3991717
0.3987338 0.3987167 0.3986998 0.3986834 0.3986673 0.3986517 0.3986365 0.3986217 0.3986075 0.3985937 0.3985804 0.3985677 0.3985555 0.3985438 0.3985328 0.3985224 0.3985126 0.3985036 0.3984953 0.3984879 0.3984814 0.3984759 0.3984714 0.3984680 0.3984658 0.3984649 0.3984654 0.3984672 0.3984706 0.3984754 0.3984819 0.3984900 0.3984998 0.3985114 0.3985248 0.3985400 0.3985571 0.3985761 0.3985971 0.3986200 0.3986450 0.3986719 0.3987008 0.3987319 0.3987649 0.3988000 0.3988371 0.3988762 0.3989174 0.3989605 0.3990056 0.3990526 0.3991016 0.3991524 0.3992051
0.3987374 0.3987205 0.3987041 0.3986879 0.3986723 0.3986570 0.3986422 0.3986279 0.3986140 0.3986007 0.3985878 0.3985755 0.3985637 0.3985524 0.3985417 0.3985316 0.3985222 0.3985135 0.3985055 0.3984984 0.3984921 0.3984869 0.3984827 0.3984796 0.3984777 0.3984771 0.3984779 0.3984801 0.3984838 0.3984890 0.3984959 0.3985044 0.3985147 0.3985268 0.3985407 0.3985565 0.3985741 0.3985938 0.3986154 0.3986390 0.3986646 0.3986923 0.3987221 0.3987539 0.3987878 0.3988237 0.3988618 0.3989018 0.3989440 0.3989881 0.3990342 0.3990822 0.3991322 0.3991840 0.3992378
0.3987392 0.3987227 0.3987066 0.3986908 0.3986756 0.3986607 0.3986464 0.3986324 0.3986190 0.3986061 0.3985937 0.3985817 0.3985704 0.3985595 0.3985491 0.3985394 0.3985303 0.3985219 0.3985142 0.3985074 0.3985014 0.3984964 0.3984925 0.3984897 0.3984881 0.3984878 0.3984889 0.3984915 0.3984955 0.3985012 0.3985085 0.3985175 0.3985282 0.3985409 0.3985553 0.3985716 0.3985899 0.3986102 0.3986324 0.3986567 0.3986831 0.3987115 0.3987421 0.3987747 0.3988095 0.3988463 0.3988853 0.3989263 0.3989695 0.3990146 0.3990618 0.3991109 0.3991618 0.3992147 0.3992694
0.3987394 0.3987232 0.3987074 0.3986921 0.3986772 0.3986628 0.3986489 0.3986354 0.3986224 0.3986100 0.3985980 0.3985865 0.3985755 0.3985651 0.3985551 0.3985457 0.3985370 0.3985289 0.3985215 0.3985150 0.3985093 0.3985046 0.3985009 0.3984984 0.3984971 0.3984971 0.3984986 0.3985015 0.3985059 0.3985120 0.3985197 0.3985292 0.3985405 0.3985536 0.3985686 0.3985855 0.3986044 0.3986253 0.3986482 0.3986732 0.3987004 0.3987296 0.3987609 0.3987944 0.3988300 0.3988678 0.3989077 0.3989498 0.3989939 0.3990401 0.3990883 0.3991385 0.3991906 0.3992445 0.3993002
0.3987380 0.3987221 0.3987067 0.3986917 0.3986773 0.3986633 0.3986498 0.3986368 0.3986243 0.3986123 0.3986008 0.3985897 0.3985792 0.3985691 0.3985596 0.3985506 0.3985422 0.3985344 0.3985274 0.3985211 0.3985157 0.3985112 0.3985079 0.3985057 0.3985047 0.3985051 0.3985068 0.3985101 0.3985150 0.3985215 0.3985296 0.3985396 0.3985513 0.3985650 0.3985806 0.3985981 0.3986176 0.3986392 0.3986628 0.3986886 0.3987164 0.3987464 0.3987786 0.3988129 0.3988494 0.3988881 0.3989290 0.3989721 0.3990172 0.3990645 0.3991138 0.3991652 0.3992183 0.3992733 0.3993301
0.3987349 0.3987194 0.3987043 0.3986898 0.3986757 0.3986621 0.3986491 0.3986365 0.3986245 0.3986130 0.3986020 0.3985914 0.3985814 0.3985718 0.3985627 0.3985541 0.3985460 0.3985385 0.3985318 0.3985258 0.3985206 0.3985165 0.3985134 0.3985115 0.3985108 0.3985116 0.3985137 0.3985173 0.3985226 0.3985295 0.3985382 0.3985486 0.3985609 0.3985751 0.3985913 0.3986094 0.3986296 0.3986518 0.3986762 0.3987027 0.3987313 0.3987621 0.3987951 0.3988303 0.3988677 0.3989073 0.3989492 0.3989932 0.3990394 0.3990878 0.3991383 0.3991907 0.3992451 0.3993011 0.3993590
0.3987302 0.3987150 0.3987004 0.3986862 0.3986726 0.3986594 0.3986468 0.3986348 0.3986233 0.3986122 0.3986017 0.3985917 0.3985821 0.3985729 0.3985642 0.3985561 0.3985483 0.3985412 0.3985347 0.3985291 0.3985242 0.3985203 0.3985175 0.3985159 0.3985156 0.3985166 0.3985192 0.3985232 0.3985289 0.3985363 0.3985454 0.3985564 0.3985692 0.3985839 0.3986007 0.3986195 0.3986403 0.3986633 0.3986883 0.3987156 0.3987450 0.3987766 0.3988104 0.3988465 0.3988849 0.3989254 0.3989682 0.3990133 0.3990605 0.3991100 0.3991615 0.3992152 0.3992707 0.3993279 0.3993868
0.3987240 0.3987091 0.3986948 0.3986810 0.3986678 0.3986551 0.3986430 0.3986314 0.3986204 0.3986099 0.3985999 0.3985904 0.3985813 0.3985726 0.3985644 0.3985566 0.3985493 0.3985425 0.3985363 0.3985309 0.3985263 0.3985227 0.3985202 0.3985189 0.3985189 0.3985203 0.3985232 0.3985277 0.3985338 0.3985417 0.3985513 0.3985628 0.3985762 0.3985915 0.3986089 0.3986283 0.3986498 0.3986735 0.3986993 0.3987273 0.3987575 0.3987900 0.3988247 0.3988616 0.3989009 0.3989424 0.3989862 0.3990322 0.3990805 0.3991310 0.3991837 0.3992384 0.3992951 0.3993534 0.3994136
0.3987162 0.3987017 0.3986877 0.3986743 0.3986615 0.3986492 0.3986376 0.3986265 0.3986160 0.3986060 0.3985966 0.3985876 0.3985790 0.3985709 0.3985631 0.3985557 0.3985487 0.3985423 0.3985364 0.3985312 0.3985269 0.3985236 0.3985214 0.3985205 0.3985208 0.3985226 0.3985259 0.3985308 0.3985374 0.3985457 0.3985559 0.3985679 0.3985819 0.3985979 0.3986159 0.3986360 0.3986582 0.3986825 0.3987091 0.3987379 0.3987689 0.3988022 0.3988378 0.3988757 0.3989158 0.3989583 0.3990031 0.3990501 0.3990994 0.3991510 0.3992047 0.3992605 0.3993182 0.3993778 0.3994393
0.3987069 0.3986927 0.3986790 0.3986660 0.3986536 0.3986418 0.3986306 0.3986200 0.3986100 0.3986006 0.3985916 0.3985832 0.3985752 0.3985676 0.3985603 0.3985534 0.3985468 0.3985406 0.3985350 0.3985301 0.3985261 0.3985231 0.3985212 0.3985206 0.3985213 0.3985235 0.3985272 0.3985326 0.3985396 0.3985485 0.3985592 0.3985718 0.3985864 0.3986030 0.3986216 0.3986424 0.3986653 0.3986905 0.3987178 0.3987474 0.3987792 0.3988134 0.3988498 0.3988886 0.3989297 0.3989732 0.3990189 0.3990670 0.3991173 0.3991699 0.3992246 0.3992815 0.3993404 0.3994012 0.3994640
0.3986960 0.3986821 0.3986689 0.3986562 0.3986442 0.3986328 0.3986221 0.3986120 0.3986025 0.3985935 0.3985852 0.3985773 0.3985699 0.3985628 0.3985561 0.3985496 0.3985433 0.3985375 0.3985322 0.3985275 0.3985238 0.3985211 0.3985195 0.3985192 0.3985204 0.3985230 0.3985271 0.3985330 0.3985406 0.3985499 0.3985612 0.3985744 0.3985896 0.3986069 0.3986262 0.3986477 0.3986714 0.3986973 0.3987254 0.3987558 0.3987885 0.3988235 0.3988609 0.3989006 0.3989426 0.3989871 0.3990338 0.3990829 0.3991342 0.3991879 0.3992437 0.3993017 0.3993617 0.3994238 0.3994880
0.3986837 0.3986701 0.3986572 0.3986449 0.3986333 0.3986223 0.3986120 0.3986023 0.3985933 0.3985850 0.3985772 0.3985699 0.3985631 0.3985566 0.3985503 0.3985443 0.3985384 0.3985328 0.3985278 0.3985234 0.3985200 0.3985176 0.3985164 0.3985165 0.3985180 0.3985211 0.3985257 0.3985321 0.3985402 0.3985501 0.3985620 0.3985758 0.3985917 0.3986096 0.3986296 0.3986519 0.3986763 0.3987029 0.3987319 0.3987631 0.3987967 0.3988326 0.3988709 0.3989116 0.3989546 0.3990000 0.3990477 0.3990978 0.3991503 0.3992049 0.3992619 0.3993210 0.3993823 0.3994457 0.3995113
