data/rasters/evap/evaporation_20000107.ASC
NCOLS                  300
NROWS                  325
XLLCORNER       0.0000000E+00
YLLCORNER        300000.0
CELLSIZE         1000.000
NODATA_VALUE    0.0000000E+00
[rows 200 to 224 of 325, columns 55 to 109 of 300]
0.3051065 0.3039402 0.3027845 0.3016398 0.3005065 0.2993850 0.2982758 0.2971793 0.2960958 0.2950261 0.2939705 0.2929295 0.2919039 0.2908941 0.2899010 0.2889253 0.2879678 0.2870294 0.2861112 0.2852142 0.2843394 0.2834881 0.2826616 0.2818612 0.2810882 0.2803441 0.2796303 0.2789482 0.2782993 0.2776850 0.2771063 0.2765644 0.2760603 0.2755944 0.2751673 0.2747788 0.2744287 0.2741164 0.2738408 0.2736006 0.2733944 0.2732203 0.2730765 0.2729609 0.2728714 0.2728058 0.2727619 0.2727376 0.2727308 0.2727393 0.2727610 0.2727941 0.2728365 0.2728863 0.2729417
0.3052620 0.3040960 0.3029411 0.3017978 0.3006664 0.2995474 0.2984413 0.2973485 0.2962694 0.2952046 0.2941546 0.2931199 0.2921011 0.2910988 0.2901138 0.2891468 0.2881986 0.2872702 0.2863623 0.2854762 0.2846128 0.2837733 0.2829589 0.2821708 0.2814104 0.2806789 0.2799776 0.2793080 0.2786713 0.2780685 0.2775010 0.2769695 0.2764749 0.2760177 0.2755981 0.2752161 0.2748715 0.2745635 0.2742912 0.2740536 0.2738490 0.2736760 0.2735327 0.2734172 0.2733276 0.2732617 0.2732175 0.2731929 0.2731858 0.2731943 0.2732163 0.2732499 0.2732930 0.2733440 0.2734010
0.3054287 0.3042633 0.3031095 0.3019678 0.3008387 0.2997226 0.2986199 0.2975312 0.2964568 0.2953973 0.2943532 0.2933249 0.2923133 0.2913188 0.2903422 0.2893841 0.2884454 0.2875270 0.2866297 0.2857546 0.2849026 0.2840748 0.2832725 0.2824967 0.2817486 0.2810296 0.2803407 0.2796832 0.2790583 0.2784670 0.2779103 0.2773890 0.2769037 0.2764550 0.2760429 0.2756674 0.2753282 0.2750247 0.2747561 0.2745211 0.2743185 0.2741468 0.2740043 0.2738892 0.2737996 0.2737336 0.2736892 0.2736644 0.2736572 0.2736657 0.2736878 0.2737218 0.2737657 0.2738177 0.2738760
0.3056064 0.3044418 0.3032894 0.3021496 0.3010231 0.2999101 0.2988112 0.2977268 0.2966574 0.2956035 0.2945656 0.2935442 0.2925400 0.2915535 0.2905855 0.2896365 0.2887075 0.2877992 0.2869126 0.2860485 0.2852079 0.2843919 0.2836015 0.2828379 0.2821021 0.2813953 0.2807185 0.2800730 0.2794597 0.2788796 0.2783334 0.2778220 0.2773460 0.2769055 0.2765009 0.2761319 0.2757982 0.2754993 0.2752344 0.2750024 0.2748020 0.2746318 0.2744903 0.2743758 0.2742865 0.2742206 0.2741761 0.2741512 0.2741440 0.2741525 0.2741749 0.2742092 0.2742538 0.2743067 0.2743662
0.3057946 0.3046311 0.3034803 0.3023429 0.3012192 0.3001097 0.2990148 0.2979351 0.2968710 0.2958230 0.2947915 0.2937773 0.2927807 0.2918024 0.2908431 0.2899035 0.2889843 0.2880863 0.2872103 0.2863573 0.2855281 0.2847238 0.2839453 0.2831937 0.2824700 0.2817752 0.2811104 0.2804765 0.2798746 0.2793053 0.2787696 0.2782679 0.2778009 0.2773686 0.2769713 0.2766088 0.2762807 0.2759866 0.2757255 0.2754966 0.2752986 0.2751302 0.2749900 0.2748763 0.2747875 0.2747219 0.2746775 0.2746527 0.2746454 0.2746541 0.2746766 0.2747114 0.2747565 0.2748103 0.2748710
0.3059931 0.3048310 0.3036821 0.3025472 0.3014266 0.3003209 0.2992304 0.2981556 0.2970971 0.2960552 0.2950305 0.2940235 0.2930348 0.2920650 0.2911146 0.2901844 0.2892751 0.2883874 0.2875222 0.2866803 0.2858624 0.2850698 0.2843031 0.2835633 0.2828515 0.2821686 0.2815155 0.2808931 0.2803023 0.2797437 0.2792181 0.2787260 0.2782678 0.2778436 0.2774536 0.2770975 0.2767751 0.2764857 0.2762287 0.2760030 0.2758076 0.2756413 0.2755025 0.2753899 0.2753018 0.2752366 0.2751926 0.2751679 0.2751608 0.2751696 0.2751925 0.2752276 0.2752734 0.2753279 0.2753897
0.3062017 0.3050411 0.3038945 0.3027623 0.3016452 0.3005434 0.2994576 0.2983880 0.2973353 0.2962998 0.2952821 0.2942826 0.2933019 0.2923407 0.2913994 0.2904787 0.2895794 0.2887021 0.2878476 0.2870167 0.2862103 0.2854291 0.2846741 0.2839462 0.2832461 0.2825749 0.2819332 0.2813221 0.2807421 0.2801941 0.2796784 0.2791957 0.2787461 0.2783299 0.2779471 0.2775975 0.2772807 0.2769962 0.2767433 0.2765211 0.2763285 0.2761643 0.2760273 0.2759159 0.2758287 0.2757642 0.2757206 0.2756962 0.2756894 0.2756985 0.2757216 0.2757573 0.2758036 0.2758590 0.2759218
0.3064200 0.3052612 0.3041170 0.3029879 0.3018744 0.3007769 0.2996959 0.2986318 0.2975851 0.2965563 0.2955457 0.2945540 0.2935815 0.2926290 0.2916969 0.2907859 0.2898966 0.2890298 0.2881860 0.2873662 0.2865710 0.2858013 0.2850579 0.2843415 0.2836530 0.2829933 0.2823629 0.2817628 0.2811936 0.2806557 0.2801498 0.2796763 0.2792352 0.2788270 0.2784513 0.2781081 0.2777970 0.2775175 0.2772688 0.2770501 0.2768604 0.2766987 0.2765635 0.2764536 0.2763676 0.2763038 0.2762608 0.2762369 0.2762305 0.2762400 0.2762636 0.2762997 0.2763466 0.2764028 0.2764666
0.3066477 0.3054909 0.3043494 0.3032236 0.3021139 0.3010210 0.2999451 0.2988867 0.2978463 0.2968243 0.2958211 0.2948372 0.2938732 0.2929295 0.2920067 0.2911054 0.2902263 0.2893699 0.2885369 0.2877280 0.2869441 0.2861857 0.2854537 0.2847488 0.2840717 0.2834232 0.2828040 0.2822147 0.2816559 0.2811281 0.2806318 0.2801673 0.2797347 0.2793342 0.2789657 0.2786289 0.2783234 0.2780489 0.2778046 0.2775896 0.2774030 0.2772438 0.2771107 0.2770025 0.2769177 0.2768549 0.2768127 0.2767894 0.2767836 0.2767935 0.2768176 0.2768542 0.2769019 0.2769589 0.2770237
0.3068845 0.3057300 0.3045913 0.3034690 0.3023635 0.3012753 0.3002048 0.2991523 0.2981184 0.2971034 0.2961077 0.2951320 0.2941764 0.2932417 0.2923284 0.2914369 0.2905678 0.2897218 0.2888996 0.2881017 0.2873288 0.2865817 0.2858610 0.2851674 0.2845016 0.2838642 0.2832559 0.2826772 0.2821287 0.2816108 0.2811239 0.2806683 0.2802440 0.2798512 0.2794897 0.2791592 0.2788596 0.2785901 0.2783501 0.2781389 0.2779556 0.2777991 0.2776682 0.2775618 0.2774785 0.2774169 0.2773756 0.2773531 0.2773479 0.2773584 0.2773831 0.2774204 0.2774688 0.2775266 0.2775924
0.3071301 0.3059780 0.3048424 0.3037238 0.3026227 0.3015395 0.3004745 0.2994282 0.2984010 0.2973932 0.2964053 0.2954377 0.2944908 0.2935652 0.2926613 0.2917796 0.2909208 0.2900853 0.2892737 0.2884867 0.2877249 0.2869889 0.2862793 0.2855969 0.2849421 0.2843157 0.2837181 0.2831499 0.2826115 0.2821033 0.2816257 0.2811787 0.2807627 0.2803774 0.2800229 0.2796988 0.2794049 0.2791405 0.2789050 0.2786977 0.2785178 0.2783640 0.2782356 0.2781311 0.2780494 0.2779891 0.2779489 0.2779274 0.2779229 0.2779342 0.2779596 0.2779976 0.2780468 0.2781055 0.2781723
0.3073841 0.3062347 0.3051024 0.3039878 0.3028913 0.3018132 0.3007541 0.2997141 0.2986938 0.2976934 0.2967134 0.2957541 0.2948160 0.2938995 0.2930052 0.2921334 0.2912847 0.2904596 0.2896587 0.2888825 0.2881316 0.2874067 0.2867082 0.2860367 0.2853929 0.2847772 0.2841901 0.2836322 0.2831038 0.2826051 0.2821366 0.2816983 0.2812903 0.2809125 0.2805650 0.2802472 0.2799590 0.2796997 0.2794688 0.2792655 0.2790890 0.2789382 0.2788123 0.2787099 0.2786300 0.2785712 0.2785322 0.2785117 0.2785082 0.2785203 0.2785465 0.2785853 0.2786353 0.2786950 0.2787629
0.3076463 0.3064997 0.3053710 0.3042606 0.3031689 0.3020963 0.3010431 0.3000097 0.2989964 0.2980036 0.2970316 0.2960807 0.2951515 0.2942443 0.2933595 0.2924976 0.2916591 0.2908444 0.2900541 0.2892887 0.2885487 0.2878346 0.2871471 0.2864865 0.2858534 0.2852483 0.2846716 0.2841238 0.2836051 0.2831159 0.2826563 0.2822264 0.2818264 0.2814561 0.2811154 0.2808040 0.2805215 0.2802674 0.2800411 0.2798418 0.2796688 0.2795212 0.2793978 0.2792977 0.2792197 0.2791626 0.2791249 0.2791056 0.2791031 0.2791162 0.2791432 0.2791830 0.2792339 0.2792946 0.2793636
0.3079163 0.3067728 0.3056479 0.3045419 0.3034552 0.3023882 0.3013413 0.3003146 0.2993085 0.2983234 0.2973596 0.2964173 0.2954971 0.2945991 0.2937240 0.2928720 0.2920437 0.2912394 0.2904596 0.2897049 0.2889757 0.2882724 0.2875956 0.2869458 0.2863233 0.2857286 0.2851622 0.2846242 0.2841152 0.2836351 0.2831844 0.2827629 0.2823708 0.2820078 0.2816740 0.2813688 0.2810920 0.2808431 0.2806214 0.2804263 0.2802569 0.2801124 0.2799919 0.2798941 0.2798182 0.2797627 0.2797267 0.2797086 0.2797073 0.2797213 0.2797494 0.2797901 0.2798420 0.2799038 0.2799740
0.3081940 0.3070537 0.3059327 0.3048314 0.3037500 0.3026889 0.3016483 0.3006285 0.2996299 0.2986526 0.2976971 0.2967635 0.2958523 0.2949637 0.2940983 0.2932562 0.2924380 0.2916441 0.2908748 0.2901307 0.2894121 0.2887195 0.2880534 0.2874141 0.2868021 0.2862177 0.2856613 0.2851332 0.2846335 0.2841626 0.2837206 0.2833073 0.2829230 0.2825674 0.2822402 0.2819413 0.2816702 0.2814265 0.2812095 0.2810186 0.2808529 0.2807117 0.2805940 0.2804987 0.2804249 0.2803713 0.2803369 0.2803202 0.2803202 0.2803354 0.2803645 0.2804063 0.2804593 0.2805222 0.2805936
0.3084789 0.3073422 0.3062254 0.3051289 0.3040530 0.3029979 0.3019639 0.3009513 0.2999602 0.2989909 0.2980438 0.2971190 0.2962168 0.2953377 0.2944819 0.2936498 0.2928417 0.2920581 0.2912993 0.2905657 0.2898577 0.2891757 0.2885201 0.2878912 0.2872895 0.2867153 0.2861688 0.2856503 0.2851600 0.2846980 0.2842645 0.2838594 0.2834827 0.2831343 0.2828139 0.2825212 0.2822559 0.2820173 0.2818050 0.2816183 0.2814564 0.2813186 0.2812038 0.2811111 0.2810395 0.2809879 0.2809552 0.2809401 0.2809414 0.2809578 0.2809882 0.2810311 0.2810852 0.2811493 0.2812219
0.3087709 0.3076379 0.3065256 0.3054342 0.3043640 0.3033152 0.3022880 0.3012826 0.3002992 0.2993380 0.2983994 0.2974834 0.2965905 0.2957208 0.2948747 0.2940525 0.2932546 0.2924812 0.2917327 0.2910096 0.2903120 0.2896405 0.2889953 0.2883768 0.2877853 0.2872210 0.2866842 0.2861752 0.2856941 0.2852409 0.2848159 0.2844188 0.2840497 0.2837085 0.2833947 0.2831082 0.2828485 0.2826152 0.2824076 0.2822252 0.2820671 0.2819327 0.2818210 0.2817309 0.2816617 0.2816122 0.2815813 0.2815678 0.2815705 0.2815883 0.2816199 0.2816640 0.2817194 0.2817846 0.2818585
0.3090697 0.3079407 0.3068331 0.3057470 0.3046827 0.3036404 0.3026201 0.3016222 0.3006467 0.2996938 0.2987637 0.2978567 0.2969730 0.2961128 0.2952764 0.2944641 0.2936762 0.2929130 0.2921749 0.2914621 0.2907749 0.2901137 0.2894788 0.2888705 0.2882890 0.2877345 0.2872074 0.2867077 0.2862356 0.2857912 0.2853744 0.2849853 0.2846237 0.2842895 0.2839824 0.2837020 0.2834480 0.2832199 0.2830171 0.2828389 0.2826848 0.2825538 0.2824451 0.2823579 0.2822911 0.2822437 0.2822147 0.2822029 0.2822072 0.2822264 0.2822593 0.2823047 0.2823613 0.2824278 0.2825030
0.3093752 0.3082504 0.3071477 0.3060672 0.3050091 0.3039734 0.3029603 0.3019699 0.3010024 0.3000579 0.2991365 0.2982385 0.2973640 0.2965133 0.2956866 0.2948842 0.2941064 0.2933533 0.2926254 0.2919228 0.2912460 0.2905950 0.2899702 0.2893720 0.2888004 0.2882556 0.2877380 0.2872475 0.2867843 0.2863485 0.2859400 0.2855587 0.2852045 0.2848773 0.2845767 0.2843024 0.2840541 0.2838311 0.2836331 0.2834593 0.2833090 0.2831815 0.2830760 0.2829916 0.2829273 0.2828822 0.2828552 0.2828451 0.2828510 0.2828717 0.2829060 0.2829527 0.2830106 0.2830784 0.2831550
0.3096872 0.3085669 0.3074693 0.3063947 0.3053429 0.3043141 0.3033083 0.3023257 0.3013663 0.3004302 0.2995176 0.2986286 0.2977634 0.2969222 0.2961052 0.2953127 0.2945448 0.2938018 0.2930841 0.2923917 0.2917250 0.2910841 0.2904694 0.2898811 0.2893192 0.2887841 0.2882757 0.2877944 0.2873400 0.2869126 0.2865122 0.2861386 0.2857918 0.2854714 0.2851774 0.2849092 0.2846664 0.2844487 0.2842554 0.2840859 0.2839396 0.2838157 0.2837134 0.2836319 0.2835701 0.2835273 0.2835023 0.2834941 0.2835017 0.2835239 0.2835597 0.2836077 0.2836669 0.2837361 0.2838141
0.3100055 0.3088900 0.3077979 0.3067293 0.3056841 0.3046624 0.3036641 0.3026893 0.3017381 0.3008105 0.2999067 0.2990268 0.2981709 0.2973392 0.2965319 0.2957492 0.2949913 0.2942584 0.2935506 0.2928683 0.2922117 0.2915808 0.2909760 0.2903975 0.2898453 0.2893196 0.2888205 0.2883480 0.2879023 0.2874833 0.2870909 0.2867249 0.2863854 0.2860719 0.2857842 0.2855220 0.2852849 0.2850724 0.2848838 0.2847187 0.2845764 0.2844561 0.2843570 0.2842784 0.2842193 0.2841788 0.2841559 0.2841496 0.2841589 0.2841827 0.2842199 0.2842694 0.2843299 0.2844005 0.2844798
0.3103302 0.3092197 0.3081334 0.3070710 0.3060326 0.3050181 0.3040275 0.3030607 0.3021178 0.3011988 0.3003038 0.2994330 0.2985864 0.2977642 0.2969666 0.2961937 0.2954456 0.2947226 0.2940249 0.2933525 0.2927058 0.2920849 0.2914899 0.2909210 0.2903784 0.2898620 0.2893720 0.2889084 0.2884712 0.2880604 0.2876759 0.2873175 0.2869851 0.2866784 0.2863971 0.2861409 0.2859093 0.2857019 0.2855181 0.2853574 0.2852190 0.2851024 0.2850066 0.2849309 0.2848745 0.2848364 0.2848156 0.2848113 0.2848223 0.2848478 0.2848864 0.2849373 0.2849993 0.2850712 0.2851519
0.3106611 0.3095561 0.3084757 0.3074199 0.3063885 0.3053814 0.3043984 0.3034397 0.3025052 0.3015948 0.3007088 0.2998470 0.2990098 0.2981970 0.2974090 0.2966458 0.2959075 0.2951944 0.2945066 0.2938441 0.2932073 0.2925962 0.2920109 0.2914515 0.2909182 0.2904111 0.2899300 0.2894751 0.2890464 0.2886437 0.2882670 0.2879160 0.2875907 0.2872907 0.2870158 0.2867655 0.2865395 0.2863372 0.2861582 0.2860018 0.2858674 0.2857544 0.2856619 0.2855892 0.2855355 0.2854998 0.2854812 0.2854789 0.2854917 0.2855188 0.2855590 0.2856113 0.2856746 0.2857479 0.2858299
0.3109985 0.3098991 0.3088250 0.3077759 0.3067517 0.3057520 0.3047770 0.3038264 0.3029003 0.3019986 0.3011214 0.3002688 0.2994408 0.2986375 0.2978590 0.2971055 0.2963769 0.2956736 0.2949956 0.2943429 0.2937159 0.2931144 0.2925387 0.2919888 0.2914647 0.2909666 0.2904944 0.2900482 0.2896277 0.2892331 0.2888640 0.2885205 0.2882022 0.2879088 0.2876401 0.2873957 0.2871752 0.2869780 0.2868037 0.2866517 0.2865213 0.2864119 0.2863228 0.2862531 0.2862021 0.2861688 0.2861525 0.2861522 0.2861668 0.2861956 0.2862373 0.2862910 0.2863557 0.2864303 0.2865137
0.3113424 0.3102490 0.3091814 0.3081392 0.3071222 0.3061302 0.3051631 0.3042206 0.3033029 0.3024099 0.3015417 0.3006981 0.2998793 0.2990854 0.2983164 0.2975725 0.2968537 0.2961600 0.2954917 0.2948488 0.2942313 0.2936395 0.2930732 0.2925326 0.2920177 0.2915286 0.2910651 0.2906273 0.2902151 0.2898284 0.2894669 0.2891307 0.2888193 0.2885325 0.2882700 0.2880314 0.2878163 0.2876242 0.2874547 0.2873070 0.2871806 0.2870749 0.2869891 0.2869224 0.2868741 0.2868434 0.2868293 0.2868309 0.2868474 0.2868778 0.2869211 0.2869762 0.2870423 0.2871182 0.2872028
