data/rasters/evap/evaporation_20000109.ASC
NCOLS                  300
NROWS                  325
XLLCORNER       0.0000000E+00
YLLCORNER        300000.0
CELLSIZE         1000.000
NODATA_VALUE    0.0000000E+00
[rows 250 to 274 of 325, columns 165 to 219 of 300]
0.4144169 0.4136651 0.4129188 0.4121774 0.4114404 0.4107071 0.4099771 0.4092498 0.4085248 0.4078016 0.4070798 0.4063588 0.4056384 0.4049180 0.4041972 0.4034757 0.4027529 0.4020285 0.4013020 0.4005730 0.3998410 0.3991055 0.3983660 0.3976221 0.3968733 0.3961191 0.3953589 0.3945923 0.3938186 0.3930374 0.3922481 0.3914501 0.3906428 0.3898257 0.3889982 0.3881595 0.3873092 0.3864466 0.3855710 0.3846819 0.3837788 0.3828610 0.3819282 0.3809798 0.3800156 0.3790354 0.3780392 0.3770268 0.3759984 0.3749544 0.3738951 0.3728209 0.3717324 0.0000000E+00 0.0000000E+00
0.4143889 0.4136375 0.4128916 0.4121505 0.4114136 0.4106804 0.4099504 0.4092230 0.4084978 0.4077743 0.4070521 0.4063307 0.4056098 0.4048889 0.4041675 0.4034453 0.4027219 0.4019967 0.4012694 0.4005395 0.3998065 0.3990700 0.3983295 0.3975845 0.3968345 0.3960791 0.3953176 0.3945497 0.3937747 0.3929920 0.3922013 0.3914019 0.3905932 0.3897747 0.3889457 0.3881058 0.3872542 0.3863905 0.3855140 0.3846242 0.3837205 0.3828026 0.3818699 0.3809220 0.3799588 0.3789800 0.3779855 0.3769754 0.3759499 0.3749090 0.3738532 0.3727829 0.3716985 0.0000000E+00 0.0000000E+00
0.4143569 0.4136062 0.4128607 0.4121199 0.4113831 0.4106500 0.4099199 0.4091923 0.4084668 0.4077430 0.4070204 0.4062986 0.4055771 0.4048556 0.4041336 0.4034106 0.4026864 0.4019604 0.4012322 0.4005013 0.3997673 0.3990298 0.3982882 0.3975420 0.3967909 0.3960342 0.3952714 0.3945021 0.3937257 0.3929417 0.3921495 0.3913487 0.3905386 0.3897186 0.3888883 0.3880471 0.3871944 0.3863296 0.3854522 0.3845617 0.3836577 0.3827396 0.3818071 0.3808598 0.3798975 0.3789201 0.3779275 0.3769196 0.3758966 0.3748588 0.3738064 0.3727399 0.0000000E+00 0.0000000E+00 0.0000000E+00
0.4143206 0.4135707 0.4128257 0.4120852 0.4113487 0.4106156 0.4098854 0.4091577 0.4084319 0.4077078 0.4069847 0.4062623 0.4055403 0.4048181 0.4040953 0.4033716 0.4026465 0.4019196 0.4011905 0.4004586 0.3997236 0.3989850 0.3982422 0.3974949 0.3967425 0.3959845 0.3952204 0.3944497 0.3936719 0.3928865 0.3920929 0.3912906 0.3904791 0.3896578 0.3888262 0.3879837 0.3871298 0.3862641 0.3853859 0.3844948 0.3835904 0.3826722 0.3817399 0.3807933 0.3798320 0.3788559 0.3778650 0.3768594 0.3758390 0.3748041 0.3737550 0.0000000E+00 0.0000000E+00 0.0000000E+00 0.0000000E+00
0.4142800 0.4135309 0.4127865 0.4120465 0.4113102 0.4105771 0.4098469 0.4091190 0.4083929 0.4076684 0.4069448 0.4062219 0.4054992 0.4047763 0.4040528 0.4033283 0.4026023 0.4018745 0.4011443 0.4004114 0.3996753 0.3989356 0.3981917 0.3974431 0.3966894 0.3959301 0.3951647 0.3943926 0.3936135 0.3928266 0.3920316 0.3912279 0.3904150 0.3895923 0.3887594 0.3879158 0.3870609 0.3861941 0.3853152 0.3844236 0.3835189 0.3826007 0.3816687 0.3807227 0.3797624 0.3787877 0.3777986 0.3767950 0.3757771 0.3747451 0.0000000E+00 0.0000000E+00 0.0000000E+00 0.0000000E+00 0.0000000E+00
0.4142347 0.4134866 0.4127429 0.4120034 0.4112674 0.4105345 0.4098042 0.4090761 0.4083498 0.4076248 0.4069008 0.4061773 0.4054540 0.4047303 0.4040060 0.4032806 0.4025537 0.4018249 0.4010938 0.4003598 0.3996227 0.3988818 0.3981366 0.3973869 0.3966319 0.3958713 0.3951045 0.3943311 0.3935505 0.3927622 0.3919658 0.3911607 0.3903464 0.3895225 0.3886884 0.3878435 0.3869876 0.3861201 0.3852404 0.3843483 0.3834434 0.3825253 0.3815936 0.3806482 0.3796889 0.3787156 0.3777281 0.3767267 0.3757112 0.3746819 0.0000000E+00 0.0000000E+00 0.0000000E+00 0.0000000E+00 0.0000000E+00
0.4141846 0.4134376 0.4126948 0.4119558 0.4112202 0.4104875 0.4097573 0.4090291 0.4083025 0.4075771 0.4068526 0.4061285 0.4054044 0.4046800 0.4039549 0.4032286 0.4025008 0.4017711 0.4010389 0.4003039 0.3995656 0.3988236 0.3980773 0.3973263 0.3965700 0.3958081 0.3950400 0.3942652 0.3934832 0.3926935 0.3918957 0.3910893 0.3902737 0.3894484 0.3886131 0.3877672 0.3869103 0.3860419 0.3851617 0.3842692 0.3833641 0.3824460 0.3815147 0.3805700 0.3796117 0.3786397 0.3776540 0.3766545 0.0000000E+00 0.0000000E+00 0.0000000E+00 0.0000000E+00 0.0000000E+00 0.0000000E+00 0.0000000E+00
0.4141295 0.4133838 0.4126420 0.4119037 0.4111686 0.4104361 0.4097060 0.4089777 0.4082509 0.4075252 0.4068001 0.4060754 0.4053507 0.4046255 0.4038996 0.4031724 0.4024437 0.4017129 0.4009798 0.4002437 0.3995043 0.3987611 0.3980136 0.3972614 0.3965039 0.3957407 0.3949712 0.3941951 0.3934117 0.3926207 0.3918215 0.3910137 0.3901968 0.3893704 0.3885339 0.3876870 0.3868291 0.3859600 0.3850792 0.3841863 0.3832811 0.3823631 0.3814322 0.3804882 0.3795309 0.3785602 0.3775761 0.3765786 0.0000000E+00 0.0000000E+00 0.0000000E+00 0.0000000E+00 0.0000000E+00 0.0000000E+00 0.0000000E+00
0.4140694 0.4133251 0.4125844 0.4118469 0.4111124 0.4103802 0.4096502 0.4089219 0.4081949 0.4074689 0.4067434 0.4060181 0.4052927 0.4045668 0.4038400 0.4031120 0.4023823 0.4016506 0.4009164 0.4001793 0.3994388 0.3986945 0.3979458 0.3971924 0.3964336 0.3956691 0.3948983 0.3941208 0.3933361 0.3925438 0.3917433 0.3909342 0.3901160 0.3892884 0.3884508 0.3876029 0.3867443 0.3858744 0.3849931 0.3840999 0.3831945 0.3822767 0.3813463 0.3804030 0.3794466 0.3784772 0.3774948 0.0000000E+00 0.0000000E+00 0.0000000E+00 0.0000000E+00 0.0000000E+00 0.0000000E+00 0.0000000E+00 0.0000000E+00
0.4140042 0.4132614 0.4125219 0.4117854 0.4110515 0.4103198 0.4095901 0.4088618 0.4081347 0.4074083 0.4066824 0.4059566 0.4052305 0.4045039 0.4037762 0.4030473 0.4023167 0.4015840 0.4008489 0.4001107 0.3993692 0.3986238 0.3978740 0.3971193 0.3963593 0.3955936 0.3948215 0.3940427 0.3932567 0.3924630 0.3916612 0.3908508 0.3900315 0.3892027 0.3883641 0.3875152 0.3866558 0.3857853 0.3849035 0.3840100 0.3831046 0.3821870 0.3812569 0.3803144 0.3793590 0.3783909 0.0000000E+00 0.0000000E+00 0.0000000E+00 0.0000000E+00 0.0000000E+00 0.0000000E+00 0.0000000E+00 0.0000000E+00 0.0000000E+00
0.4139338 0.4131927 0.4124545 0.4117191 0.4109859 0.4102548 0.4095254 0.4087972 0.4080700 0.4073434 0.4066171 0.4058908 0.4051641 0.4044367 0.4037083 0.4029785 0.4022470 0.4015134 0.4007773 0.4000382 0.3992956 0.3985491 0.3977982 0.3970423 0.3962812 0.3955141 0.3947408 0.3939607 0.3931734 0.3923784 0.3915754 0.3907638 0.3899433 0.3891134 0.3882738 0.3874241 0.3865638 0.3856927 0.3848105 0.3839168 0.3830113 0.3820939 0.3811644 0.3802225 0.3792682 0.3783014 0.0000000E+00 0.0000000E+00 0.0000000E+00 0.0000000E+00 0.0000000E+00 0.0000000E+00 0.0000000E+00 0.0000000E+00 0.0000000E+00
0.4138582 0.4131188 0.4123822 0.4116479 0.4109156 0.4101852 0.4094561 0.4087282 0.4080010 0.4072742 0.4065476 0.4058208 0.4050935 0.4043654 0.4036362 0.4029056 0.4021732 0.4014387 0.4007017 0.3999616 0.3992181 0.3984705 0.3977185 0.3969616 0.3961992 0.3954310 0.3946564 0.3938751 0.3930865 0.3922903 0.3914860 0.3906732 0.3898516 0.3890207 0.3881801 0.3873295 0.3864686 0.3855969 0.3847143 0.3838204 0.3829149 0.3819978 0.3810687 0.3801275 0.3791742 0.0000000E+00 0.0000000E+00 0.0000000E+00 0.0000000E+00 0.0000000E+00 0.0000000E+00 0.0000000E+00 0.0000000E+00 0.0000000E+00 0.0000000E+00
0.4137774 0.4130399 0.4123048 0.4115718 0.4108406 0.4101109 0.4093824 0.4086547 0.4079276 0.4072008 0.4064739 0.4057466 0.4050188 0.4042900 0.4035601 0.4028286 0.4020954 0.4013601 0.4006222 0.3998812 0.3991367 0.3983882 0.3976351 0.3968771 0.3961136 0.3953442 0.3945684 0.3937858 0.3929960 0.3921986 0.3913931 0.3905792 0.3897565 0.3889245 0.3880831 0.3872317 0.3863700 0.3854979 0.3846149 0.3837208 0.3828155 0.3818985 0.3809699 0.3800295 0.3790772 0.0000000E+00 0.0000000E+00 0.0000000E+00 0.0000000E+00 0.0000000E+00 0.0000000E+00 0.0000000E+00 0.0000000E+00 0.0000000E+00 0.0000000E+00
0.4136913 0.4129559 0.4122224 0.4114909 0.4107608 0.4100319 0.4093041 0.4085768 0.4078499 0.4071230 0.4063960 0.4056684 0.4049400 0.4042106 0.4034799 0.4027477 0.4020137 0.4012776 0.4005388 0.3997970 0.3990516 0.3983022 0.3975481 0.3967890 0.3960244 0.3952538 0.3944769 0.3936931 0.3929021 0.3921035 0.3912969 0.3904819 0.3896581 0.3888252 0.3879828 0.3871307 0.3862684 0.3853958 0.3845125 0.3836183 0.3827130 0.3817963 0.3808682 0.3799285 0.0000000E+00 0.0000000E+00 0.0000000E+00 0.0000000E+00 0.0000000E+00 0.0000000E+00 0.0000000E+00 0.0000000E+00 0.0000000E+00 0.0000000E+00 0.0000000E+00
0.4135999 0.4128667 0.4121351 0.4114051 0.4106762 0.4099484 0.4092212 0.4084945 0.4077679 0.4070411 0.4063139 0.4055860 0.4048572 0.4041272 0.4033959 0.4026629 0.4019282 0.4011913 0.4004518 0.3997092 0.3989630 0.3982126 0.3974576 0.3966975 0.3959318 0.3951601 0.3943820 0.3935970 0.3928049 0.3920051 0.3911974 0.3903813 0.3895565 0.3887226 0.3878794 0.3870266 0.3861637 0.3852907 0.3844071 0.3835128 0.3826075 0.3816912 0.3807636 0.0000000E+00 0.3788743 0.0000000E+00 0.0000000E+00 0.0000000E+00 0.0000000E+00 0.0000000E+00 0.0000000E+00 0.0000000E+00 0.0000000E+00 0.0000000E+00 0.0000000E+00
0.4135034 0.4127724 0.4120428 0.4113144 0.4105869 0.4098602 0.4091339 0.4084077 0.4076815 0.4069549 0.4062278 0.4054997 0.4047705 0.4040400 0.4033080 0.4025743 0.4018389 0.4011014 0.4003612 0.3996179 0.3988709 0.3981197 0.3973637 0.3966026 0.3958358 0.3950630 0.3942837 0.3934977 0.3927044 0.3919035 0.3910947 0.3902775 0.3894517 0.3886170 0.3877730 0.3869195 0.3860561 0.3851826 0.3842988 0.3834044 0.3824993 0.3815832 0.3806562 0.3797180 0.3787685 0.3778079 0.3768359 0.3758527 0.0000000E+00 0.0000000E+00 0.0000000E+00 0.0000000E+00 0.0000000E+00 0.0000000E+00 0.0000000E+00
0.4134017 0.4126731 0.4119455 0.4112189 0.4104929 0.4097674 0.4090420 0.4083166 0.4075910 0.4068647 0.4061376 0.4054095 0.4046800 0.4039491 0.4032165 0.4024821 0.4017460 0.4010079 0.4002672 0.3995233 0.3987755 0.3980234 0.3972665 0.3965044 0.3957366 0.3949627 0.3941823 0.3933951 0.3926007 0.3917987 0.3909888 0.3901707 0.3893440 0.3885084 0.3876637 0.3868095 0.3859456 0.3850717 0.3841876 0.3832932 0.3823882 0.3814725 0.3805460 0.3796085 0.3786600 0.3777005 0.3767300 0.3757484 0.3747559 0.0000000E+00 0.0000000E+00 0.0000000E+00 0.0000000E+00 0.0000000E+00 0.0000000E+00
0.4132949 0.4125687 0.4118433 0.4111185 0.4103941 0.4096699 0.4089457 0.4082212 0.4074962 0.4067703 0.4060435 0.4053154 0.4045858 0.4038545 0.4031215 0.4023865 0.4016497 0.4009112 0.4001700 0.3994254 0.3986769 0.3979239 0.3971661 0.3964030 0.3956341 0.3948592 0.3940777 0.3932894 0.3924939 0.3916909 0.3908800 0.3900609 0.3892333 0.3883969 0.3875514 0.3866966 0.3858322 0.3849579 0.3840737 0.3831792 0.3822744 0.3813590 0.3804331 0.3794963 0.3785488 0.3775904 0.3766213 0.3756413 0.3746506 0.0000000E+00 0.0000000E+00 0.0000000E+00 0.0000000E+00 0.0000000E+00 0.0000000E+00
0.4131829 0.4124593 0.4117362 0.4110134 0.4102907 0.4095680 0.4088450 0.4081215 0.4073972 0.4066720 0.4059455 0.4052176 0.4044881 0.4037566 0.4030232 0.4022878 0.4015504 0.4008115 0.4000697 0.3993245 0.3985752 0.3978214 0.3970626 0.3962985 0.3955286 0.3947526 0.3939701 0.3931807 0.3923841 0.3915800 0.3907681 0.3899481 0.3891196 0.3882824 0.3874362 0.3865809 0.3857160 0.3848415 0.3839571 0.3830626 0.3821579 0.3812429 0.3803174 0.3793814 0.3784349 0.3774777 0.3765098 0.3755314 0.3745425 0.3735431 0.0000000E+00 0.0000000E+00 0.0000000E+00 0.0000000E+00 0.0000000E+00
0.0000000E+00 0.4123449 0.4116242 0.4109035 0.4101826 0.4094615 0.4087398 0.4080174 0.4072941 0.4065696 0.4058436 0.4051161 0.4043868 0.4036554 0.4029219 0.4021863 0.4014487 0.4007091 0.3999666 0.3992206 0.3984705 0.3977158 0.3969561 0.3961909 0.3954200 0.3946429 0.3938594 0.3930689 0.3922713 0.3914663 0.3906534 0.3898324 0.3890031 0.3881651 0.3873183 0.3864624 0.3855971 0.3847223 0.3838377 0.3829433 0.3820388 0.3811241 0.3801992 0.3792640 0.3783183 0.3773623 0.3763958 0.3754189 0.3744317 0.3734342 0.0000000E+00 0.0000000E+00 0.0000000E+00 0.0000000E+00 0.0000000E+00
0.0000000E+00 0.0000000E+00 0.0000000E+00 0.0000000E+00 0.4100699 0.4093505 0.4086303 0.4079091 0.4071868 0.4064632 0.4057379 0.4050109 0.4042819 0.4035508 0.4028175 0.4020819 0.4013440 0.4006038 0.3998606 0.3991137 0.3983627 0.3976071 0.3968464 0.3960803 0.3953084 0.3945303 0.3937457 0.3929542 0.3921556 0.3913495 0.3905357 0.3897139 0.3888837 0.3880451 0.3871976 0.3863412 0.3854755 0.3846004 0.3837157 0.3828213 0.3819170 0.3810028 0.3800784 0.3791439 0.3781992 0.3772442 0.3762791 0.3753037 0.3743182 0.3733226 0.0000000E+00 0.0000000E+00 0.0000000E+00 0.0000000E+00 0.0000000E+00
0.0000000E+00 0.0000000E+00 0.0000000E+00 0.0000000E+00 0.0000000E+00 0.0000000E+00 0.4085163 0.4077966 0.4070754 0.4063528 0.4056283 0.4049020 0.4041735 0.4034428 0.4027097 0.4019742 0.4012361 0.4004954 0.3997515 0.3990038 0.3982520 0.3974954 0.3967338 0.3959667 0.3951938 0.3944146 0.3936290 0.3928365 0.3920369 0.3912299 0.3904152 0.3895925 0.3887616 0.3879222 0.3870742 0.3862172 0.3853512 0.3844759 0.3835911 0.3826967 0.3817927 0.3808788 0.3799550 0.3790212 0.3780774 0.3771236 0.3761597 0.3751858 0.3742020 0.0000000E+00 0.0000000E+00 0.0000000E+00 0.0000000E+00 0.0000000E+00 0.0000000E+00
0.0000000E+00 0.0000000E+00 0.0000000E+00 0.0000000E+00 0.0000000E+00 0.0000000E+00 0.4083980 0.4076797 0.4069599 0.4062383 0.4055148 0.4047892 0.4040614 0.4033312 0.4025984 0.4018630 0.4011249 0.4003837 0.3996391 0.3988907 0.3981380 0.3973807 0.3966181 0.3958500 0.3950761 0.3942960 0.3935094 0.3927159 0.3919154 0.3911074 0.3902918 0.3894683 0.3886366 0.3877966 0.3869480 0.3860906 0.3852242 0.3843487 0.3834639 0.3825696 0.3816657 0.3807523 0.3798290 0.3788960 0.3779531 0.3770004 0.3760378 0.3750654 0.3740832 0.3730913 0.0000000E+00 0.0000000E+00 0.0000000E+00 0.0000000E+00 0.0000000E+00
0.0000000E+00 0.0000000E+00 0.0000000E+00 0.0000000E+00 0.0000000E+00 0.0000000E+00 0.0000000E+00 0.0000000E+00 0.4068402 0.4061199 0.4053974 0.4046727 0.4039456 0.4032159 0.4024835 0.4017483 0.4010101 0.4002686 0.3995235 0.3987744 0.3980210 0.3972627 0.3964993 0.3957303 0.3949554 0.3941743 0.3933868 0.3925923 0.3917909 0.3909820 0.3901656 0.3893413 0.3885089 0.3876683 0.3868192 0.3859613 0.3850946 0.3842189 0.3833340 0.3824399 0.3815363 0.3806232 0.3797005 0.3787682 0.3778263 0.3768747 0.3759134 0.3749424 0.3739618 0.0000000E+00 0.0000000E+00 0.0000000E+00 0.0000000E+00 0.0000000E+00 0.0000000E+00
0.0000000E+00 0.0000000E+00 0.0000000E+00 0.0000000E+00 0.0000000E+00 0.0000000E+00 0.0000000E+00 0.0000000E+00 0.0000000E+00 0.0000000E+00 0.0000000E+00 0.0000000E+00 0.0000000E+00 0.0000000E+00 0.4023649 0.4016299 0.4008917 0.4001500 0.3994045 0.3986548 0.3979007 0.3971417 0.3963774 0.3956075 0.3948317 0.3940497 0.3932612 0.3924659 0.3916635 0.3908538 0.3900366 0.3892115 0.3883785 0.3875372 0.3866876 0.3858294 0.3849624 0.3840865 0.3832016 0.3823076 0.3814043 0.3804916 0.3795695 0.3786380 0.3776969 0.3767464 0.3757863 0.3748168 0.3738378 0.0000000E+00 0.0000000E+00 0.0000000E+00 0.0000000E+00 0.0000000E+00 0.0000000E+00
