data/rasters/evap/evaporation_20000103.ASC
NCOLS                  300
NROWS                  325
XLLCORNER       0.0000000E+00
YLLCORNER        300000.0
CELLSIZE         1000.000
NODATA_VALUE    0.0000000E+00
[rows 154 to 175 of 325, columns 153 to 203 of 300]
7.6811247E-02 7.7337973E-02 7.7860110E-02 7.8376919E-02 7.8887716E-02 7.9391882E-02 7.9888821E-02 8.0378003E-02 8.0858916E-02 8.1331089E-02 8.1794105E-02 8.2247578E-02 8.2691148E-02 8.3124511E-02 8.3547391E-02 8.3959550E-02 8.4360771E-02 8.4750883E-02 8.5129730E-02 8.5497208E-02 8.5853197E-02 8.6197615E-02 8.6530410E-02 8.6851530E-02 8.7160930E-02 8.7458603E-02 8.7744519E-02 8.8018693E-02 8.8281132E-02 8.8531859E-02 8.8770926E-02 8.8998377E-02 8.9214303E-02 8.9418806E-02 8.9612022E-02 8.9794122E-02 8.9965291E-02 9.0125777E-02 9.0275832E-02 9.0415761E-02 9.0545900E-02 9.0666592E-02 9.0778224E-02 9.0881184E-02 9.0975888E-02 9.1062754E-02 9.1142200E-02 9.1214657E-02 9.1280557E-02 9.1340326E-02 9.1394380E-02
7.6709546E-02 7.7236988E-02 7.7759936E-02 7.8277700E-02 7.8789636E-02 7.9295143E-02 7.9793662E-02 8.0284670E-02 8.0767676E-02 8.1242226E-02 8.1707902E-02 8.2164317E-02 8.2611121E-02 8.3048016E-02 8.3474718E-02 8.3890982E-02 8.4296592E-02 8.4691368E-02 8.5075147E-02 8.5447811E-02 8.5809223E-02 8.6159304E-02 8.6497970E-02 8.6825155E-02 8.7140813E-02 8.7444894E-02 8.7737374E-02 8.8018239E-02 8.8287465E-02 8.8545069E-02 8.8791057E-02 8.9025483E-02 8.9248396E-02 8.9459881E-02 8.9660063E-02 8.9849092E-02 9.0027146E-02 9.0194464E-02 9.0351298E-02 9.0497963E-02 9.0634786E-02 9.0762131E-02 9.0880394E-02 9.0989977E-02 9.1091305E-02 9.1184810E-02 9.1270931E-02 9.1350101E-02 9.1422766E-02 9.1489360E-02 9.1550328E-02
7.6625198E-02 7.7152893E-02 7.7676192E-02 7.8194462E-02 7.8707099E-02 7.9213522E-02 7.9713210E-02 8.0205649E-02 8.0690347E-02 8.1166871E-02 8.1634812E-02 8.2093775E-02 8.2543440E-02 8.2983471E-02 8.3413608E-02 8.3833598E-02 8.4243223E-02 8.4642291E-02 8.5030638E-02 8.5408114E-02 8.5774608E-02 8.6129993E-02 8.6474195E-02 8.6807124E-02 8.7128721E-02 8.7438919E-02 8.7737672E-02 8.8024937E-02 8.8300683E-02 8.8564895E-02 8.8817567E-02 8.9058712E-02 8.9288369E-02 8.9506604E-02 8.9713506E-02 8.9909211E-02 9.0093903E-02 9.0267807E-02 9.0431169E-02 9.0584308E-02 9.0727568E-02 9.0861313E-02 9.0985961E-02 9.1101922E-02 9.1209643E-02 9.1309562E-02 9.1402136E-02 9.1487817E-02 9.1567054E-02 9.1640301E-02 9.1707997E-02
7.6558575E-02 7.7086009E-02 7.7609181E-02 7.8127503E-02 7.8640401E-02 7.9147324E-02 7.9647765E-02 8.0141209E-02 8.0627203E-02 8.1105307E-02 8.1575111E-02 8.2036234E-02 8.2488351E-02 8.2931139E-02 8.3364323E-02 8.3787657E-02 8.4200911E-02 8.4603891E-02 8.4996425E-02 8.5378356E-02 8.5749559E-02 8.6109914E-02 8.6459309E-02 8.6797647E-02 8.7124862E-02 8.7440863E-02 8.7745592E-02 8.8038974E-02 8.8320971E-02 8.8591538E-02 8.8850632E-02 8.9098260E-02 8.9334413E-02 8.9559145E-02 8.9772530E-02 8.9974679E-02 9.0165764E-02 9.0345994E-02 9.0515628E-02 9.0674989E-02 9.0824418E-02 9.0964310E-02 9.1095090E-02 9.1217190E-02 9.1331057E-02 9.1437168E-02 9.1535985E-02 9.1627970E-02 9.1713585E-02 9.1793291E-02 9.1867551E-02
7.6509945E-02 7.7036612E-02 7.7559181E-02 7.8077085E-02 7.8589804E-02 7.9096802E-02 7.9597570E-02 8.0091625E-02 8.0578506E-02 8.1057779E-02 8.1529051E-02 8.1991933E-02 8.2446106E-02 8.2891248E-02 8.3327085E-02 8.3753370E-02 8.4169857E-02 8.4576368E-02 8.4972709E-02 8.5358731E-02 8.5734285E-02 8.6099237E-02 8.6453475E-02 8.6796902E-02 8.7129407E-02 8.7450907E-02 8.7761305E-02 8.8060528E-02 8.8348500E-02 8.8625148E-02 8.8890418E-02 8.9144275E-02 8.9386694E-02 8.9617692E-02 8.9837313E-02 9.0045661E-02 9.0242885E-02 9.0429187E-02 9.0604834E-02 9.0770148E-02 9.0925492E-02 9.1071270E-02 9.1207922E-02 9.1335908E-02 9.1455698E-02 9.1567770E-02 9.1672607E-02 9.1770694E-02 9.1862492E-02 9.1948487E-02 9.2029124E-02
7.6479524E-02 7.7004910E-02 7.7526383E-02 7.8043431E-02 7.8555539E-02 7.9062186E-02 7.9562880E-02 8.0057129E-02 8.0544487E-02 8.1024528E-02 8.1496857E-02 8.1961103E-02 8.2416922E-02 8.2864016E-02 8.3302110E-02 8.3730936E-02 8.4150277E-02 8.4559925E-02 8.4959693E-02 8.5349418E-02 8.5728943E-02 8.6098142E-02 8.6456873E-02 8.6805038E-02 8.7142505E-02 8.7469183E-02 8.7784953E-02 8.8089727E-02 8.8383391E-02 8.8665865E-02 8.8937059E-02 8.9196905E-02 8.9445353E-02 8.9682370E-02 8.9908004E-02 9.0122305E-02 9.0325415E-02 9.0517543E-02 9.0698935E-02 9.0869941E-02 9.1030926E-02 9.1182321E-02 9.1324590E-02 9.1458209E-02 9.1583669E-02 9.1701478E-02 9.1812126E-02 9.1916107E-02 9.2013910E-02 9.2106000E-02 9.2192858E-02
7.6467417E-02 7.6991029E-02 7.7510968E-02 7.8026734E-02 7.8537814E-02 7.9043701E-02 7.9543896E-02 8.0037937E-02 8.0525368E-02 8.1005767E-02 8.1478745E-02 8.1943929E-02 8.2401000E-02 8.2849637E-02 8.3289571E-02 8.3720550E-02 8.4142335E-02 8.4554724E-02 8.4957525E-02 8.5350573E-02 8.5733697E-02 8.6106770E-02 8.6469643E-02 8.6822189E-02 8.7164290E-02 8.7495819E-02 8.7816656E-02 8.8126682E-02 8.8425770E-02 8.8713810E-02 8.8990673E-02 8.9256264E-02 8.9510500E-02 8.9753322E-02 8.9984722E-02 9.0204738E-02 9.0413496E-02 9.0611175E-02 9.0798050E-02 9.0974465E-02 9.1140822E-02 9.1297559E-02 9.1445185E-02 9.1584183E-02 9.1715090E-02 9.1838405E-02 9.1954656E-02 9.2064328E-02 9.2167936E-02 9.2265956E-02 9.2358865E-02
7.6473691E-02 7.6995090E-02 7.7513076E-02 7.8027152E-02 7.8536801E-02 7.9041526E-02 7.9540834E-02 8.0034249E-02 8.0521338E-02 8.1001684E-02 8.1474900E-02 8.1940621E-02 8.2398519E-02 8.2848288E-02 8.3289661E-02 8.3722368E-02 8.4146194E-02 8.4560923E-02 8.4966362E-02 8.5362338E-02 8.5748680E-02 8.6125247E-02 8.6491890E-02 8.6848475E-02 8.7194860E-02 8.7530918E-02 8.7856501E-02 8.8171482E-02 8.8475712E-02 8.8769048E-02 8.9051336E-02 8.9322440E-02 8.9582242E-02 8.9830630E-02 9.0067573E-02 9.0293072E-02 9.0507217E-02 9.0710193E-02 9.0902284E-02 9.1083825E-02 9.1255270E-02 9.1417082E-02 9.1569789E-02 9.1713928E-02 9.1850027E-02 9.1978632E-02 9.2100270E-02 9.2215449E-02 9.2324689E-02 9.2428461E-02 9.2527255E-02
7.6498345E-02 7.7017173E-02 7.7532843E-02 7.8044847E-02 7.8552686E-02 7.9055853E-02 7.9553865E-02 8.0046259E-02 8.0532596E-02 8.1012473E-02 8.1485502E-02 8.1951335E-02 8.2409643E-02 8.2860127E-02 8.3302513E-02 8.3736546E-02 8.4162004E-02 8.4578663E-02 8.4986329E-02 8.5384838E-02 8.5774012E-02 8.6153693E-02 8.6523734E-02 8.6883985E-02 8.7234303E-02 8.7574549E-02 8.7904565E-02 8.8224202E-02 8.8533282E-02 8.8831641E-02 8.9119107E-02 8.9395486E-02 8.9660622E-02 8.9914374E-02 9.0156630E-02 9.0387374E-02 9.0606667E-02 9.0814680E-02 9.1011696E-02 9.1198087E-02 9.1374330E-02 9.1540940E-02 9.1698468E-02 9.1847479E-02 9.1988549E-02 9.2122220E-02 9.2249051E-02 9.2369549E-02 9.2484243E-02 9.2593618E-02 9.2698149E-02
7.6541424E-02 7.7057377E-02 7.7570401E-02 7.8079991E-02 7.8585647E-02 7.9086870E-02 7.9583183E-02 8.0074139E-02 8.0559306E-02 8.1038289E-02 8.1510715E-02 8.1976227E-02 8.2434528E-02 8.2885295E-02 8.3328277E-02 8.3763212E-02 8.4189877E-02 8.4608056E-02 8.5017547E-02 8.5418180E-02 8.5809782E-02 8.6192191E-02 8.6565241E-02 8.6928792E-02 8.7282695E-02 8.7626778E-02 8.7960891E-02 8.8284865E-02 8.8598505E-02 8.8901617E-02 8.9194000E-02 8.9475423E-02 8.9745685E-02 9.0004571E-02 9.0251938E-02 9.0487704E-02 9.0711892E-02 9.0924673E-02 9.1126330E-02 9.1317281E-02 9.1498032E-02 9.1669150E-02 9.1831237E-02 9.1984883E-02 9.2130691E-02 9.2269227E-02 9.2401057E-02 9.2526704E-02 9.2646688E-02 9.2761502E-02 9.2871629E-02
7.6603048E-02 7.7115886E-02 7.7625968E-02 7.8132793E-02 7.8635886E-02 7.9134762E-02 7.9628967E-02 8.0118060E-02 8.0601633E-02 8.1079297E-02 8.1550680E-02 8.2015455E-02 8.2473300E-02 8.2923926E-02 8.3367072E-02 8.3802484E-02 8.4229931E-02 8.4649205E-02 8.5060112E-02 8.5462458E-02 8.5856080E-02 8.6240813E-02 8.6616494E-02 8.6982965E-02 8.7340064E-02 8.7687634E-02 8.8025503E-02 8.8353485E-02 8.8671379E-02 8.8978969E-02 8.9276008E-02 8.9562245E-02 8.9837402E-02 9.0101235E-02 9.0353504E-02 9.0594068E-02 9.0822920E-02 9.1040194E-02 9.1246203E-02 9.1441408E-02 9.1626376E-02 9.1801725E-02 9.1968104E-02 9.2126146E-02 9.2276476E-02 9.2419684E-02 9.2556335E-02 9.2686959E-02 9.2812091E-02 9.2932209E-02 9.3047790E-02
7.6683491E-02 7.7192970E-02 7.7699780E-02 7.8203484E-02 7.8703620E-02 7.9199739E-02 7.9691410E-02 8.0178209E-02 8.0659740E-02 8.1135638E-02 8.1605539E-02 8.2069121E-02 8.2526080E-02 8.2976133E-02 8.3419003E-02 8.3854459E-02 8.4282264E-02 8.4702209E-02 8.5114099E-02 8.5517749E-02 8.5912980E-02 8.6299635E-02 8.6677536E-02 8.7046534E-02 8.7406456E-02 8.7757140E-02 8.8098407E-02 8.8430054E-02 8.8751882E-02 8.9063644E-02 8.9365073E-02 8.9655884E-02 8.9935735E-02 9.0204306E-02 9.0461291E-02 9.0706460E-02 9.0939723E-02 9.1161221E-02 9.1371275E-02 9.1570422E-02 9.1759302E-02 9.1938607E-02 9.2109032E-02 9.2271246E-02 9.2425905E-02 9.2573605E-02 9.2714921E-02 9.2850380E-02 9.2980519E-02 9.3105808E-02 9.3226738E-02
7.6783240E-02 7.7289023E-02 7.7792183E-02 7.8292340E-02 7.8789085E-02 7.9282001E-02 7.9770677E-02 8.0254719E-02 8.0733761E-02 8.1207439E-02 8.1675403E-02 8.2137354E-02 8.2592979E-02 8.3042003E-02 8.3484165E-02 8.3919220E-02 8.4346950E-02 8.4767140E-02 8.5179590E-02 8.5584119E-02 8.5980542E-02 8.6368702E-02 8.6748421E-02 8.7119535E-02 8.7481886E-02 8.7835297E-02 8.8179581E-02 8.8514544E-02 8.8839963E-02 8.9155585E-02 8.9461118E-02 8.9756243E-02 9.0040572E-02 9.0313703E-02 9.0575226E-02 9.0824798E-02 9.1062255E-02 9.1287680E-02 9.1501474E-02 9.1704249E-02 9.1896743E-02 9.2079729E-02 9.2253961E-02 9.2420153E-02 9.2578962E-02 9.2730999E-02 9.2876837E-02 9.3017012E-02 9.3152031E-02 9.3282387E-02 9.3408547E-02
7.6902919E-02 7.7404521E-02 7.7903546E-02 7.8399666E-02 7.8892529E-02 7.9381742E-02 7.9866946E-02 8.0347762E-02 8.0823831E-02 8.1294812E-02 8.1760384E-02 8.2220234E-02 8.2674071E-02 8.3121620E-02 8.3562627E-02 8.3996847E-02 8.4424064E-02 8.4844060E-02 8.5256644E-02 8.5661620E-02 8.6058810E-02 8.6448051E-02 8.6829171E-02 8.7201998E-02 8.7566368E-02 8.7922104E-02 8.8269018E-02 8.8606909E-02 8.8935554E-02 8.9254692E-02 8.9564018E-02 8.9863181E-02 9.0151757E-02 9.0429261E-02 9.0695158E-02 9.0948969E-02 9.1190383E-02 9.1419458E-02 9.1636650E-02 9.1842718E-02 9.2038535E-02 9.2224963E-02 9.2402808E-02 9.2572808E-02 9.2735626E-02 9.2891879E-02 9.3042120E-02 9.3186900E-02 9.3326710E-02 9.3462028E-02 9.3593314E-02
7.7043220E-02 7.7539988E-02 7.8034259E-02 7.8525767E-02 7.9014182E-02 7.9499163E-02 7.9980366E-02 8.0457442E-02 8.0930047E-02 8.1397854E-02 8.1860557E-02 8.2317837E-02 8.2769424E-02 8.3215050E-02 8.3654448E-02 8.4087394E-02 8.4513657E-02 8.4933028E-02 8.5345306E-02 8.5750297E-02 8.6147837E-02 8.6537734E-02 8.6919822E-02 8.7293938E-02 8.7659910E-02 8.8017553E-02 8.8366680E-02 8.8707097E-02 8.9038573E-02 8.9360848E-02 8.9673609E-02 8.9976497E-02 9.0269051E-02 9.0550736E-02 9.0820871E-02 9.1078773E-02 9.1323934E-02 9.1556340E-02 9.1776587E-02 9.1985628E-02 9.2184499E-02 9.2374168E-02 9.2555471E-02 9.2729144E-02 9.2895865E-02 9.3056232E-02 9.3210801E-02 9.3360096E-02 9.3504608E-02 9.3644813E-02 9.3781151E-02
7.7204801E-02 7.7695899E-02 7.8184687E-02 7.8670904E-02 7.9154253E-02 7.9634421E-02 8.0111071E-02 8.0583870E-02 8.1052504E-02 8.1516638E-02 8.1975974E-02 8.2430221E-02 8.2879096E-02 8.3322331E-02 8.3759680E-02 8.4190898E-02 8.4615767E-02 8.5034072E-02 8.5445613E-02 8.5850202E-02 8.6247645E-02 8.6637773E-02 8.7020405E-02 8.7395377E-02 8.7762512E-02 8.8121638E-02 8.8472553E-02 8.8815063E-02 8.9148939E-02 8.9473926E-02 8.9789726E-02 9.0095960E-02 9.0392180E-02 9.0677790E-02 9.0952016E-02 9.1213912E-02 9.1462627E-02 9.1698021E-02 9.1920942E-02 9.2132658E-02 9.2334390E-02 9.2527159E-02 9.2711814E-02 9.2889100E-02 9.3059659E-02 9.3224086E-02 9.3382917E-02 9.3536675E-02 9.3685828E-02 9.3830839E-02 9.3972161E-02
7.7388175E-02 7.7872641E-02 7.8355111E-02 7.8835301E-02 7.9312913E-02 7.9787634E-02 8.0259144E-02 8.0727115E-02 8.1191234E-02 8.1651196E-02 8.2106680E-02 8.2557410E-02 8.3003104E-02 8.3443500E-02 8.3878338E-02 8.4307395E-02 8.4730431E-02 8.5147239E-02 8.5557610E-02 8.5961349E-02 8.6358272E-02 8.6748198E-02 8.7130949E-02 8.7506346E-02 8.7874211E-02 8.8234365E-02 8.8586621E-02 8.8930771E-02 8.9266591E-02 8.9593828E-02 8.9912191E-02 9.0221323E-02 9.0520784E-02 9.0809971E-02 9.1088079E-02 9.1353908E-02 9.1606021E-02 9.1844007E-02 9.2069231E-02 9.2283420E-02 9.2487924E-02 9.2683755E-02 9.2871755E-02 9.3052626E-02 9.3227006E-02 9.3395464E-02 9.3558535E-02 9.3716703E-02 9.3870454E-02 9.4020225E-02 9.4166465E-02
7.7593639E-02 7.8070454E-02 7.8545704E-02 7.9019070E-02 7.9490229E-02 7.9958856E-02 8.0424614E-02 8.0887198E-02 8.1346273E-02 8.1801534E-02 8.2252674E-02 8.2699403E-02 8.3141454E-02 8.3578557E-02 8.4010445E-02 8.4436893E-02 8.4857665E-02 8.5272543E-02 8.5681312E-02 8.6083785E-02 8.6479761E-02 8.6869054E-02 8.7251484E-02 8.7626860E-02 8.7995015E-02 8.8355757E-02 8.8708885E-02 8.9054205E-02 8.9391485E-02 8.9720473E-02 9.0040885E-02 9.0352371E-02 9.0654515E-02 9.0946756E-02 9.1228329E-02 9.1497965E-02 9.1753401E-02 9.1993488E-02 9.2220820E-02 9.2437498E-02 9.2644840E-02 9.2843816E-02 9.3035221E-02 9.3219727E-02 9.3397953E-02 9.3570448E-02 9.3737736E-02 9.3900301E-02 9.4058603E-02 9.4213098E-02 9.4364211E-02
7.7821255E-02 7.8289375E-02 7.8756496E-02 7.9222232E-02 7.9686202E-02 8.0148071E-02 8.0607474E-02 8.1064083E-02 8.1517570E-02 8.1967622E-02 8.2413927E-02 8.2856193E-02 8.3294131E-02 8.3727486E-02 8.4155992E-02 8.4579393E-02 8.4997475E-02 8.5409999E-02 8.5816748E-02 8.6217530E-02 8.6612135E-02 8.7000370E-02 8.7382048E-02 8.7756984E-02 8.8124983E-02 8.8485852E-02 8.8839397E-02 8.9185402E-02 8.9523643E-02 8.9853853E-02 9.0175748E-02 9.0488985E-02 9.0793140E-02 9.1087684E-02 9.1371879E-02 9.1644585E-02 9.1903172E-02 9.2145242E-02 9.2375048E-02 9.2594557E-02 9.2804998E-02 9.3007296E-02 9.3202226E-02 9.3390450E-02 9.3572564E-02 9.3749128E-02 9.3920641E-02 9.4087593E-02 9.4250433E-02 9.4409607E-02 9.4565533E-02
7.8070834E-02 7.8529269E-02 7.8987375E-02 7.9444677E-02 7.9900749E-02 8.0355190E-02 8.0807626E-02 8.1257693E-02 8.1705064E-02 8.2149394E-02 8.2590379E-02 8.3027706E-02 8.3461091E-02 8.3890259E-02 8.4314942E-02 8.4734887E-02 8.5149854E-02 8.5559607E-02 8.5963927E-02 8.6362600E-02 8.6755425E-02 8.7142192E-02 8.7522700E-02 8.7896757E-02 8.8264167E-02 8.8624731E-02 8.8978231E-02 8.9324445E-02 8.9663133E-02 8.9994036E-02 9.0316840E-02 9.0631194E-02 9.0936646E-02 9.1232635E-02 9.1518365E-02 9.1792561E-02 9.2052989E-02 9.2298537E-02 9.2531703E-02 9.2754565E-02 9.2968442E-02 9.3174286E-02 9.3372896E-02 9.3564935E-02 9.3751013E-02 9.3931668E-02 9.4107419E-02 9.4278745E-02 9.4446093E-02 9.4609916E-02 9.4770625E-02
7.8341968E-02 7.8789808E-02 7.9238065E-02 7.9686187E-02 8.0133654E-02 8.0580033E-02 8.1024915E-02 8.1467897E-02 8.1908621E-02 8.2346745E-02 8.2781933E-02 8.3213873E-02 8.3642267E-02 8.4066823E-02 8.4487267E-02 8.4903337E-02 8.5314788E-02 8.5721374E-02 8.6122863E-02 8.6519033E-02 8.6909667E-02 8.7294556E-02 8.7673493E-02 8.8046260E-02 8.8412665E-02 8.8772476E-02 8.9125484E-02 8.9471444E-02 8.9810111E-02 9.0141192E-02 9.0464361E-02 9.0779230E-02 9.1085322E-02 9.1382034E-02 9.1668494E-02 9.1943510E-02 9.2205651E-02 9.2454493E-02 9.2691354E-02 9.2917904E-02 9.3135469E-02 9.3345053E-02 9.3547463E-02 9.3743406E-02 9.3933493E-02 9.4118275E-02 9.4298266E-02 9.4473958E-02 9.4645798E-02 9.4814226E-02 9.4979666E-02
7.8634068E-02 7.9070508E-02 7.9508178E-02 7.9946414E-02 8.0384642E-02 8.0822363E-02 8.1259117E-02 8.1694484E-02 8.2128078E-02 8.2559519E-02 8.2988463E-02 8.3414584E-02 8.3837561E-02 8.4257096E-02 8.4672906E-02 8.5084707E-02 8.5492253E-02 8.5895285E-02 8.6293556E-02 8.6686842E-02 8.7074906E-02 8.7457530E-02 8.7834500E-02 8.8205583E-02 8.8570572E-02 8.8929228E-02 8.9281313E-02 8.9626588E-02 8.9964770E-02 9.0295561E-02 9.0618595E-02 9.0933479E-02 9.1239698E-02 9.1536626E-02 9.1823436E-02 9.2099182E-02 9.2362970E-02 9.2614643E-02 9.2854999E-02 9.3085252E-02 9.3306579E-02 9.3519978E-02 9.3726270E-02 9.3926162E-02 9.4120279E-02 9.4309196E-02 9.4493426E-02 9.4673455E-02 9.4849750E-02 9.5022745E-02 9.5192865E-02
