data/rasters/evap/evaporation_20000104.ASC
NCOLS                  300
NROWS                  325
XLLCORNER       0.0000000E+00
YLLCORNER        300000.0
CELLSIZE         1000.000
NODATA_VALUE    0.0000000E+00
[rows 66 to 87 of 325, columns 250 to 299 of 300]
0.1093459 0.1089769 0.1086160 0.1082629 0.1079176 0.1075800 0.1072501 0.1069277 0.1066130 0.1063059 0.1060064 0.1057147 0.1054308 0.1051548 0.1048867 0.1046268 0.1043750 0.1041314 0.1038962 0.1036693 0.1034508 0.1032408 0.1030392 0.1028460 0.1026612 0.1024845 0.1023159 0.1021553 0.1020024 0.1018571 0.1017191 0.1015883 0.0000000E+00 0.0000000E+00 0.0000000E+00 0.0000000E+00 0.0000000E+00 0.0000000E+00 0.0000000E+00 0.0000000E+00 0.0000000E+00 0.0000000E+00 0.0000000E+00 0.0000000E+00 0.0000000E+00 0.0000000E+00 0.0000000E+00 0.0000000E+00 0.0000000E+00 0.0000000E+00
0.1088690 0.1085075 0.1081540 0.1078084 0.1074706 0.1071403 0.1068177 0.1065027 0.1061951 0.1058952 0.1056028 0.1053181 0.1050410 0.1047717 0.1045103 0.1042567 0.1040111 0.1037736 0.1035442 0.1033230 0.1031099 0.1029051 0.1027084 0.1025198 0.1023393 0.1021668 0.1020021 0.1018452 0.1016957 0.1015537 0.1014187 0.1012907 0.0000000E+00 0.0000000E+00 0.0000000E+00 0.0000000E+00 0.0000000E+00 0.0000000E+00 0.0000000E+00 0.0000000E+00 0.0000000E+00 0.0000000E+00 0.0000000E+00 0.0000000E+00 0.0000000E+00 0.0000000E+00 0.0000000E+00 0.0000000E+00 0.0000000E+00 0.0000000E+00
0.1084036 0.1080496 0.1077036 0.1073654 0.1070348 0.1067119 0.1063966 0.1060887 0.1057883 0.1054954 0.1052100 0.1049321 0.1046618 0.1043991 0.1041441 0.1038968 0.1036574 0.1034258 0.1032021 0.1029864 0.1027786 0.1025788 0.1023869 0.1022029 0.1020268 0.1018583 0.1016975 0.1015442 0.1013981 0.1012593 0.1011273 0.0000000E+00 0.0000000E+00 0.0000000E+00 0.0000000E+00 0.0000000E+00 0.0000000E+00 0.0000000E+00 0.0000000E+00 0.0000000E+00 0.0000000E+00 0.0000000E+00 0.0000000E+00 0.0000000E+00 0.0000000E+00 0.0000000E+00 0.0000000E+00 0.0000000E+00 0.0000000E+00 0.0000000E+00
0.1079494 0.1076029 0.1072643 0.1069334 0.1066102 0.1062946 0.1059864 0.1056856 0.1053923 0.1051063 0.1048278 0.1045566 0.1042929 0.1040367 0.1037881 0.1035470 0.1033135 0.1030878 0.1028697 0.1026594 0.1024568 0.1022619 0.1020748 0.1018953 0.1017234 0.1015589 0.1014019 0.1012522 0.1011095 0.1009738 0.1008448 0.0000000E+00 0.0000000E+00 0.0000000E+00 0.0000000E+00 0.0000000E+00 0.0000000E+00 0.0000000E+00 0.0000000E+00 0.0000000E+00 0.0000000E+00 0.0000000E+00 0.0000000E+00 0.0000000E+00 0.0000000E+00 0.0000000E+00 0.0000000E+00 0.0000000E+00 0.0000000E+00 0.0000000E+00
0.1075060 0.1071670 0.1068358 0.1065123 0.1061964 0.1058879 0.1055869 0.1052932 0.1050068 0.1047277 0.1044559 0.1041914 0.1039342 0.1036844 0.1034420 0.1032070 0.1029794 0.1027593 0.1025468 0.1023418 0.1021443 0.1019543 0.1017718 0.1015967 0.1014290 0.1012685 0.1011152 0.1009690 0.1008297 0.1006971 0.1005711 0.0000000E+00 0.0000000E+00 0.0000000E+00 0.0000000E+00 0.0000000E+00 0.0000000E+00 0.0000000E+00 0.0000000E+00 0.0000000E+00 0.0000000E+00 0.0000000E+00 0.0000000E+00 0.0000000E+00 0.0000000E+00 0.0000000E+00 0.0000000E+00 0.0000000E+00 0.0000000E+00 0.0000000E+00
0.1070732 0.1067417 0.1064179 0.1061018 0.1057931 0.1054918 0.1051978 0.1049111 0.1046316 0.1043593 0.1040942 0.1038362 0.1035855 0.1033420 0.1031056 0.1028766 0.1026548 0.1024404 0.1022332 0.1020334 0.1018409 0.1016557 0.1014778 0.1013071 0.1011435 0.1009869 0.1008374 0.1006946 0.1005586 0.1004291 0.1003060 0.0000000E+00 0.0000000E+00 0.0000000E+00 0.0000000E+00 0.0000000E+00 0.0000000E+00 0.0000000E+00 0.0000000E+00 0.0000000E+00 0.0000000E+00 0.0000000E+00 0.0000000E+00 0.0000000E+00 0.0000000E+00 0.0000000E+00 0.0000000E+00 0.0000000E+00 0.0000000E+00 0.0000000E+00
0.1066506 0.1063266 0.1060103 0.1057015 0.1054001 0.1051059 0.1048190 0.1045392 0.1042666 0.1040010 0.1037424 0.1034909 0.1032465 0.1030092 0.1027789 0.1025557 0.1023397 0.1021307 0.1019289 0.1017342 0.1015466 0.1013661 0.1011927 0.1010262 0.1008667 0.1007141 0.1005681 0.1004288 0.1002960 0.1001696 0.0000000E+00 0.0000000E+00 0.0000000E+00 0.0000000E+00 0.0000000E+00 0.0000000E+00 0.0000000E+00 0.0000000E+00 0.0000000E+00 0.0000000E+00 0.0000000E+00 0.0000000E+00 0.0000000E+00 0.0000000E+00 0.0000000E+00 0.0000000E+00 0.0000000E+00 0.0000000E+00 0.0000000E+00 0.0000000E+00
0.1062380 0.1059216 0.1056128 0.1053113 0.1050171 0.1047301 0.1044501 0.1041772 0.1039113 0.1036524 0.1034004 0.1031553 0.1029171 0.1026859 0.1024616 0.1022442 0.1020337 0.1018302 0.1016336 0.1014440 0.1012612 0.1010854 0.1009163 0.1007541 0.1005986 0.1004497 0.1003074 0.1001715 0.1000419 9.9918529E-02 0.0000000E+00 0.0000000E+00 0.0000000E+00 0.0000000E+00 0.0000000E+00 0.0000000E+00 0.0000000E+00 0.0000000E+00 0.0000000E+00 0.0000000E+00 0.0000000E+00 0.0000000E+00 0.0000000E+00 0.0000000E+00 0.0000000E+00 0.0000000E+00 0.0000000E+00 0.0000000E+00 0.0000000E+00 0.0000000E+00
0.1058351 0.1055264 0.1052250 0.1049308 0.1046439 0.1043639 0.1040910 0.1038250 0.1035658 0.1033134 0.1030679 0.1028291 0.1025971 0.1023719 0.1021535 0.1019417 0.1017368 0.1015386 0.1013472 0.1011625 0.1009846 0.1008133 0.1006486 0.1004905 0.1003390 0.1001939 0.1000551 9.9922545E-02 9.9796131E-02 9.9675722E-02 0.0000000E+00 0.0000000E+00 0.0000000E+00 0.0000000E+00 0.0000000E+00 0.0000000E+00 0.0000000E+00 0.0000000E+00 0.0000000E+00 0.0000000E+00 0.0000000E+00 0.0000000E+00 0.0000000E+00 0.0000000E+00 0.0000000E+00 0.0000000E+00 0.0000000E+00 0.0000000E+00 0.0000000E+00 0.0000000E+00
0.1054417 0.1051406 0.1048467 0.1045600 0.1042802 0.1040073 0.1037413 0.1034821 0.1032296 0.1029838 0.1027447 0.1025122 0.1022863 0.1020671 0.1018544 0.1016483 0.1014488 0.1012559 0.1010696 0.1008898 0.1007165 0.1005497 0.1003893 0.1002354 0.1000877 9.9946283E-02 9.9811018E-02 9.9681802E-02 9.9558525E-02 0.0000000E+00 0.0000000E+00 0.0000000E+00 0.0000000E+00 0.0000000E+00 0.0000000E+00 0.0000000E+00 0.0000000E+00 0.0000000E+00 0.0000000E+00 0.0000000E+00 0.0000000E+00 0.0000000E+00 0.0000000E+00 0.0000000E+00 0.0000000E+00 0.0000000E+00 0.0000000E+00 0.0000000E+00 0.0000000E+00 0.0000000E+00
0.1050575 0.1047641 0.1044778 0.1041984 0.1039258 0.1036601 0.1034010 0.1031486 0.1029027 0.1026634 0.1024306 0.1022044 0.1019845 0.1017711 0.1015642 0.1013637 0.1011696 0.1009819 0.1008005 0.1006255 0.1004569 0.1002945 0.1001384 9.9988475E-02 9.9844664E-02 9.9706903E-02 9.9575095E-02 9.9449158E-02 9.9328980E-02 0.0000000E+00 0.0000000E+00 0.0000000E+00 0.0000000E+00 0.0000000E+00 0.0000000E+00 0.0000000E+00 0.0000000E+00 0.0000000E+00 0.0000000E+00 0.0000000E+00 0.0000000E+00 0.0000000E+00 0.0000000E+00 0.0000000E+00 0.0000000E+00 0.0000000E+00 0.0000000E+00 0.0000000E+00 0.0000000E+00 0.0000000E+00
0.1046823 0.1043966 0.1041179 0.1038459 0.1035805 0.1033219 0.1030697 0.1028241 0.1025848 0.1023520 0.1021255 0.1019054 0.1016916 0.1014840 0.1012827 0.1010877 0.1008989 0.1007163 0.1005399 0.1003697 0.1002056 0.1000476 9.9895693E-02 9.9749751E-02 9.9609740E-02 9.9475577E-02 9.9347197E-02 9.9224493E-02 0.0000000E+00 0.0000000E+00 0.0000000E+00 0.0000000E+00 0.0000000E+00 0.0000000E+00 0.0000000E+00 0.0000000E+00 0.0000000E+00 0.0000000E+00 0.0000000E+00 0.0000000E+00 0.0000000E+00 0.0000000E+00 0.0000000E+00 0.0000000E+00 0.0000000E+00 0.0000000E+00 0.0000000E+00 0.0000000E+00 0.0000000E+00 0.0000000E+00
0.1043159 0.1040380 0.1037668 0.1035022 0.1032442 0.1029925 0.1027473 0.1025084 0.1022758 0.1020494 0.1018292 0.1016151 0.1014072 0.1012055 0.1010098 0.1008202 0.1006366 0.1004591 0.1002876 0.1001221 9.9962525E-02 9.9808857E-02 9.9661052E-02 9.9519044E-02 9.9382780E-02 9.9252187E-02 9.9127181E-02 0.0000000E+00 0.0000000E+00 0.0000000E+00 0.0000000E+00 0.0000000E+00 0.0000000E+00 0.0000000E+00 0.0000000E+00 0.0000000E+00 0.0000000E+00 0.0000000E+00 0.0000000E+00 0.0000000E+00 0.0000000E+00 0.0000000E+00 0.0000000E+00 0.0000000E+00 0.0000000E+00 0.0000000E+00 0.0000000E+00 0.0000000E+00 0.0000000E+00 0.0000000E+00
0.1039581 0.1036880 0.1034245 0.1031673 0.1029165 0.1026719 0.1024336 0.1022014 0.1019753 0.1017553 0.1015414 0.1013334 0.1011314 0.1009354 0.1007452 0.1005610 0.1003827 0.1002102 0.1000435 9.9882603E-02 9.9727489E-02 9.9578083E-02 9.9434353E-02 9.9296242E-02 9.9163681E-02 9.9036604E-02 9.8914936E-02 0.0000000E+00 0.0000000E+00 0.0000000E+00 0.0000000E+00 0.0000000E+00 0.0000000E+00 0.0000000E+00 0.0000000E+00 0.0000000E+00 0.0000000E+00 0.0000000E+00 0.0000000E+00 0.0000000E+00 0.0000000E+00 0.0000000E+00 0.0000000E+00 0.0000000E+00 0.0000000E+00 0.0000000E+00 0.0000000E+00 0.0000000E+00 0.0000000E+00 0.0000000E+00
0.1036088 0.1033465 0.1030905 0.1028408 0.1025973 0.1023598 0.1021283 0.1019029 0.1016834 0.1014697 0.1012620 0.1010600 0.1008639 0.1006735 0.1004889 0.1003100 0.1001368 9.9969260E-02 9.9807359E-02 9.9651076E-02 9.9500358E-02 9.9355176E-02 9.9215470E-02 9.9081203E-02 9.8952301E-02 9.8828703E-02 0.0000000E+00 0.0000000E+00 0.0000000E+00 0.0000000E+00 0.0000000E+00 0.0000000E+00 0.0000000E+00 0.0000000E+00 0.0000000E+00 0.0000000E+00 0.0000000E+00 0.0000000E+00 0.0000000E+00 0.0000000E+00 0.0000000E+00 0.0000000E+00 0.0000000E+00 0.0000000E+00 0.0000000E+00 0.0000000E+00 0.0000000E+00 0.0000000E+00 0.0000000E+00 0.0000000E+00
0.1032676 0.1030132 0.1027649 0.1025227 0.1022864 0.1020560 0.1018314 0.1016127 0.1013997 0.1011924 0.1009908 0.1007949 0.1006045 0.1004198 0.1002406 0.1000670 9.9898912E-02 9.9736281E-02 9.9579111E-02 9.9427365E-02 9.9281006E-02 9.9139996E-02 9.9004276E-02 9.8873809E-02 9.8748527E-02 9.8628365E-02 0.0000000E+00 0.0000000E+00 0.0000000E+00 0.0000000E+00 0.0000000E+00 0.0000000E+00 0.0000000E+00 0.0000000E+00 0.0000000E+00 0.0000000E+00 0.0000000E+00 0.0000000E+00 0.0000000E+00 0.0000000E+00 0.0000000E+00 0.0000000E+00 0.0000000E+00 0.0000000E+00 0.0000000E+00 0.0000000E+00 0.0000000E+00 0.0000000E+00 0.0000000E+00 0.0000000E+00
0.1029345 0.1026880 0.1024474 0.1022126 0.1019836 0.1017603 0.1015426 0.1013306 0.1011241 0.1009232 0.1007277 0.1005377 0.1003532 0.1001741 0.1000003 9.9831916E-02 9.9668853E-02 9.9511087E-02 9.9358603E-02 9.9211350E-02 9.9069297E-02 9.8932415E-02 9.8800637E-02 9.8673925E-02 9.8552227E-02 0.0000000E+00 0.0000000E+00 0.0000000E+00 0.0000000E+00 0.0000000E+00 0.0000000E+00 0.0000000E+00 0.0000000E+00 0.0000000E+00 0.0000000E+00 0.0000000E+00 0.0000000E+00 0.0000000E+00 0.0000000E+00 0.0000000E+00 0.0000000E+00 0.0000000E+00 0.0000000E+00 0.0000000E+00 0.0000000E+00 0.0000000E+00 0.0000000E+00 0.0000000E+00 0.0000000E+00 0.0000000E+00
0.1026093 0.1023708 0.1021379 0.1019106 0.1016888 0.1014726 0.1012618 0.1010565 0.1008565 0.1006618 0.1004725 0.1002885 0.1001097 9.9936098E-02 9.9767730E-02 9.9604532E-02 9.9446476E-02 9.9293537E-02 9.9145688E-02 9.9002890E-02 9.8865107E-02 9.8732308E-02 9.8604433E-02 9.8481439E-02 9.8363273E-02 0.0000000E+00 0.0000000E+00 0.0000000E+00 0.0000000E+00 0.0000000E+00 0.0000000E+00 0.0000000E+00 0.0000000E+00 0.0000000E+00 0.0000000E+00 0.0000000E+00 0.0000000E+00 0.0000000E+00 0.0000000E+00 0.0000000E+00 0.0000000E+00 0.0000000E+00 0.0000000E+00 0.0000000E+00 0.0000000E+00 0.0000000E+00 0.0000000E+00 0.0000000E+00 0.0000000E+00 0.0000000E+00
0.1022919 0.1020613 0.1018361 0.1016163 0.1014019 0.1011927 0.1009888 0.1007901 0.1005966 0.1004083 0.1002251 0.1000469 9.9873841E-02 9.9705800E-02 9.9542774E-02 9.9384733E-02 9.9231653E-02 9.9083498E-02 9.8940246E-02 9.8801859E-02 9.8668307E-02 9.8539546E-02 9.8415531E-02 9.8296218E-02 0.0000000E+00 0.0000000E+00 0.0000000E+00 0.0000000E+00 0.0000000E+00 0.0000000E+00 0.0000000E+00 0.0000000E+00 0.0000000E+00 0.0000000E+00 0.0000000E+00 0.0000000E+00 0.0000000E+00 0.0000000E+00 0.0000000E+00 0.0000000E+00 0.0000000E+00 0.0000000E+00 0.0000000E+00 0.0000000E+00 0.0000000E+00 0.0000000E+00 0.0000000E+00 0.0000000E+00 0.0000000E+00 0.0000000E+00
0.1019821 0.1017594 0.1015420 0.1013297 0.1011226 0.1009205 0.1007235 0.1005315 0.1003444 0.1001624 9.9985197E-02 9.9812940E-02 9.9645555E-02 9.9483021E-02 9.9325307E-02 9.9172384E-02 9.9024236E-02 9.8880827E-02 9.8742127E-02 9.8608121E-02 9.8478757E-02 9.8353997E-02 9.8233812E-02 9.8118149E-02 0.0000000E+00 0.0000000E+00 0.0000000E+00 0.0000000E+00 0.0000000E+00 0.0000000E+00 0.0000000E+00 0.0000000E+00 0.0000000E+00 0.0000000E+00 0.0000000E+00 0.0000000E+00 0.0000000E+00 0.0000000E+00 0.0000000E+00 0.0000000E+00 0.0000000E+00 0.0000000E+00 0.0000000E+00 0.0000000E+00 0.0000000E+00 0.0000000E+00 0.0000000E+00 0.0000000E+00 0.0000000E+00 0.0000000E+00
0.1016797 0.1014651 0.1012554 0.1010507 0.1008508 0.1006558 0.1004656 0.1002803 0.1000997 9.9923894E-02 9.9752799E-02 9.9586397E-02 9.9424675E-02 9.9267609E-02 9.9115171E-02 9.8967344E-02 9.8824091E-02 9.8685391E-02 9.8551221E-02 9.8421551E-02 9.8296337E-02 9.8175555E-02 9.8059155E-02 9.7947098E-02 0.0000000E+00 0.0000000E+00 0.0000000E+00 0.0000000E+00 0.0000000E+00 0.0000000E+00 0.0000000E+00 0.0000000E+00 0.0000000E+00 0.0000000E+00 0.0000000E+00 0.0000000E+00 0.0000000E+00 0.0000000E+00 0.0000000E+00 0.0000000E+00 0.0000000E+00 0.0000000E+00 0.0000000E+00 0.0000000E+00 0.0000000E+00 0.0000000E+00 0.0000000E+00 0.0000000E+00 0.0000000E+00 0.0000000E+00
0.1013847 0.1011781 0.1009762 0.1007790 0.1005864 0.1003985 0.1002152 0.1000365 9.9862352E-02 9.9692769E-02 9.9527702E-02 9.9367142E-02 9.9211060E-02 9.9059433E-02 9.8912247E-02 9.8769471E-02 9.8631091E-02 9.8497070E-02 9.8367393E-02 9.8242022E-02 9.8120928E-02 9.8004080E-02 9.7891435E-02 0.0000000E+00 0.0000000E+00 0.0000000E+00 0.0000000E+00 0.0000000E+00 0.0000000E+00 0.0000000E+00 0.0000000E+00 0.0000000E+00 0.0000000E+00 0.0000000E+00 0.0000000E+00 0.0000000E+00 0.0000000E+00 0.0000000E+00 0.0000000E+00 0.0000000E+00 0.0000000E+00 0.0000000E+00 0.0000000E+00 0.0000000E+00 0.0000000E+00 0.0000000E+00 0.0000000E+00 0.0000000E+00 0.0000000E+00 0.0000000E+00
