data/rasters/evap/evaporation_20000108.ASC
NCOLS                  300
NROWS                  325
XLLCORNER       0.0000000E+00
YLLCORNER        300000.0
CELLSIZE         1000.000
NODATA_VALUE    0.0000000E+00
[rows 207 to 229 of 325, columns 52 to 103 of 300]
0.2608389 0.2588399 0.2568426 0.2548464 0.2528509 0.2508556 0.2488598 0.2468631 0.2448646 0.2428638 0.2408599 0.2388524 0.2368407 0.2348242 0.2328022 0.2307745 0.2287406 0.2267001 0.2246527 0.2225984 0.2205369 0.2184683 0.2163926 0.2143099 0.2122203 0.2101243 0.2080220 0.2059139 0.2038004 0.2016821 0.1995594 0.1974331 0.1953037 0.1931720 0.1910387 0.1889044 0.1867701 0.1846365 0.1825045 0.1803749 0.1782486 0.1761266 0.1740097 0.1718989 0.1697953 0.1676997 0.1656134 0.1635373 0.1614726 0.1594204 0.1573819 0.1553584
0.2594325 0.2574314 0.2554327 0.2534361 0.2514410 0.2494469 0.2474532 0.2454593 0.2434645 0.2414682 0.2394697 0.2374683 0.2354635 0.2334546 0.2314412 0.2294227 0.2273987 0.2253689 0.2233330 0.2212908 0.2192422 0.2171871 0.2151256 0.2130577 0.2109836 0.2089036 0.2068179 0.2047270 0.2026312 0.2005310 0.1984270 0.1963197 0.1942098 0.1920979 0.1899847 0.1878710 0.1857575 0.1836451 0.1815344 0.1794265 0.1773221 0.1752222 0.1731277 0.1710395 0.1689586 0.1668860 0.1648227 0.1627699 0.1607286 0.1587000 0.1566853 0.1546856
0.2580369 0.2560340 0.2540344 0.2520377 0.2500435 0.2480510 0.2460599 0.2440693 0.2420787 0.2400874 0.2380947 0.2360999 0.2341024 0.2321016 0.2300971 0.2280881 0.2260745 0.2240558 0.2220316 0.2200019 0.2179664 0.2159251 0.2138780 0.2118252 0.2097667 0.2077029 0.2056340 0.2035604 0.2014824 0.1994005 0.1973152 0.1952271 0.1931367 0.1910448 0.1889519 0.1868588 0.1847663 0.1826750 0.1805859 0.1784997 0.1764174 0.1743397 0.1722676 0.1702020 0.1681439 0.1660943 0.1640542 0.1620247 0.1600069 0.1580019 0.1560108 0.1540349
0.2566527 0.2546484 0.2526482 0.2506519 0.2486589 0.2466686 0.2446804 0.2426937 0.2407077 0.2387219 0.2367354 0.2347477 0.2327580 0.2307657 0.2287704 0.2267715 0.2247685 0.2227612 0.2207491 0.2187321 0.2167100 0.2146828 0.2126503 0.2106127 0.2085701 0.2065227 0.2044707 0.2024145 0.2003545 0.1982910 0.1962245 0.1941557 0.1920850 0.1900131 0.1879406 0.1858682 0.1837967 0.1817268 0.1796592 0.1775949 0.1755346 0.1734792 0.1714295 0.1693867 0.1673514 0.1653249 0.1633080 0.1613018 0.1593075 0.1573260 0.1553587 0.1534065
0.2552805 0.2532750 0.2512747 0.2492792 0.2472878 0.2453001 0.2433154 0.2413330 0.2393522 0.2373723 0.2353925 0.2334122 0.2314308 0.2294475 0.2274618 0.2254732 0.2234813 0.2214857 0.2194860 0.2174820 0.2154735 0.2134605 0.2114429 0.2094208 0.2073942 0.2053633 0.2033284 0.2012898 0.1992478 0.1972028 0.1951553 0.1931058 0.1910549 0.1890031 0.1869511 0.1848995 0.1828491 0.1808005 0.1787547 0.1767122 0.1746740 0.1726409 0.1706139 0.1685937 0.1665814 0.1645779 0.1625843 0.1606015 0.1586306 0.1566727 0.1547290 0.1528006
0.2539207 0.2519146 0.2499145 0.2479201 0.2459309 0.2439462 0.2419655 0.2399879 0.2380127 0.2360392 0.2340666 0.2320942 0.2301214 0.2281474 0.2261718 0.2241939 0.2222134 0.2202297 0.2182427 0.2162520 0.2142574 0.2122589 0.2102563 0.2082498 0.2062394 0.2042252 0.2022075 0.2001866 0.1981627 0.1961364 0.1941079 0.1920779 0.1900468 0.1880152 0.1859837 0.1839530 0.1819237 0.1798966 0.1778724 0.1758519 0.1738359 0.1718252 0.1698208 0.1678234 0.1658340 0.1638537 0.1618832 0.1599238 0.1579764 0.1560420 0.1541220 0.1522172
0.2525741 0.2505675 0.2485681 0.2465753 0.2445887 0.2426076 0.2406312 0.2386589 0.2366898 0.2347232 0.2327582 0.2307942 0.2288304 0.2268662 0.2249009 0.2229341 0.2209653 0.2189939 0.2170198 0.2150426 0.2130621 0.2110783 0.2090909 0.2071002 0.2051061 0.2031087 0.2011084 0.1991052 0.1970997 0.1950920 0.1930827 0.1910722 0.1890609 0.1870496 0.1850387 0.1830289 0.1810208 0.1790152 0.1770128 0.1750143 0.1730205 0.1710322 0.1690504 0.1670759 0.1651095 0.1631522 0.1612050 0.1592689 0.1573450 0.1554342 0.1535377 0.1516566
0.2512411 0.2492345 0.2472361 0.2452454 0.2432619 0.2412848 0.2393133 0.2373468 0.2353843 0.2334250 0.2314681 0.2295128 0.2275585 0.2256043 0.2236498 0.2216944 0.2197375 0.2177787 0.2158177 0.2138542 0.2118881 0.2099191 0.2079472 0.2059723 0.2039947 0.2020143 0.2000313 0.1980461 0.1960589 0.1940700 0.1920798 0.1900889 0.1880976 0.1861066 0.1841163 0.1821275 0.1801407 0.1781566 0.1761760 0.1741995 0.1722280 0.1702622 0.1683030 0.1663513 0.1644079 0.1624738 0.1605498 0.1586371 0.1567366 0.1548493 0.1529764 0.1511189
0.2499223 0.2479161 0.2459192 0.2439310 0.2419510 0.2399785 0.2380124 0.2360521 0.2340966 0.2321451 0.2301967 0.2282507 0.2263061 0.2243624 0.2224190 0.2204752 0.2185305 0.2165846 0.2146370 0.2126874 0.2107358 0.2087818 0.2068254 0.2048667 0.2029056 0.2009422 0.1989768 0.1970095 0.1950407 0.1930707 0.1910998 0.1891284 0.1871572 0.1851865 0.1832169 0.1812491 0.1792835 0.1773210 0.1753622 0.1734078 0.1714585 0.1695153 0.1675787 0.1656499 0.1637295 0.1618185 0.1599178 0.1580285 0.1561514 0.1542876 0.1524382 0.1506043
0.2486183 0.2466129 0.2446179 0.2426328 0.2406569 0.2386893 0.2367292 0.2347756 0.2328277 0.2308844 0.2289449 0.2270084 0.2250740 0.2231411 0.2212090 0.2192771 0.2173449 0.2154120 0.2134780 0.2115426 0.2096056 0.2076668 0.2057261 0.2037835 0.2018391 0.1998928 0.1979450 0.1959958 0.1940455 0.1920943 0.1901427 0.1881910 0.1862398 0.1842895 0.1823406 0.1803938 0.1784496 0.1765086 0.1745716 0.1726393 0.1707124 0.1687916 0.1668778 0.1649718 0.1630744 0.1611865 0.1593091 0.1574431 0.1555894 0.1537492 0.1519233 0.1501129
0.2473299 0.2453256 0.2433330 0.2413514 0.2393801 0.2374180 0.2354643 0.2335180 0.2315780 0.2296433 0.2277132 0.2257865 0.2238627 0.2219409 0.2200204 0.2181007 0.2161812 0.2142616 0.2123413 0.2104202 0.2084980 0.2065745 0.2046496 0.2027232 0.2007955 0.1988665 0.1969364 0.1950053 0.1930734 0.1911412 0.1892089 0.1872770 0.1853458 0.1834159 0.1814877 0.1795619 0.1776390 0.1757197 0.1738045 0.1718943 0.1699897 0.1680914 0.1662003 0.1643171 0.1624428 0.1605780 0.1587239 0.1568812 0.1550510 0.1532342 0.1514318 0.1496448
0.2460575 0.2440549 0.2420652 0.2400876 0.2381214 0.2361654 0.2342186 0.2322799 0.2303483 0.2284228 0.2265022 0.2245859 0.2226728 0.2207624 0.2188538 0.2169465 0.2150399 0.2131337 0.2112274 0.2093206 0.2074133 0.2055052 0.2035962 0.2016862 0.1997753 0.1978636 0.1959511 0.1940382 0.1921249 0.1902116 0.1882987 0.1863865 0.1844753 0.1825658 0.1806584 0.1787536 0.1768521 0.1749543 0.1730610 0.1711729 0.1692906 0.1674148 0.1655464 0.1636861 0.1618347 0.1599932 0.1581623 0.1563429 0.1545361 0.1527427 0.1509638 0.1492004
0.2448020 0.2428014 0.2408151 0.2388422 0.2368815 0.2349321 0.2329928 0.2310622 0.2291395 0.2272233 0.2253128 0.2234070 0.2215050 0.2196062 0.2177097 0.2158149 0.2139215 0.2120288 0.2101365 0.2082444 0.2063520 0.2044594 0.2025663 0.2006728 0.1987787 0.1968843 0.1949896 0.1930948 0.1912001 0.1893058 0.1874122 0.1855197 0.1836287 0.1817396 0.1798529 0.1779691 0.1760889 0.1742127 0.1723413 0.1704752 0.1686152 0.1667620 0.1649162 0.1630788 0.1612504 0.1594320 0.1576243 0.1558283 0.1540449 0.1522750 0.1505195 0.1487795
0.2435640 0.2415660 0.2395837 0.2376158 0.2356614 0.2337191 0.2317876 0.2298657 0.2279521 0.2260458 0.2241456 0.2222506 0.2203600 0.2184729 0.2165886 0.2147066 0.2128264 0.2109474 0.2090693 0.2071917 0.2053145 0.2034374 0.2015603 0.1996832 0.1978061 0.1959290 0.1940520 0.1921754 0.1902993 0.1884239 0.1865497 0.1846769 0.1828059 0.1809372 0.1790713 0.1772086 0.1753496 0.1734951 0.1716455 0.1698015 0.1679637 0.1661330 0.1643099 0.1624953 0.1606900 0.1588947 0.1571103 0.1553376 0.1535775 0.1518310 0.1500990 0.1483825
0.2423443 0.2403495 0.2383717 0.2364096 0.2344619 0.2325272 0.2306041 0.2286912 0.2267872 0.2248909 0.2230013 0.2211173 0.2192382 0.2173630 0.2154912 0.2136221 0.2117551 0.2098899 0.2080260 0.2061631 0.2043010 0.2024395 0.2005784 0.1987178 0.1968576 0.1949978 0.1931386 0.1912802 0.1894226 0.1875663 0.1857114 0.1838582 0.1820073 0.1801590 0.1783138 0.1764721 0.1746344 0.1728014 0.1709736 0.1691517 0.1673362 0.1655280 0.1637276 0.1619358 0.1601535 0.1583813 0.1566201 0.1548707 0.1531340 0.1514110 0.1497024 0.1480094
0.2411440 0.2391529 0.2371801 0.2352244 0.2332840 0.2313574 0.2294431 0.2275395 0.2256454 0.2237594 0.2218806 0.2200078 0.2181403 0.2162772 0.2144179 0.2125617 0.2107081 0.2088567 0.2070070 0.2051589 0.2033119 0.2014660 0.1996210 0.1977768 0.1959335 0.1940911 0.1922497 0.1904093 0.1885704 0.1867329 0.1848973 0.1830639 0.1812330 0.1794051 0.1775805 0.1757597 0.1739434 0.1721319 0.1703259 0.1685260 0.1667328 0.1649470 0.1631692 0.1614003 0.1596409 0.1578918 0.1561538 0.1544278 0.1527145 0.1510149 0.1493298 0.1476602
0.2399639 0.2379771 0.2360101 0.2340613 0.2321288 0.2302108 0.2283056 0.2264117 0.2245276 0.2226522 0.2207842 0.2189228 0.2170670 0.2152160 0.2133692 0.2115260 0.2096858 0.2078482 0.2060128 0.2041793 0.2023475 0.2005172 0.1986882 0.1968605 0.1950341 0.1932090 0.1913853 0.1895631 0.1877427 0.1859241 0.1841078 0.1822940 0.1804831 0.1786755 0.1768715 0.1750717 0.1732766 0.1714866 0.1697024 0.1679245 0.1661535 0.1643901 0.1626350 0.1608889 0.1591524 0.1574264 0.1557116 0.1540089 0.1523190 0.1506428 0.1489812 0.1473351
0.2388052 0.2368234 0.2348629 0.2329216 0.2309975 0.2290884 0.2271927 0.2253086 0.2234347 0.2215699 0.2197129 0.2178628 0.2160188 0.2141799 0.2123457 0.2105154 0.2086886 0.2068648 0.2050437 0.2032249 0.2014082 0.1995934 0.1977804 0.1959691 0.1941596 0.1923517 0.1905457 0.1887416 0.1869396 0.1851400 0.1833429 0.1815487 0.1797577 0.1779703 0.1761870 0.1744081 0.1726341 0.1708656 0.1691031 0.1673471 0.1655984 0.1638574 0.1621249 0.1604015 0.1586880 0.1569851 0.1552935 0.1536140 0.1519475 0.1502948 0.1486567 0.1470341
0.2376692 0.2356932 0.2337398 0.2318067 0.2298913 0.2279914 0.2261053 0.2242312 0.2223676 0.2205134 0.2186674 0.2168286 0.2149962 0.2131695 0.2113477 0.2095303 0.2077168 0.2059068 0.2040998 0.2022957 0.2004941 0.1986948 0.1968977 0.1951029 0.1933101 0.1915195 0.1897311 0.1879450 0.1861614 0.1843806 0.1826027 0.1808280 0.1790569 0.1772898 0.1755269 0.1737689 0.1720161 0.1702690 0.1685281 0.1667941 0.1650675 0.1633489 0.1616389 0.1599383 0.1582476 0.1565678 0.1548994 0.1532432 0.1516001 0.1499708 0.1483562 0.1467571
0.2365575 0.2345881 0.2326426 0.2307180 0.2288116 0.2269212 0.2250446 0.2231804 0.2213270 0.2194833 0.2176481 0.2158206 0.2139998 0.2121850 0.2103756 0.2085711 0.2067708 0.2049745 0.2031816 0.2013920 0.1996054 0.1978216 0.1960404 0.1942618 0.1924858 0.1907123 0.1889415 0.1871734 0.1854082 0.1836461 0.1818873 0.1801321 0.1783808 0.1766338 0.1748915 0.1731542 0.1714224 0.1696967 0.1679775 0.1662653 0.1645608 0.1628645 0.1611770 0.1594991 0.1578314 0.1561745 0.1545293 0.1528964 0.1512767 0.1496708 0.1480798 0.1465042
0.2354722 0.2335102 0.2315731 0.2296573 0.2277600 0.2258787 0.2240117 0.2221571 0.2203137 0.2184803 0.2166558 0.2148393 0.2130299 0.2112270 0.2094298 0.2076380 0.2058508 0.2040681 0.2022892 0.2005141 0.1987424 0.1969739 0.1952085 0.1934462 0.1916868 0.1899304 0.1881770 0.1864268 0.1846799 0.1829364 0.1811967 0.1794609 0.1777294 0.1760025 0.1742805 0.1725640 0.1708532 0.1691488 0.1674511 0.1657608 0.1640783 0.1624043 0.1607393 0.1590841 0.1574392 0.1558053 0.1541832 0.1525736 0.1509772 0.1493948 0.1478273 0.1462754
0.2344157 0.2324619 0.2305333 0.2286262 0.2267376 0.2248653 0.2230073 0.2211622 0.2193284 0.2175050 0.2156909 0.2138851 0.2120870 0.2102957 0.2085106 0.2067313 0.2049572 0.2031878 0.2014229 0.1996621 0.1979052 0.1961519 0.1944022 0.1926560 0.1909132 0.1891738 0.1874378 0.1857054 0.1839767 0.1822518 0.1805310 0.1788146 0.1771027 0.1753958 0.1736942 0.1719983 0.1703085 0.1686252 0.1669491 0.1652805 0.1636200 0.1619682 0.1603256 0.1586930 0.1570709 0.1554600 0.1538610 0.1522747 0.1507016 0.1491427 0.1475987 0.1460704
0.2333916 0.2314460 0.2295256 0.2276265 0.2257460 0.2238819 0.2220325 0.2201961 0.2183716 0.2165578 0.2147538 0.2129585 0.2111713 0.2093914 0.2076182 0.2058512 0.2040899 0.2023338 0.2005827 0.1988361 0.1970938 0.1953557 0.1936216 0.1918914 0.1901651 0.1884425 0.1867239 0.1850092 0.1832986 0.1815922 0.1798903 0.1781930 0.1765008 0.1748138 0.1731324 0.1714571 0.1697881 0.1681260 0.1664713 0.1648244 0.1631858 0.1615561 0.1599360 0.1583259 0.1567266 0.1551386 0.1535627 0.1519995 0.1504499 0.1489144 0.1473939 0.1458892
