data/rasters/evap/evaporation_20000106.ASC
NCOLS                  300
NROWS                  325
XLLCORNER       0.0000000E+00
YLLCORNER        300000.0
CELLSIZE         1000.000
NODATA_VALUE    0.0000000E+00
[rows 25 to 49 of 325, columns 165 to 219 of 300]
0.0000000E+00 0.0000000E+00 0.0000000E+00 0.0000000E+00 0.0000000E+00 0.0000000E+00 0.0000000E+00 0.0000000E+00 0.0000000E+00 0.0000000E+00 0.0000000E+00 0.0000000E+00 0.0000000E+00 8.9332737E-02 8.9612231E-02 8.9895099E-02 9.0181783E-02 9.0472706E-02 9.0768315E-02 9.1069050E-02 9.1375351E-02 9.1687664E-02 9.2006445E-02 9.2332110E-02 9.2665121E-02 9.3005881E-02 9.3354829E-02 9.3712382E-02 9.4078928E-02 9.4454885E-02 9.4840638E-02 9.5236570E-02 9.5643051E-02 9.6060470E-02 9.6489176E-02 9.6929543E-02 9.7381912E-02 9.7846650E-02 9.8324098E-02 9.8814599E-02 9.9318504E-02 9.9836156E-02 0.1003679 0.1009140 0.1014750 0.1020510 0.1026427 0.1032502 0.1038741 0.1045147 0.1051724 0.1058476 0.1065407 0.1072522 0.1079823
0.0000000E+00 0.0000000E+00 0.0000000E+00 0.0000000E+00 0.0000000E+00 0.0000000E+00 0.0000000E+00 0.0000000E+00 0.0000000E+00 0.0000000E+00 0.0000000E+00 8.9173950E-02 8.9446910E-02 8.9722410E-02 9.0000890E-02 9.0282768E-02 9.0568468E-02 9.0858430E-02 9.1153100E-02 9.1452926E-02 9.1758355E-02 9.2069842E-02 9.2387840E-02 9.2712790E-02 9.3045130E-02 9.3385294E-02 9.3733713E-02 9.4090804E-02 9.4456971E-02 9.4832607E-02 9.5218122E-02 9.5613882E-02 9.6020266E-02 9.6437648E-02 9.6866392E-02 9.7306848E-02 9.7759381E-02 9.8224327E-02 9.8702043E-02 9.9192873E-02 9.9697158E-02 0.1002152 0.1007475 0.1012942 0.1018557 0.1024325 0.1030248 0.1036331 0.1042579 0.1048994 0.1055581 0.1062344 0.1069287 0.1076415 0.1083731
0.0000000E+00 0.0000000E+00 0.0000000E+00 0.0000000E+00 0.0000000E+00 0.0000000E+00 0.0000000E+00 0.0000000E+00 0.0000000E+00 0.0000000E+00 8.9289472E-02 8.9559510E-02 8.9831710E-02 9.0106465E-02 9.0384200E-02 9.0665333E-02 9.0950303E-02 9.1239549E-02 9.1533519E-02 9.1832668E-02 9.2137456E-02 9.2448346E-02 9.2765793E-02 9.3090244E-02 9.3422145E-02 9.3761943E-02 9.4110064E-02 9.4466925E-02 9.4832927E-02 9.5208488E-02 9.5593981E-02 9.5989801E-02 9.6396320E-02 9.6813895E-02 9.7242892E-02 9.7683668E-02 9.8136574E-02 9.8601960E-02 9.9080153E-02 9.9571519E-02 0.1000764 0.1005951 0.1011280 0.1016754 0.1022377 0.1028153 0.1034086 0.1040178 0.1046436 0.1052861 0.1059460 0.1066235 0.1073191 0.1080332 0.1087663
0.0000000E+00 0.0000000E+00 0.0000000E+00 0.0000000E+00 0.0000000E+00 0.0000000E+00 0.0000000E+00 8.8869639E-02 8.9135155E-02 8.9401603E-02 8.9669406E-02 8.9938968E-02 9.0210691E-02 9.0484969E-02 9.0762235E-02 9.1042891E-02 9.1327384E-02 9.1616161E-02 9.1909669E-02 9.2208378E-02 9.2512757E-02 9.2823274E-02 9.3140393E-02 9.3464576E-02 9.3796283E-02 9.4135940E-02 9.4483994E-02 9.4840862E-02 9.5206954E-02 9.5582664E-02 9.5968395E-02 9.6364513E-02 9.6771389E-02 9.7189397E-02 9.7618893E-02 9.8060220E-02 9.8513730E-02 9.8979771E-02 9.9458672E-02 9.9950783E-02 0.1004564 0.1009760 0.1015097 0.1020581 0.1026214 0.1032000 0.1037943 0.1044047 0.1050315 0.1056753 0.1063364 0.1070152 0.1077121 0.1084277 0.1091623
0.0000000E+00 0.0000000E+00 0.0000000E+00 0.0000000E+00 0.0000000E+00 8.8714518E-02 8.8979155E-02 8.9243889E-02 8.9509174E-02 8.9775421E-02 9.0043031E-02 9.0312406E-02 9.0583943E-02 9.0858035E-02 9.1135092E-02 9.1415532E-02 9.1699801E-02 9.1988340E-02 9.2281632E-02 9.2580132E-02 9.2884339E-02 9.3194716E-02 9.3511753E-02 9.3835905E-02 9.4167642E-02 9.4507411E-02 9.4855644E-02 9.5212765E-02 9.5579185E-02 9.5955305E-02 9.6341506E-02 9.6738167E-02 9.7145669E-02 9.7564355E-02 9.7994588E-02 9.8436713E-02 9.8891072E-02 9.9358000E-02 9.9837847E-02 0.1003309 0.1008376 0.1013582 0.1018931 0.1024425 0.1030070 0.1035868 0.1041823 0.1047940 0.1054221 0.1060672 0.1067296 0.1074098 0.1081083 0.1088254 0.1095616
0.0000000E+00 0.0000000E+00 0.0000000E+00 8.8550828E-02 8.8816628E-02 8.9081600E-02 8.9346245E-02 8.9611031E-02 8.9876384E-02 9.0142727E-02 9.0410449E-02 9.0679929E-02 9.0951569E-02 9.1225743E-02 9.1502868E-02 9.1783352E-02 9.2067644E-02 9.2356198E-02 9.2649505E-02 9.2948034E-02 9.3252301E-02 9.3562774E-02 9.3879960E-02 9.4204329E-02 9.4536349E-02 9.4876468E-02 9.5225133E-02 9.5582761E-02 9.5949769E-02 9.6326545E-02 9.6713483E-02 9.7110957E-02 9.7519331E-02 9.7938962E-02 9.8370187E-02 9.8813370E-02 9.9268831E-02 9.9736907E-02 0.1002179 0.1007123 0.1012202 0.1017421 0.1022782 0.1028291 0.1033949 0.1039761 0.1045730 0.1051861 0.1058157 0.1064622 0.1071262 0.1078079 0.1085080 0.1092267 0.1099646
0.0000000E+00 8.8373289E-02 8.8642523E-02 8.8909864E-02 8.9175887E-02 8.9441121E-02 8.9706071E-02 8.9971185E-02 9.0236910E-02 9.0503640E-02 9.0771765E-02 9.1041647E-02 9.1313675E-02 9.1588214E-02 9.1865666E-02 9.2146449E-02 9.2431016E-02 9.2719831E-02 9.3013383E-02 9.3312182E-02 9.3616739E-02 9.3927547E-02 9.4245128E-02 9.4569951E-02 9.4902508E-02 9.5243238E-02 9.5592588E-02 9.5950991E-02 9.6318848E-02 9.6696563E-02 9.7084507E-02 9.7483061E-02 9.7892582E-02 9.8313421E-02 9.8745920E-02 9.9190421E-02 9.9647246E-02 0.1001167 0.1005992 0.1010950 0.1016045 0.1021279 0.1026656 0.1032180 0.1037854 0.1043682 0.1049667 0.1055814 0.1062126 0.1068608 0.1075264 0.1082098 0.1089116 0.1096320 0.1103718
8.8451415E-02 8.8723555E-02 8.8993192E-02 8.9260973E-02 8.9527480E-02 8.9793243E-02 9.0058766E-02 9.0324506E-02 9.0590879E-02 9.0858288E-02 9.1127098E-02 9.1397673E-02 9.1670372E-02 9.1945551E-02 9.2223600E-02 9.2504941E-02 9.2790022E-02 9.3079329E-02 9.3373366E-02 9.3672663E-02 9.3977749E-02 9.4289139E-02 9.4607353E-02 9.4932891E-02 9.5266230E-02 9.5607840E-02 9.5958151E-02 9.6317604E-02 9.6686587E-02 9.7065516E-02 9.7454749E-02 9.7854666E-02 9.8265618E-02 9.8687954E-02 9.9122003E-02 9.9568099E-02 0.1000266 0.1004978 0.1009820 0.1014795 0.1019907 0.1025159 0.1030554 0.1036096 0.1041789 0.1047635 0.1053638 0.1059803 0.1066134 0.1072634 0.1079308 0.1086160 0.1093196 0.1100419 0.1107835
8.8792965E-02 8.9065678E-02 8.9335941E-02 8.9604393E-02 8.9871623E-02 9.0138160E-02 9.0404510E-02 9.0671122E-02 9.0938427E-02 9.1206789E-02 9.1476575E-02 9.1748126E-02 9.2021771E-02 9.2297859E-02 9.2576772E-02 9.2858918E-02 9.3144760E-02 9.3434788E-02 9.3729548E-02 9.4029576E-02 9.4335422E-02 9.4647631E-02 9.4966739E-02 9.5293246E-02 9.5627651E-02 9.5970400E-02 9.6321955E-02 9.6682735E-02 9.7053140E-02 9.7433567E-02 9.7824387E-02 9.8225966E-02 9.8638639E-02 9.9062763E-02 9.9498659E-02 9.9946648E-02 0.1004071 0.1008802 0.1013664 0.1018660 0.1023792 0.1029065 0.1034481 0.1040044 0.1045757 0.1051623 0.1057647 0.1063832 0.1070183 0.1076703 0.1083397 0.1090269 0.1097324 0.1104567 0.1112003
8.9126512E-02 8.9399971E-02 8.9671046E-02 8.9940362E-02 9.0208516E-02 9.0476051E-02 9.0743467E-02 9.1011204E-02 9.1279685E-02 9.1549270E-02 9.1820307E-02 9.2093110E-02 9.2367992E-02 9.2645265E-02 9.2925303E-02 9.3208499E-02 9.3495332E-02 9.3786314E-02 9.4082013E-02 9.4382994E-02 9.4689846E-02 9.5003128E-02 9.5323384E-02 9.5651135E-02 9.5986865E-02 9.6331060E-02 9.6684143E-02 9.7046547E-02 9.7418673E-02 9.7800903E-02 9.8193608E-02 9.8597147E-02 9.9011853E-02 9.9438071E-02 9.9876121E-02 0.1003263 0.1007890 0.1012644 0.1017529 0.1022548 0.1027704 0.1033000 0.1038439 0.1044025 0.1049762 0.1055651 0.1061698 0.1067906 0.1074279 0.1080821 0.1087536 0.1094430 0.1101506 0.1108770 0.1116227
8.9452393E-02 8.9726739E-02 8.9998767E-02 9.0269126E-02 9.0538397E-02 9.0807125E-02 9.1075808E-02 9.1344893E-02 9.1614790E-02 9.1885857E-02 9.2158407E-02 9.2432745E-02 9.2709132E-02 9.2987873E-02 9.3269281E-02 9.3553774E-02 9.3841821E-02 9.4133981E-02 9.4430834E-02 9.4733007E-02 9.5041111E-02 9.5355712E-02 9.5677391E-02 9.6006654E-02 9.6344016E-02 9.6689932E-02 9.7044848E-02 9.7409189E-02 9.7783342E-02 9.8167688E-02 9.8562598E-02 9.8968416E-02 9.9385478E-02 9.9814110E-02 0.1002546 0.1007073 0.1011726 0.1016506 0.1021417 0.1026462 0.1031644 0.1036967 0.1042433 0.1048045 0.1053807 0.1059723 0.1065795 0.1072028 0.1078425 0.1084991 0.1091731 0.1098647 0.1105747 0.1113033 0.1120512
8.9770950E-02 9.0046294E-02 9.0319417E-02 9.0590946E-02 9.0861484E-02 9.1131575E-02 9.1401711E-02 9.1672346E-02 9.1943882E-02 9.2216663E-02 9.2490986E-02 9.2767119E-02 9.3045302E-02 9.3325771E-02 9.3608819E-02 9.3894832E-02 9.4184317E-02 9.4477855E-02 9.4776094E-02 9.5079683E-02 9.5389277E-02 9.5705472E-02 9.6028842E-02 9.6359916E-02 9.6699201E-02 9.7047158E-02 9.7404219E-02 9.7770810E-02 9.8147318E-02 9.8534115E-02 9.8931558E-02 9.9339984E-02 9.9759728E-02 0.1001911 0.1006344 0.1010900 0.1015581 0.1020390 0.1025331 0.1030405 0.1035617 0.1040969 0.1046465 0.1052106 0.1057897 0.1063841 0.1069942 0.1076202 0.1082627 0.1089220 0.1095985 0.1102927 0.1110051 0.1117361 0.1124864
9.0082541E-02 9.0358965E-02 9.0633266E-02 9.0906091E-02 9.1178022E-02 9.1449611E-02 9.1721363E-02 9.1993719E-02 9.2267081E-02 9.2541791E-02 9.2818126E-02 9.3096323E-02 9.3376569E-02 9.3659043E-02 9.3943983E-02 9.4231747E-02 9.4522871E-02 9.4817996E-02 9.5117822E-02 9.5423080E-02 9.5734417E-02 9.6052483E-02 9.6377842E-02 9.6711032E-02 9.7052559E-02 9.7402871E-02 9.7762413E-02 9.8131590E-02 9.8510779E-02 9.8900363E-02 9.9300675E-02 9.9712051E-02 0.1001348 0.1005693 0.1010157 0.1014745 0.1019458 0.1024300 0.1029273 0.1034381 0.1039626 0.1045011 0.1050538 0.1056212 0.1062035 0.1068011 0.1074143 0.1080434 0.1086888 0.1093510 0.1100304 0.1107273 0.1114424 0.1121761 0.1129289
9.0387516E-02 9.0665065E-02 9.0940624E-02 9.1214821E-02 9.1488242E-02 9.1761447E-02 9.2034936E-02 9.2309162E-02 9.2584513E-02 9.2861339E-02 9.3139902E-02 9.3420409E-02 9.3702994E-02 9.3987748E-02 9.4274834E-02 9.4564572E-02 9.4857514E-02 9.5154420E-02 9.5456064E-02 9.5763221E-02 9.6076593E-02 9.6396819E-02 9.6724480E-02 9.7060114E-02 9.7404212E-02 9.7757220E-02 9.8119579E-02 9.8491684E-02 9.8873913E-02 9.9266626E-02 9.9670157E-02 0.1000848 0.1005110 0.1009489 0.1013988 0.1018611 0.1023360 0.1028238 0.1033248 0.1038392 0.1043673 0.1049094 0.1054658 0.1060368 0.1066226 0.1072236 0.1078402 0.1084727 0.1091214 0.1097868 0.1104692 0.1111692 0.1118872 0.1126237 0.1133792
9.0686202E-02 9.0964921E-02 9.1241784E-02 9.1517411E-02 9.1792405E-02 9.2067309E-02 9.2342630E-02 9.2618823E-02 9.2896298E-02 9.3175381E-02 9.3456358E-02 9.3739398E-02 9.4024584E-02 9.4311915E-02 9.4601400E-02 9.4893299E-02 9.5188253E-02 9.5487125E-02 9.5790818E-02 9.6100159E-02 9.6415855E-02 9.6738569E-02 9.7068869E-02 9.7407281E-02 9.7754300E-02 9.8110355E-02 9.8475888E-02 9.8851278E-02 9.9236898E-02 9.9633105E-02 0.1000402 0.1004586 0.1008884 0.1013301 0.1017840 0.1022502 0.1027290 0.1032208 0.1037257 0.1042441 0.1047762 0.1053223 0.1058827 0.1064575 0.1070473 0.1076521 0.1082725 0.1089086 0.1095609 0.1102298 0.1109156 0.1116189 0.1123400 0.1130795 0.1138380
9.0978965E-02 9.1258861E-02 9.1537051E-02 9.1814153E-02 9.2090756E-02 9.2367418E-02 9.2644632E-02 9.2922874E-02 9.3202546E-02 9.3483999E-02 9.3767516E-02 9.4053261E-02 9.4341286E-02 9.4631486E-02 9.4923653E-02 9.5217898E-02 9.5514990E-02 9.5816046E-02 9.6122064E-02 9.6433893E-02 9.6752271E-02 9.7077817E-02 9.7411111E-02 9.7752668E-02 9.8102964E-02 9.8462448E-02 9.8831512E-02 9.9210560E-02 9.9599943E-02 0.1000000 0.1004111 0.1008334 0.1012674 0.1017133 0.1021714 0.1026418 0.1031250 0.1036211 0.1041304 0.1046532 0.1051897 0.1057401 0.1063048 0.1068840 0.1074779 0.1080870 0.1087114 0.1093516 0.1100078 0.1106805 0.1113700 0.1120768 0.1128014 0.1135443 0.1143059
9.1266133E-02 9.1547206E-02 9.1826737E-02 9.2105329E-02 9.2383571E-02 9.2662014E-02 9.2941172E-02 9.3221501E-02 9.3503416E-02 9.3787283E-02 9.4073392E-02 9.4361931E-02 9.4652966E-02 9.4946317E-02 9.5241465E-02 9.5538177E-02 9.5837586E-02 9.6141092E-02 9.6449777E-02 9.6764475E-02 9.7085901E-02 9.7414672E-02 9.7751349E-02 9.8096430E-02 9.8450385E-02 9.8813653E-02 9.9186637E-02 9.9569716E-02 9.9963233E-02 0.1003675 0.1007829 0.1012097 0.1016482 0.1020986 0.1025613 0.1030365 0.1035243 0.1040252 0.1045392 0.1050668 0.1056080 0.1061632 0.1067326 0.1073164 0.1079150 0.1085286 0.1091575 0.1098020 0.1104625 0.1111394 0.1118330 0.1125437 0.1132720 0.1140185 0.1147836
9.1548048E-02 9.1830298E-02 9.2111155E-02 9.2391245E-02 9.2671134E-02 9.2951380E-02 9.3232483E-02 9.3514904E-02 9.3799077E-02 9.4085358E-02 9.4374046E-02 9.4665363E-02 9.4959393E-02 9.5256008E-02 9.5554493E-02 9.5853761E-02 9.6155778E-02 9.6462175E-02 9.6773975E-02 9.7091980E-02 9.7416878E-02 9.7749278E-02 9.8089725E-02 9.8438725E-02 9.8796740E-02 9.9164188E-02 9.9541470E-02 9.9928953E-02 0.1003270 0.1007359 0.1011560 0.1015876 0.1020310 0.1024864 0.1029541 0.1034343 0.1039272 0.1044332 0.1049524 0.1054851 0.1060315 0.1065918 0.1071663 0.1077552 0.1083588 0.1089773 0.1096111 0.1102604 0.1109256 0.1116070 0.1123050 0.1130200 0.1137524 0.1145028 0.1152716
9.1825068E-02 9.2108458E-02 9.2390634E-02 9.2672206E-02 9.2953742E-02 9.3235783E-02 9.3518831E-02 9.3803346E-02 9.4089754E-02 9.4378404E-02 9.4669610E-02 9.4963588E-02 9.5260412E-02 9.5559977E-02 9.5861539E-02 9.6164025E-02 9.6469410E-02 9.6779309E-02 9.7094744E-02 9.7416535E-02 9.7745351E-02 9.8081805E-02 9.8426446E-02 9.8779768E-02 9.9142224E-02 9.9514246E-02 9.9896215E-02 0.1002885 0.1006915 0.1011054 0.1015306 0.1019674 0.1024160 0.1028768 0.1033498 0.1038355 0.1043340 0.1048455 0.1053703 0.1059085 0.1064605 0.1070263 0.1076064 0.1082007 0.1088098 0.1094337 0.1100727 0.1107272 0.1113975 0.1120838 0.1127866 0.1135062 0.1142431 0.1149978 0.1157708
9.2097521E-02 9.2382029E-02 9.2665508E-02 9.2948556E-02 9.3231723E-02 9.3515553E-02 9.3800537E-02 9.4087124E-02 9.4375737E-02 9.4666719E-02 9.4960369E-02 9.5256880E-02 9.5556296E-02 9.5858462E-02 9.6162841E-02 9.6469216E-02 9.6778706E-02 9.7092725E-02 9.7412333E-02 9.7738378E-02 9.8071560E-02 9.8412499E-02 9.8761737E-02 9.9119775E-02 9.9487081E-02 9.9864058E-02 0.1002511 0.1006486 0.1010568 0.1014762 0.1019069 0.1023493 0.1028036 0.1032701 0.1037490 0.1042405 0.1047449 0.1052623 0.1057931 0.1063373 0.1068953 0.1074671 0.1080531 0.1086534 0.1092683 0.1098980 0.1105427 0.1112028 0.1118786 0.1125703 0.1132783 0.1140030 0.1147448 0.1155042 0.1162816
9.2365764E-02 9.2651360E-02 9.2936121E-02 9.3220621E-02 9.3505412E-02 9.3791015E-02 9.4077922E-02 9.4366580E-02 9.4657384E-02 9.4950676E-02 9.5246732E-02 9.5545731E-02 9.5847718E-02 9.6152589E-02 9.6460126E-02 9.6770450E-02 9.7084336E-02 9.7402893E-02 9.7727105E-02 9.8057836E-02 9.8395802E-02 9.8741621E-02 9.9095859E-02 9.9459015E-02 9.9831544E-02 0.1002139 0.1006064 0.1010095 0.1014234 0.1018485 0.1022851 0.1027335 0.1031939 0.1036665 0.1041516 0.1046495 0.1051602 0.1056840 0.1062212 0.1067718 0.1073362 0.1079144 0.1085068 0.1091135 0.1097347 0.1103706 0.1110215 0.1116877 0.1123694 0.1130670 0.1137807 0.1145109 0.1152580 0.1160225 0.1168048
9.2630140E-02 9.2916802E-02 9.3202822E-02 9.3488760E-02 9.3775161E-02 9.4062537E-02 9.4351366E-02 9.4642088E-02 9.4935089E-02 9.5230706E-02 9.5529191E-02 9.5830739E-02 9.6135430E-02 9.6443251E-02 9.6754223E-02 9.7068608E-02 9.7387038E-02 9.7710378E-02 9.8039530E-02 9.8375306E-02 9.8718420E-02 9.9069498E-02 9.9429108E-02 9.9797748E-02 0.1001759 0.1005640 0.1009623 0.1013713 0.1017914 0.1022227 0.1026656 0.1031203 0.1035872 0.1040664 0.1045582 0.1050627 0.1055802 0.1061108 0.1066548 0.1072123 0.1077835 0.1083686 0.1089678 0.1095813 0.1102093 0.1108519 0.1115095 0.1121822 0.1128704 0.1135742 0.1142941 0.1150303 0.1157832 0.1165533 0.1173411
9.2891000E-02 9.3178704E-02 9.3465962E-02 9.3753330E-02 9.4041340E-02 9.4330497E-02 9.4621263E-02 9.4914064E-02 9.5209293E-02 9.5507279E-02 9.5808282E-02 9.6112512E-02 9.6420087E-02 9.6731126E-02 9.7045772E-02 9.7364351E-02 9.7687438E-02 9.8015755E-02 9.8350093E-02 9.8691210E-02 9.9039793E-02 9.9396475E-02 9.9761799E-02 0.1001363 0.1005204 0.1009146 0.1013191 0.1017345 0.1021610 0.1025989 0.1030485 0.1035100 0.1039838 0.1044700 0.1049688 0.1054804 0.1060051 0.1065429 0.1070942 0.1076590 0.1082375 0.1088300 0.1094365 0.1100573 0.1106925 0.1113423 0.1120070 0.1126868 0.1133819 0.1140925 0.1148190 0.1155618 0.1163211 0.1170973 0.1178909
9.3148701E-02 9.3437426E-02 9.3725912E-02 9.4014704E-02 9.4304323E-02 9.4595268E-02 9.4887994E-02 9.5182933E-02 9.5480449E-02 9.5780887E-02 9.6084528E-02 9.6391588E-02 9.6702270E-02 9.7016752E-02 9.7335286E-02 9.7658224E-02 9.7986095E-02 9.8319545E-02 9.8659270E-02 9.9005975E-02 9.9360317E-02 9.9722899E-02 0.1000943 0.1004750 0.1008654 0.1012660 0.1016772 0.1020993 0.1025326 0.1029774 0.1034341 0.1039028 0.1043839 0.1048774 0.1053837 0.1059029 0.1064352 0.1069807 0.1075397 0.1081123 0.1086986 0.1092988 0.1099131 0.1105416 0.1111846 0.1118421 0.1125144 0.1132018 0.1139043 0.1146223 0.1153560 0.1161058 0.1168720 0.1176549 0.1184550
9.3403578E-02 9.3693316E-02 9.3983024E-02 9.4273247E-02 9.4564497E-02 9.4857261E-02 9.5151991E-02 9.5449105E-02 9.5748991E-02 9.6051991E-02 9.6358404E-02 9.6668482E-02 9.6982472E-02 9.7300619E-02 9.7623229E-02 9.7950689E-02 9.8283492E-02 9.8622225E-02 9.8967530E-02 9.9320039E-02 9.9680386E-02 0.1000492 0.1004269 0.1008141 0.1012111 0.1016185 0.1020366 0.1024658 0.1029063 0.1033585 0.1038227 0.1042990 0.1047877 0.1052891 0.1058032 0.1063304 0.1068707 0.1074244 0.1079915 0.1085723 0.1091668 0.1097753 0.1103979 0.1110347 0.1116859 0.1123516 0.1130321 0.1137275 0.1144380 0.1151639 0.1159054 0.1166628 0.1174364 0.1182266 0.1190338
