data/rasters/evap/evaporation_20000103.ASC
NCOLS                  300
NROWS                  325
XLLCORNER       0.0000000E+00
YLLCORNER        300000.0
CELLSIZE         1000.000
NODATA_VALUE    0.0000000E+00
[rows 220 to 241 of 325, columns 51 to 101 of 300]
9.8359182E-02 9.8518237E-02 9.8675184E-02 9.8829873E-02 9.8982126E-02 9.9131763E-02 9.9278621E-02 9.9422500E-02 9.9563234E-02 9.9700630E-02 9.9834517E-02 9.9964723E-02 0.1000911 0.1002134 0.1003315 0.1004453 0.1005547 0.1006594 0.1007594 0.1008545 0.1009446 0.1010297 0.1011096 0.1011843 0.1012537 0.1013178 0.1013765 0.1014298 0.1014777 0.1015202 0.1015574 0.1015892 0.1016158 0.1016371 0.1016533 0.1016646 0.1016709 0.1016724 0.1016693 0.1016617 0.1016498 0.1016337 0.1016138 0.1015902 0.1015630 0.1015326 0.1014992 0.1014631 0.1014244 0.1013834 0.1013405
9.8570295E-02 9.8730281E-02 9.8888338E-02 9.9044301E-02 9.9197999E-02 9.9349268E-02 9.9497914E-02 9.9643767E-02 9.9786639E-02 9.9926345E-02 0.1000627 0.1001956 0.1003248 0.1004501 0.1005714 0.1006886 0.1008014 0.1009099 0.1010137 0.1011129 0.1012072 0.1012967 0.1013811 0.1014606 0.1015349 0.1016040 0.1016679 0.1017266 0.1017800 0.1018282 0.1018712 0.1019090 0.1019417 0.1019693 0.1019919 0.1020096 0.1020225 0.1020307 0.1020344 0.1020337 0.1020288 0.1020199 0.1020071 0.1019906 0.1019707 0.1019476 0.1019215 0.1018926 0.1018612 0.1018275 0.1017919
9.8783545E-02 9.8944522E-02 9.9103741E-02 9.9261053E-02 9.9416278E-02 9.9569239E-02 9.9719763E-02 9.9867649E-02 0.1000127 0.1001548 0.1002938 0.1004294 0.1005614 0.1006899 0.1008144 0.1009350 0.1010515 0.1011636 0.1012714 0.1013747 0.1014733 0.1015672 0.1016563 0.1017405 0.1018197 0.1018939 0.1019631 0.1020272 0.1020862 0.1021401 0.1021890 0.1022328 0.1022716 0.1023054 0.1023344 0.1023586 0.1023781 0.1023931 0.1024036 0.1024099 0.1024120 0.1024101 0.1024044 0.1023952 0.1023825 0.1023666 0.1023478 0.1023262 0.1023021 0.1022758 0.1022474
9.8999061E-02 9.9161096E-02 9.9321552E-02 9.9480279E-02 9.9637099E-02 9.9791832E-02 9.9944293E-02 0.1000943 0.1002417 0.1003862 0.1005278 0.1006662 0.1008012 0.1009328 0.1010607 0.1011848 0.1013049 0.1014209 0.1015327 0.1016401 0.1017430 0.1018414 0.1019352 0.1020242 0.1021084 0.1021878 0.1022622 0.1023318 0.1023964 0.1024560 0.1025108 0.1025606 0.1026056 0.1026457 0.1026811 0.1027118 0.1027380 0.1027597 0.1027771 0.1027902 0.1027993 0.1028045 0.1028060 0.1028040 0.1027985 0.1027900 0.1027784 0.1027642 0.1027474 0.1027284 0.1027073
9.9216990E-02 9.9380143E-02 9.9541910E-02 9.9702127E-02 9.9860609E-02 0.1000172 0.1001717 0.1003239 0.1004736 0.1006207 0.1007649 0.1009062 0.1010443 0.1011791 0.1013103 0.1014380 0.1015618 0.1016817 0.1017975 0.1019092 0.1020165 0.1021195 0.1022180 0.1023118 0.1024011 0.1024856 0.1025654 0.1026405 0.1027107 0.1027761 0.1028368 0.1028926 0.1029438 0.1029902 0.1030321 0.1030694 0.1031022 0.1031306 0.1031549 0.1031750 0.1031911 0.1032034 0.1032120 0.1032172 0.1032190 0.1032177 0.1032135 0.1032066 0.1031972 0.1031855 0.1031718
9.9437468E-02 9.9601805E-02 9.9764951E-02 9.9926725E-02 0.1000869 0.1002454 0.1004020 0.1005565 0.1007086 0.1008583 0.1010053 0.1011495 0.1012908 0.1014288 0.1015635 0.1016948 0.1018224 0.1019463 0.1020662 0.1021821 0.1022940 0.1024015 0.1025047 0.1026035 0.1026979 0.1027876 0.1028728 0.1029534 0.1030293 0.1031005 0.1031671 0.1032291 0.1032864 0.1033392 0.1033875 0.1034313 0.1034708 0.1035060 0.1035371 0.1035642 0.1035873 0.1036067 0.1036226 0.1036349 0.1036441 0.1036501 0.1036532 0.1036537 0.1036517 0.1036474 0.1036410
9.9660642E-02 9.9826232E-02 9.9990830E-02 0.1001542 0.1003163 0.1004767 0.1006355 0.1007922 0.1009469 0.1010993 0.1012491 0.1013964 0.1015407 0.1016821 0.1018204 0.1019553 0.1020868 0.1022147 0.1023388 0.1024591 0.1025754 0.1026876 0.1027956 0.1028994 0.1029989 0.1030939 0.1031845 0.1032706 0.1033522 0.1034293 0.1035019 0.1035699 0.1036335 0.1036926 0.1037474 0.1037978 0.1038440 0.1038860 0.1039240 0.1039580 0.1039882 0.1040148 0.1040378 0.1040574 0.1040738 0.1040872 0.1040977 0.1041055 0.1041109 0.1041140 0.1041151
9.9886656E-02 0.1000536 0.1002197 0.1003848 0.1005487 0.1007112 0.1008722 0.1010314 0.1011886 0.1013437 0.1014965 0.1016468 0.1017944 0.1019392 0.1020810 0.1022197 0.1023551 0.1024871 0.1026154 0.1027401 0.1028610 0.1029779 0.1030908 0.1031996 0.1033042 0.1034046 0.1035006 0.1035923 0.1036797 0.1037626 0.1038412 0.1039154 0.1039852 0.1040507 0.1041120 0.1041690 0.1042219 0.1042707 0.1043156 0.1043566 0.1043939 0.1044276 0.1044578 0.1044847 0.1045084 0.1045291 0.1045470 0.1045623 0.1045751 0.1045857 0.1045942
0.1001157 0.1002840 0.1004517 0.1006186 0.1007844 0.1009491 0.1011123 0.1012739 0.1014338 0.1015917 0.1017474 0.1019009 0.1020518 0.1022001 0.1023456 0.1024881 0.1026275 0.1027636 0.1028962 0.1030254 0.1031508 0.1032725 0.1033904 0.1035042 0.1036140 0.1037197 0.1038213 0.1039187 0.1040118 0.1041006 0.1041852 0.1042656 0.1043417 0.1044136 0.1044814 0.1045450 0.1046046 0.1046603 0.1047121 0.1047601 0.1048044 0.1048453 0.1048827 0.1049169 0.1049479 0.1049761 0.1050014 0.1050241 0.1050444 0.1050625 0.1050785
0.1003479 0.1005177 0.1006870 0.1008557 0.1010236 0.1011904 0.1013559 0.1015201 0.1016826 0.1018434 0.1020022 0.1021589 0.1023132 0.1024651 0.1026142 0.1027606 0.1029040 0.1030443 0.1031813 0.1033150 0.1034451 0.1035716 0.1036944 0.1038134 0.1039284 0.1040396 0.1041467 0.1042497 0.1043486 0.1044434 0.1045341 0.1046206 0.1047030 0.1047813 0.1048556 0.1049259 0.1049923 0.1050548 0.1051135 0.1051685 0.1052200 0.1052680 0.1053127 0.1053541 0.1053926 0.1054281 0.1054609 0.1054911 0.1055189 0.1055445 0.1055681
0.1005834 0.1007547 0.1009258 0.1010964 0.1012663 0.1014353 0.1016033 0.1017700 0.1019353 0.1020990 0.1022609 0.1024208 0.1025786 0.1027341 0.1028870 0.1030374 0.1031849 0.1033294 0.1034708 0.1036090 0.1037439 0.1038753 0.1040031 0.1041272 0.1042476 0.1043641 0.1044768 0.1045855 0.1046903 0.1047910 0.1048878 0.1049805 0.1050693 0.1051541 0.1052349 0.1053118 0.1053850 0.1054543 0.1055200 0.1055820 0.1056406 0.1056958 0.1057478 0.1057966 0.1058424 0.1058853 0.1059256 0.1059634 0.1059987 0.1060319 0.1060631
0.1008226 0.1009954 0.1011682 0.1013407 0.1015127 0.1016840 0.1018544 0.1020238 0.1021919 0.1023586 0.1025236 0.1026869 0.1028482 0.1030073 0.1031641 0.1033185 0.1034701 0.1036190 0.1037649 0.1039077 0.1040473 0.1041836 0.1043165 0.1044458 0.1045715 0.1046935 0.1048118 0.1049263 0.1050369 0.1051436 0.1052465 0.1053455 0.1054406 0.1055318 0.1056193 0.1057029 0.1057828 0.1058590 0.1059316 0.1060008 0.1060665 0.1061289 0.1061881 0.1062443 0.1062975 0.1063479 0.1063957 0.1064410 0.1064839 0.1065248 0.1065636
0.1010655 0.1012398 0.1014143 0.1015887 0.1017629 0.1019365 0.1021094 0.1022815 0.1024525 0.1026222 0.1027905 0.1029572 0.1031221 0.1032850 0.1034457 0.1036040 0.1037599 0.1039132 0.1040636 0.1042111 0.1043555 0.1044968 0.1046347 0.1047693 0.1049004 0.1050279 0.1051518 0.1052721 0.1053886 0.1055014 0.1056104 0.1057156 0.1058171 0.1059148 0.1060088 0.1060991 0.1061858 0.1062689 0.1063486 0.1064247 0.1064976 0.1065673 0.1066338 0.1066973 0.1067579 0.1068159 0.1068712 0.1069241 0.1069746 0.1070231 0.1070696
0.1013121 0.1014880 0.1016643 0.1018407 0.1020170 0.1021930 0.1023685 0.1025433 0.1027172 0.1028901 0.1030617 0.1032319 0.1034004 0.1035670 0.1037317 0.1038942 0.1040544 0.1042120 0.1043670 0.1045193 0.1046686 0.1048148 0.1049579 0.1050978 0.1052343 0.1053673 0.1054969 0.1056230 0.1057454 0.1058642 0.1059794 0.1060910 0.1061988 0.1063031 0.1064037 0.1065007 0.1065942 0.1066842 0.1067708 0.1068541 0.1069341 0.1070110 0.1070849 0.1071558 0.1072239 0.1072893 0.1073522 0.1074127 0.1074709 0.1075271 0.1075813
0.1015624 0.1017400 0.1019181 0.1020966 0.1022751 0.1024535 0.1026317 0.1028093 0.1029863 0.1031623 0.1033373 0.1035110 0.1036832 0.1038537 0.1040224 0.1041891 0.1043536 0.1045158 0.1046754 0.1048324 0.1049866 0.1051379 0.1052862 0.1054314 0.1055733 0.1057120 0.1058473 0.1059791 0.1061075 0.1062324 0.1063538 0.1064716 0.1065859 0.1066967 0.1068039 0.1069076 0.1070080 0.1071049 0.1071985 0.1072889 0.1073761 0.1074603 0.1075414 0.1076198 0.1076953 0.1077683 0.1078388 0.1079069 0.1079728 0.1080367 0.1080988
0.1018166 0.1019959 0.1021760 0.1023565 0.1025373 0.1027183 0.1028991 0.1030797 0.1032597 0.1034390 0.1036174 0.1037947 0.1039707 0.1041451 0.1043179 0.1044889 0.1046577 0.1048244 0.1049887 0.1051506 0.1053097 0.1054661 0.1056196 0.1057702 0.1059176 0.1060619 0.1062029 0.1063406 0.1064750 0.1066060 0.1067336 0.1068577 0.1069784 0.1070957 0.1072096 0.1073201 0.1074272 0.1075311 0.1076317 0.1077292 0.1078236 0.1079151 0.1080036 0.1080893 0.1081724 0.1082529 0.1083310 0.1084068 0.1084804 0.1085521 0.1086220
0.1020746 0.1022558 0.1024379 0.1026206 0.1028038 0.1029873 0.1031709 0.1033544 0.1035376 0.1037202 0.1039021 0.1040831 0.1042629 0.1044414 0.1046183 0.1047935 0.1049669 0.1051381 0.1053072 0.1054739 0.1056380 0.1057996 0.1059584 0.1061143 0.1062672 0.1064171 0.1065639 0.1067075 0.1068479 0.1069850 0.1071188 0.1072493 0.1073764 0.1075002 0.1076208 0.1077380 0.1078520 0.1079628 0.1080705 0.1081751 0.1082767 0.1083754 0.1084713 0.1085645 0.1086551 0.1087432 0.1088289 0.1089124 0.1089938 0.1090733 0.1091510
0.1023367 0.1025198 0.1027039 0.1028889 0.1030746 0.1032608 0.1034472 0.1036337 0.1038201 0.1040062 0.1041917 0.1043763 0.1045601 0.1047426 0.1049237 0.1051033 0.1052811 0.1054570 0.1056309 0.1058025 0.1059717 0.1061384 0.1063025 0.1064638 0.1066223 0.1067779 0.1069304 0.1070799 0.1072263 0.1073696 0.1075096 0.1076464 0.1077800 0.1079104 0.1080376 0.1081616 0.1082825 0.1084002 0.1085149 0.1086267 0.1087355 0.1088415 0.1089448 0.1090454 0.1091435 0.1092392 0.1093325 0.1094237 0.1095129 0.1096002 0.1096858
0.1026029 0.1027879 0.1029742 0.1031615 0.1033498 0.1035387 0.1037281 0.1039177 0.1041074 0.1042969 0.1044860 0.1046745 0.1048622 0.1050488 0.1052343 0.1054182 0.1056006 0.1057812 0.1059599 0.1061364 0.1063107 0.1064826 0.1066520 0.1068188 0.1069829 0.1071442 0.1073025 0.1074580 0.1076104 0.1077597 0.1079060 0.1080492 0.1081893 0.1083262 0.1084601 0.1085909 0.1087186 0.1088433 0.1089651 0.1090839 0.1092000 0.1093133 0.1094239 0.1095320 0.1096376 0.1097409 0.1098420 0.1099409 0.1100379 0.1101330 0.1102265
0.1028733 0.1030604 0.1032489 0.1034386 0.1036295 0.1038212 0.1040136 0.1042065 0.1043995 0.1045926 0.1047854 0.1049778 0.1051695 0.1053603 0.1055500 0.1057385 0.1059255 0.1061108 0.1062943 0.1064759 0.1066553 0.1068324 0.1070072 0.1071795 0.1073491 0.1075161 0.1076803 0.1078417 0.1080001 0.1081556 0.1083082 0.1084577 0.1086043 0.1087478 0.1088883 0.1090259 0.1091605 0.1092921 0.1094209 0.1095470 0.1096702 0.1097908 0.1099089 0.1100244 0.1101376 0.1102484 0.1103572 0.1104639 0.1105687 0.1106717 0.1107731
0.1031481 0.1033372 0.1035280 0.1037203 0.1039139 0.1041085 0.1043040 0.1045001 0.1046966 0.1048933 0.1050899 0.1052862 0.1054820 0.1056771 0.1058712 0.1060641 0.1062558 0.1064459 0.1066343 0.1068209 0.1070055 0.1071879 0.1073680 0.1075458 0.1077211 0.1078938 0.1080638 0.1082311 0.1083956 0.1085573 0.1087161 0.1088720 0.1090251 0.1091752 0.1093223 0.1094667 0.1096081 0.1097467 0.1098826 0.1100158 0.1101462 0.1102742 0.1103996 0.1105226 0.1106433 0.1107618 0.1108782 0.1109927 0.1111053 0.1112162 0.1113255
0.1034272 0.1036186 0.1038118 0.1040067 0.1042030 0.1044006 0.1045993 0.1047987 0.1049988 0.1051991 0.1053996 0.1055999 0.1057999 0.1059992 0.1061978 0.1063953 0.1065917 0.1067866 0.1069800 0.1071716 0.1073614 0.1075491 0.1077346 0.1079179 0.1080988 0.1082773 0.1084532 0.1086264 0.1087970 0.1089648 0.1091299 0.1092922 0.1094517 0.1096084 0.1097622 0.1099133 0.1100616 0.1102072 0.1103501 0.1104904 0.1106281 0.1107633 0.1108961 0.1110266 0.1111549 0.1112810 0.1114051 0.1115273 0.1116478 0.1117666 0.1118839
