data/rasters/evap/evaporation_20000105.ASC
NCOLS                  300
NROWS                  325
XLLCORNER       0.0000000E+00
YLLCORNER        300000.0
CELLSIZE         1000.000
NODATA_VALUE    0.0000000E+00
[rows 200 to 224 of 325, columns 55 to 109 of 300]
0.3962662 0.3963538 0.3964400 0.3965247 0.3966079 0.3966895 0.3967696 0.3968481 0.3969251 0.3970004 0.3970741 0.3971463 0.3972168 0.3972858 0.3973533 0.3974194 0.3974840 0.3975473 0.3976093 0.3976701 0.3977299 0.3977887 0.3978466 0.3979037 0.3979602 0.3980162 0.3980718 0.3981270 0.3981822 0.3982374 0.3982928 0.3983484 0.3984046 0.3984616 0.3985193 0.3985783 0.3986386 0.3987005 0.3987643 0.3988302 0.3988987 0.3989699 0.3990442 0.3991220 0.3992036 0.3992894 0.3993797 0.3994749 0.3995754 0.3996817 0.3997940 0.3999127 0.4000384 0.4001714 0.4003122
0.3963215 0.3964084 0.3964939 0.3965780 0.3966606 0.3967417 0.3968213 0.3968994 0.3969760 0.3970510 0.3971245 0.3971965 0.3972669 0.3973359 0.3974035 0.3974697 0.3975346 0.3975982 0.3976607 0.3977220 0.3977824 0.3978418 0.3979004 0.3979584 0.3980157 0.3980727 0.3981293 0.3981857 0.3982420 0.3982985 0.3983552 0.3984123 0.3984701 0.3985286 0.3985882 0.3986490 0.3987112 0.3987752 0.3988411 0.3989093 0.3989801 0.3990537 0.3991306 0.3992110 0.3992953 0.3993839 0.3994771 0.3995753 0.3996788 0.3997882 0.3999037 0.4000259 0.4001551 0.4002917 0.4004361
0.3963790 0.3964653 0.3965502 0.3966337 0.3967158 0.3967964 0.3968756 0.3969533 0.3970295 0.3971043 0.3971776 0.3972495 0.3973199 0.3973890 0.3974567 0.3975231 0.3975883 0.3976523 0.3977152 0.3977771 0.3978381 0.3978983 0.3979577 0.3980165 0.3980748 0.3981327 0.3981904 0.3982480 0.3983056 0.3983634 0.3984216 0.3984802 0.3985396 0.3985998 0.3986612 0.3987239 0.3987881 0.3988541 0.3989223 0.3989927 0.3990659 0.3991420 0.3992215 0.3993045 0.3993915 0.3994829 0.3995790 0.3996801 0.3997868 0.3998993 0.4000181 0.4001436 0.4002762 0.4004164 0.4005646
0.3964387 0.3965244 0.3966088 0.3966918 0.3967734 0.3968536 0.3969324 0.3970098 0.3970858 0.3971603 0.3972335 0.3973054 0.3973759 0.3974451 0.3975130 0.3975797 0.3976452 0.3977097 0.3977731 0.3978356 0.3978973 0.3979582 0.3980184 0.3980782 0.3981375 0.3981965 0.3982554 0.3983142 0.3983732 0.3984323 0.3984920 0.3985522 0.3986133 0.3986753 0.3987385 0.3988031 0.3988694 0.3989376 0.3990079 0.3990807 0.3991563 0.3992349 0.3993169 0.3994026 0.3994924 0.3995866 0.3996856 0.3997897 0.3998995 0.4000151 0.4001372 0.4002661 0.4004021 0.4005458 0.4006976
0.3965008 0.3965860 0.3966698 0.3967524 0.3968335 0.3969134 0.3969918 0.3970690 0.3971448 0.3972193 0.3972924 0.3973643 0.3974349 0.3975042 0.3975724 0.3976395 0.3977054 0.3977704 0.3978344 0.3978976 0.3979600 0.3980217 0.3980829 0.3981436 0.3982040 0.3982642 0.3983243 0.3983844 0.3984447 0.3985054 0.3985666 0.3986285 0.3986913 0.3987551 0.3988202 0.3988868 0.3989552 0.3990256 0.3990982 0.3991733 0.3992513 0.3993325 0.3994171 0.3995055 0.3995980 0.3996951 0.3997970 0.3999042 0.4000170 0.4001358 0.4002611 0.4003933 0.4005328 0.4006800 0.4008355
0.3965653 0.3966500 0.3967334 0.3968155 0.3968963 0.3969759 0.3970541 0.3971311 0.3972068 0.3972811 0.3973543 0.3974262 0.3974970 0.3975666 0.3976351 0.3977025 0.3977690 0.3978345 0.3978992 0.3979631 0.3980263 0.3980890 0.3981511 0.3982129 0.3982744 0.3983358 0.3983972 0.3984587 0.3985205 0.3985827 0.3986456 0.3987091 0.3987737 0.3988394 0.3989065 0.3989752 0.3990457 0.3991183 0.3991932 0.3992708 0.3993513 0.3994350 0.3995222 0.3996133 0.3997086 0.3998085 0.3999134 0.4000235 0.4001394 0.4002614 0.4003900 0.4005255 0.4006684 0.4008192 0.4009782
0.3966323 0.3967166 0.3967996 0.3968814 0.3969619 0.3970412 0.3971192 0.3971961 0.3972717 0.3973461 0.3974193 0.3974914 0.3975624 0.3976323 0.3977012 0.3977691 0.3978361 0.3979023 0.3979677 0.3980324 0.3980965 0.3981601 0.3982233 0.3982862 0.3983489 0.3984115 0.3984743 0.3985372 0.3986005 0.3986644 0.3987289 0.3987943 0.3988607 0.3989284 0.3989975 0.3990683 0.3991410 0.3992158 0.3992932 0.3993731 0.3994561 0.3995424 0.3996323 0.3997262 0.3998243 0.3999271 0.4000349 0.4001481 0.4002670 0.4003922 0.4005240 0.4006628 0.4008091 0.4009634 0.4011260
0.3967019 0.3967858 0.3968684 0.3969499 0.3970302 0.3971094 0.3971873 0.3972640 0.3973396 0.3974141 0.3974875 0.3975598 0.3976311 0.3977014 0.3977707 0.3978392 0.3979068 0.3979737 0.3980398 0.3981054 0.3981704 0.3982351 0.3982994 0.3983635 0.3984275 0.3984915 0.3985557 0.3986201 0.3986850 0.3987505 0.3988168 0.3988840 0.3989524 0.3990220 0.3990933 0.3991662 0.3992412 0.3993184 0.3993981 0.3994806 0.3995661 0.3996550 0.3997476 0.3998442 0.3999452 0.4000509 0.4001617 0.4002779 0.4003999 0.4005283 0.4006633 0.4008054 0.4009551 0.4011128 0.4012789
0.3967741 0.3968576 0.3969401 0.3970213 0.3971015 0.3971804 0.3972583 0.3973351 0.3974108 0.3974854 0.3975590 0.3976316 0.3977032 0.3977740 0.3978438 0.3979129 0.3979812 0.3980488 0.3981158 0.3981823 0.3982484 0.3983141 0.3983796 0.3984450 0.3985103 0.3985757 0.3986414 0.3987075 0.3987741 0.3988413 0.3989094 0.3989785 0.3990489 0.3991206 0.3991940 0.3992692 0.3993464 0.3994260 0.3995081 0.3995932 0.3996813 0.3997729 0.3998682 0.3999676 0.4000715 0.4001801 0.4002938 0.4004131 0.4005382 0.4006697 0.4008080 0.4009534 0.4011064 0.4012675 0.4014372
0.3968489 0.3969323 0.3970145 0.3970956 0.3971756 0.3972546 0.3973324 0.3974093 0.3974851 0.3975599 0.3976338 0.3977067 0.3977788 0.3978501 0.3979205 0.3979903 0.3980593 0.3981278 0.3981957 0.3982632 0.3983304 0.3983973 0.3984640 0.3985307 0.3985975 0.3986644 0.3987317 0.3987994 0.3988677 0.3989368 0.3990068 0.3990779 0.3991503 0.3992242 0.3992997 0.3993772 0.3994568 0.3995388 0.3996235 0.3997111 0.3998019 0.3998962 0.3999943 0.4000965 0.4002032 0.4003148 0.4004315 0.4005539 0.4006821 0.4008168 0.4009582 0.4011069 0.4012633 0.4014278 0.4016010
0.3969266 0.3970097 0.3970918 0.3971728 0.3972528 0.3973317 0.3974097 0.3974867 0.3975627 0.3976378 0.3977120 0.3977854 0.3978580 0.3979298 0.3980009 0.3980714 0.3981413 0.3982107 0.3982796 0.3983482 0.3984165 0.3984847 0.3985528 0.3986209 0.3986891 0.3987576 0.3988265 0.3988960 0.3989661 0.3990371 0.3991091 0.3991822 0.3992567 0.3993328 0.3994106 0.3994905 0.3995725 0.3996570 0.3997442 0.3998345 0.3999279 0.4000250 0.4001259 0.4002310 0.4003406 0.4004552 0.4005750 0.4007003 0.4008317 0.4009696 0.4011142 0.4012662 0.4014259 0.4015938 0.4017704
0.3970071 0.3970901 0.3971720 0.3972530 0.3973330 0.3974120 0.3974901 0.3975673 0.3976436 0.3977191 0.3977937 0.3978676 0.3979408 0.3980133 0.3980851 0.3981564 0.3982272 0.3982976 0.3983676 0.3984374 0.3985069 0.3985764 0.3986459 0.3987155 0.3987853 0.3988554 0.3989261 0.3989973 0.3990694 0.3991423 0.3992163 0.3992916 0.3993683 0.3994466 0.3995268 0.3996091 0.3996936 0.3997807 0.3998705 0.3999634 0.4000596 0.4001594 0.4002632 0.4003713 0.4004838 0.4006014 0.4007242 0.4008527 0.4009872 0.4011282 0.4012761 0.4014314 0.4015944 0.4017656 0.4019456
0.3970904 0.3971733 0.3972553 0.3973363 0.3974164 0.3974955 0.3975739 0.3976513 0.3977280 0.3978038 0.3978790 0.3979535 0.3980273 0.3981005 0.3981732 0.3982454 0.3983172 0.3983886 0.3984598 0.3985308 0.3986017 0.3986725 0.3987435 0.3988146 0.3988861 0.3989580 0.3990304 0.3991036 0.3991776 0.3992525 0.3993286 0.3994061 0.3994851 0.3995658 0.3996484 0.3997331 0.3998202 0.3999099 0.4000024 0.4000980 0.4001970 0.4002997 0.4004064 0.4005173 0.4006329 0.4007535 0.4008794 0.4010110 0.4011487 0.4012929 0.4014441 0.4016026 0.4017689 0.4019435 0.4021268
0.3971767 0.3972596 0.3973415 0.3974227 0.3975029 0.3975823 0.3976609 0.3977387 0.3978158 0.3978921 0.3979678 0.3980430 0.3981175 0.3981915 0.3982652 0.3983383 0.3984112 0.3984838 0.3985562 0.3986285 0.3987007 0.3987731 0.3988456 0.3989184 0.3989916 0.3990653 0.3991396 0.3992147 0.3992908 0.3993679 0.3994462 0.3995259 0.3996072 0.3996903 0.3997754 0.3998627 0.3999524 0.4000447 0.4001400 0.4002384 0.4003403 0.4004459 0.4005555 0.4006695 0.4007881 0.4009117 0.4010408 0.4011755 0.4013164 0.4014638 0.4016182 0.4017800 0.4019496 0.4021275 0.4023142
0.3972659 0.3973488 0.3974309 0.3975122 0.3975926 0.3976723 0.3977512 0.3978295 0.3979070 0.3979840 0.3980604 0.3981362 0.3982116 0.3982865 0.3983611 0.3984353 0.3985093 0.3985831 0.3986569 0.3987306 0.3988043 0.3988782 0.3989524 0.3990269 0.3991019 0.3991775 0.3992538 0.3993310 0.3994091 0.3994884 0.3995690 0.3996511 0.3997348 0.3998204 0.3999080 0.3999979 0.4000903 0.4001854 0.4002835 0.4003847 0.4004895 0.4005981 0.4007107 0.4008277 0.4009494 0.4010762 0.4012084 0.4013464 0.4014905 0.4016411 0.4017988 0.4019638 0.4021367 0.4023179 0.4025080
0.3973581 0.3974411 0.3975234 0.3976049 0.3976856 0.3977657 0.3978450 0.3979238 0.3980019 0.3980795 0.3981566 0.3982333 0.3983095 0.3983854 0.3984610 0.3985364 0.3986117 0.3986868 0.3987619 0.3988371 0.3989124 0.3989880 0.3990639 0.3991402 0.3992171 0.3992947 0.3993730 0.3994523 0.3995326 0.3996142 0.3996972 0.3997817 0.3998679 0.3999560 0.4000463 0.4001389 0.4002340 0.4003319 0.4004329 0.4005371 0.4006448 0.4007564 0.4008721 0.4009922 0.4011171 0.4012471 0.4013824 0.4015236 0.4016710 0.4018249 0.4019858 0.4021542 0.4023304 0.4025150 0.4027084
0.3974533 0.3975366 0.3976191 0.3977009 0.3977820 0.3978624 0.3979423 0.3980216 0.3981004 0.3981787 0.3982566 0.3983341 0.3984114 0.3984884 0.3985651 0.3986418 0.3987183 0.3987948 0.3988715 0.3989482 0.3990252 0.3991024 0.3991802 0.3992584 0.3993373 0.3994169 0.3994974 0.3995788 0.3996615 0.3997454 0.3998308 0.3999178 0.4000066 0.4000974 0.4001903 0.4002857 0.4003837 0.4004844 0.4005883 0.4006955 0.4008063 0.4009210 0.4010398 0.4011631 0.4012912 0.4014244 0.4015630 0.4017075 0.4018582 0.4020154 0.4021796 0.4023513 0.4025308 0.4027188 0.4029155
0.3975517 0.3976352 0.3977180 0.3978001 0.3978816 0.3979626 0.3980430 0.3981229 0.3982025 0.3982816 0.3983604 0.3984389 0.3985173 0.3985954 0.3986734 0.3987513 0.3988293 0.3989073 0.3989854 0.3990639 0.3991426 0.3992217 0.3993013 0.3993815 0.3994624 0.3995442 0.3996269 0.3997107 0.3997957 0.3998820 0.3999699 0.4000595 0.4001510 0.4002445 0.4003402 0.4004384 0.4005393 0.4006431 0.4007500 0.4008602 0.4009741 0.4010920 0.4012140 0.4013405 0.4014719 0.4016083 0.4017503 0.4018981 0.4020521 0.4022127 0.4023803 0.4025553 0.4027382 0.4029295 0.4031296
0.3976531 0.3977369 0.3978201 0.3979026 0.3979846 0.3980662 0.3981473 0.3982279 0.3983082 0.3983883 0.3984681 0.3985477 0.3986271 0.3987065 0.3987858 0.3988651 0.3989446 0.3990242 0.3991040 0.3991841 0.3992647 0.3993457 0.3994273 0.3995096 0.3995927 0.3996767 0.3997616 0.3998478 0.3999353 0.4000242 0.4001147 0.4002069 0.4003011 0.4003974 0.4004960 0.4005972 0.4007010 0.4008078 0.4009178 0.4010312 0.4011483 0.4012694 0.4013947 0.4015245 0.4016592 0.4017990 0.4019444 0.4020956 0.4022530 0.4024170 0.4025880 0.4027665 0.4029528 0.4031474 0.4033509
0.3977576 0.3978418 0.3979254 0.3980085 0.3980911 0.3981732 0.3982551 0.3983365 0.3984178 0.3984988 0.3985796 0.3986604 0.3987410 0.3988217 0.3989024 0.3989833 0.3990643 0.3991456 0.3992271 0.3993091 0.3993916 0.3994746 0.3995583 0.3996427 0.3997281 0.3998143 0.3999017 0.3999904 0.4000804 0.4001719 0.4002651 0.4003601 0.4004571 0.4005563 0.4006579 0.4007620 0.4008689 0.4009788 0.4010920 0.4012086 0.4013290 0.4014534 0.4015820 0.4017152 0.4018533 0.4019966 0.4021454 0.4023000 0.4024609 0.4026284 0.4028029 0.4029848 0.4031746 0.4033727 0.4035795
0.3978653 0.3979499 0.3980340 0.3981177 0.3982009 0.3982838 0.3983664 0.3984488 0.3985310 0.3986131 0.3986951 0.3987771 0.3988591 0.3989412 0.3990234 0.3991058 0.3991885 0.3992715 0.3993550 0.3994389 0.3995233 0.3996085 0.3996943 0.3997810 0.3998686 0.3999574 0.4000472 0.4001384 0.4002310 0.4003253 0.4004212 0.4005191 0.4006190 0.4007211 0.4008257 0.4009330 0.4010431 0.4011562 0.4012726 0.4013925 0.4015162 0.4016440 0.4017761 0.4019127 0.4020543 0.4022011 0.4023534 0.4025116 0.4026761 0.4028471 0.4030252 0.4032106 0.4034039 0.4036055 0.4038158
0.3979762 0.3980613 0.3981459 0.3982302 0.3983142 0.3983979 0.3984814 0.3985648 0.3986481 0.3987313 0.3988146 0.3988979 0.3989813 0.3990649 0.3991487 0.3992328 0.3993173 0.3994021 0.3994875 0.3995734 0.3996600 0.3997473 0.3998354 0.3999244 0.4000145 0.4001057 0.4001981 0.4002920 0.4003873 0.4004843 0.4005831 0.4006839 0.4007868 0.4008921 0.4009998 0.4011102 0.4012235 0.4013399 0.4014597 0.4015830 0.4017102 0.4018414 0.4019770 0.4021172 0.4022623 0.4024127 0.4025686 0.4027305 0.4028986 0.4030733 0.4032549 0.4034440 0.4036409 0.4038460 0.4040599
0.3980902 0.3981759 0.3982612 0.3983462 0.3984310 0.3985156 0.3986000 0.3986845 0.3987689 0.3988534 0.3989380 0.3990227 0.3991077 0.3991928 0.3992784 0.3993642 0.3994506 0.3995374 0.3996248 0.3997128 0.3998016 0.3998911 0.3999816 0.4000731 0.4001656 0.4002594 0.4003546 0.4004511 0.4005493 0.4006492 0.4007509 0.4008547 0.4009607 0.4010691 0.4011800 0.4012937 0.4014103 0.4015301 0.4016533 0.4017801 0.4019108 0.4020456 0.4021848 0.4023286 0.4024774 0.4026315 0.4027911 0.4029567 0.4031285 0.4033069 0.4034923 0.4036851 0.4038857 0.4040945 0.4043120
0.3982073 0.3982937 0.3983797 0.3984655 0.3985512 0.3986368 0.3987223 0.3988079 0.3988936 0.3989794 0.3990654 0.3991517 0.3992383 0.3993251 0.3994124 0.3995002 0.3995885 0.3996773 0.3997668 0.3998571 0.3999481 0.4000401 0.4001330 0.4002270 0.4003222 0.4004186 0.4005165 0.4006159 0.4007170 0.4008198 0.4009246 0.4010315 0.4011407 0.4012523 0.4013665 0.4014836 0.4016036 0.4017269 0.4018536 0.4019839 0.4021182 0.4022567 0.4023995 0.4025471 0.4026996 0.4028575 0.4030209 0.4031903 0.4033659 0.4035482 0.4037374 0.4039340 0.4041384 0.4043510 0.4045722
0.3983277 0.3984147 0.3985015 0.3985882 0.3986749 0.3987615 0.3988483 0.3989351 0.3990222 0.3991094 0.3991970 0.3992848 0.3993731 0.3994618 0.3995510 0.3996407 0.3997310 0.3998220 0.3999138 0.4000063 0.4000997 0.4001941 0.4002896 0.4003862 0.4004841 0.4005833 0.4006841 0.4007864 0.4008904 0.4009964 0.4011043 0.4012144 0.4013268 0.4014418 0.4015594 0.4016798 0.4018034 0.4019302 0.4020605 0.4021945 0.4023325 0.4024747 0.4026213 0.4027727 0.4029291 0.4030909 0.4032582 0.4034315 0.4036110 0.4037972 0.4039904 0.4041909 0.4043992 0.4046157 0.4048408
