data/rasters/evap/evaporation_20000104.ASC
NCOLS                  300
NROWS                  325
XLLCORNER       0.0000000E+00
YLLCORNER        300000.0
CELLSIZE         1000.000
NODATA_VALUE    0.0000000E+00
[rows 176 to 197 of 325, columns 100 to 149 of 300]
5.6197397E-02 5.5652995E-02 5.5118181E-02 5.4591432E-02 5.4071322E-02 5.3556517E-02 5.3045727E-02 5.2537713E-02 5.2031260E-02 5.1525157E-02 5.1018178E-02 5.0509069E-02 4.9996529E-02 4.9479164E-02 4.8955470E-02 4.8423797E-02 4.7882289E-02 4.7328848E-02 4.6761099E-02 4.6176359E-02 4.5571715E-02 4.4944260E-02 4.4291586E-02 4.3612529E-02 4.2907879E-02 4.2180613E-02 4.1435495E-02 4.0678296E-02 3.9915115E-02 3.9151981E-02 3.8394682E-02 3.7648719E-02 3.6919340E-02 3.6211584E-02 3.5530306E-02 3.4880206E-02 3.4265820E-02 3.3691466E-02 3.3161148E-02 3.2678422E-02 3.2246221E-02 3.1866707E-02 3.1541187E-02 3.1270158E-02 3.1053388E-02 3.0890064E-02 3.0778896E-02 3.0718205E-02 3.0705987E-02 3.0739946E-02
5.5467833E-02 5.4933716E-02 5.4409321E-02 5.3893168E-02 5.3383872E-02 5.2880134E-02 5.2380729E-02 5.1884472E-02 5.1390201E-02 5.0896768E-02 5.0403006E-02 4.9907733E-02 4.9409695E-02 4.8907571E-02 4.8399910E-02 4.7885105E-02 4.7361333E-02 4.6826474E-02 4.6278052E-02 4.5713138E-02 4.5128345E-02 4.4519987E-02 4.3884620E-02 4.3220144E-02 4.2527065E-02 4.1808937E-02 4.1071583E-02 4.0321805E-02 3.9566431E-02 3.8811937E-02 3.8064338E-02 3.7329238E-02 3.6611907E-02 3.5917342E-02 3.5250306E-02 3.4615360E-02 3.4016822E-02 3.3458747E-02 3.2944828E-02 3.2478273E-02 3.2061715E-02 3.1697076E-02 3.1385545E-02 3.1127568E-02 3.0922944E-02 3.0770896E-02 3.0670187E-02 3.0619184E-02 3.0615937E-02 3.0658228E-02
5.4756846E-02 5.4232396E-02 5.3717796E-02 5.3211588E-02 5.2712444E-02 5.2219123E-02 5.1730443E-02 5.1245272E-02 5.0762519E-02 5.0281081E-02 4.9799871E-02 4.9317751E-02 4.8833549E-02 4.8346005E-02 4.7853746E-02 4.7355235E-02 4.6848711E-02 4.6332099E-02 4.5802910E-02 4.5258086E-02 4.4693846E-02 4.4105671E-02 4.3488730E-02 4.2839427E-02 4.2157743E-02 4.1448206E-02 4.0718231E-02 3.9975885E-02 3.9228719E-02 3.8483534E-02 3.7746470E-02 3.7023135E-02 3.6318760E-02 3.5638262E-02 3.4986280E-02 3.4367222E-02 3.3785205E-02 3.3244044E-02 3.2747149E-02 3.2297451E-02 3.1897314E-02 3.1548452E-02 3.1251915E-02 3.1008082E-02 3.0816728E-02 3.0677095E-02 3.0587971E-02 3.0547766E-02 3.0554581E-02 3.0606262E-02
5.4065987E-02 5.3550415E-02 5.3044792E-02 5.2547727E-02 5.2057929E-02 5.1574212E-02 5.1095452E-02 5.0620567E-02 5.0148517E-02 4.9678262E-02 4.9208760E-02 4.8738949E-02 4.8267718E-02 4.7793873E-02 4.7316119E-02 4.6833009E-02 4.6342868E-02 4.5843728E-02 4.5333177E-02 4.4808175E-02 4.4264767E-02 4.3697730E-02 4.3100536E-02 4.2467091E-02 4.1796334E-02 4.1094601E-02 4.0371731E-02 3.9637178E-02 3.8899016E-02 3.8164172E-02 3.7438750E-02 3.6728296E-02 3.6037937E-02 3.5372473E-02 3.4736436E-02 3.4134068E-02 3.3569314E-02 3.3045769E-02 3.2566607E-02 3.2134518E-02 3.1751640E-02 3.1419490E-02 3.1138977E-02 3.0910389E-02 3.0733455E-02 3.0607402E-02 3.0531026E-02 3.0502766E-02 3.0520767E-02 3.0582933E-02
5.3396743E-02 5.2889057E-02 5.2391443E-02 5.1902555E-02 5.1421158E-02 5.0946113E-02 5.0476342E-02 5.0010812E-02 4.9548529E-02 4.9088500E-02 4.8629742E-02 4.8171233E-02 4.7711924E-02 4.7250688E-02 4.6786293E-02 4.6317380E-02 4.5842376E-02 4.5359429E-02 4.4866279E-02 4.4360045E-02 4.3836899E-02 4.3291375E-02 4.2715404E-02 4.2098746E-02 4.1437961E-02 4.0743224E-02 4.0027801E-02 3.9302144E-02 3.8574416E-02 3.7851412E-02 3.7139088E-02 3.6442854E-02 3.5767723E-02 3.5118394E-02 3.4499265E-02 3.3914462E-02 3.3367768E-02 3.2862607E-02 3.2401953E-02 3.1988293E-02 3.1623557E-02 3.1309094E-02 3.1045657E-02 3.0833431E-02 3.0672075E-02 3.0560778E-02 3.0498330E-02 3.0483179E-02 3.0513501E-02 3.0587256E-02
5.2750479E-02 5.2249514E-02 5.1758781E-02 5.1276978E-02 5.0802916E-02 5.0335493E-02 4.9873676E-02 4.9416468E-02 4.8962906E-02 4.8512049E-02 4.8062935E-02 4.7614601E-02 4.7166023E-02 4.6716131E-02 4.6263747E-02 4.5807563E-02 4.5346089E-02 4.4877578E-02 4.4399906E-02 4.3910403E-02 4.3405537E-02 4.2880245E-02 4.2326279E-02 4.1727923E-02 4.1075442E-02 4.0388014E-02 3.9681926E-02 3.8967453E-02 3.8252376E-02 3.7543226E-02 3.6845781E-02 3.6165327E-02 3.5506781E-02 3.4874760E-02 3.4273576E-02 3.3707257E-02 3.3179481E-02 3.2693520E-02 3.2252200E-02 3.1857833E-02 3.1512171E-02 3.1216390E-02 3.0971101E-02 3.0776365E-02 3.0631751E-02 3.0536393E-02 3.0489050E-02 3.0488169E-02 3.0531950E-02 3.0618392E-02
5.2128386E-02 5.1632829E-02 5.1147725E-02 5.0671805E-02 5.0203916E-02 4.9742982E-02 4.9287993E-02 4.8837993E-02 4.8392035E-02 4.7949202E-02 4.7508568E-02 4.7069177E-02 4.6630044E-02 4.6190109E-02 4.5748230E-02 4.5303121E-02 4.4853326E-02 4.4397131E-02 4.3932475E-02 4.3456767E-02 4.2966623E-02 4.2457301E-02 4.1921318E-02 4.1341495E-02 4.0698372E-02 4.0022876E-02 3.9330412E-02 3.8630653E-02 3.7931126E-02 3.7238237E-02 3.6557686E-02 3.5894711E-02 3.5254192E-02 3.4640703E-02 3.4058534E-02 3.3511646E-02 3.3003654E-02 3.2537743E-02 3.2116614E-02 3.1742439E-02 3.1416807E-02 3.1140737E-02 3.0914681E-02 3.0738568E-02 3.0611860E-02 3.0533610E-02 3.0502537E-02 3.0517073E-02 3.0575428E-02 3.0675633E-02
5.1531445E-02 5.1039882E-02 5.0559063E-02 5.0087746E-02 4.9624797E-02 4.9169153E-02 4.8719823E-02 4.8275854E-02 4.7836330E-02 4.7400333E-02 4.6966944E-02 4.6535224E-02 4.6104185E-02 4.5672771E-02 4.5239829E-02 4.4804066E-02 4.4363994E-02 4.3917872E-02 4.3463558E-02 4.2998366E-02 4.2518709E-02 4.2019431E-02 4.1492160E-02 4.0921994E-02 4.0300641E-02 3.9645281E-02 3.8971901E-02 3.8290873E-02 3.7610028E-02 3.6935922E-02 3.6274336E-02 3.5630561E-02 3.5009511E-02 3.4415781E-02 3.3853669E-02 3.3327151E-02 3.2839812E-02 3.2394793E-02 3.1994723E-02 3.1641651E-02 3.1337027E-02 3.1081710E-02 3.0875983E-02 3.0719625E-02 3.0611970E-02 3.0551983E-02 3.0538319E-02 3.0569384E-02 3.0643392E-02 3.0758400E-02
5.0960399E-02 5.0471339E-02 4.9993418E-02 4.9525384E-02 4.9066104E-02 4.8614524E-02 4.8169646E-02 4.7730524E-02 4.7296237E-02 4.6865866E-02 4.6438489E-02 4.6013154E-02 4.5588862E-02 4.5164537E-02 4.4738986E-02 4.4310872E-02 4.3878648E-02 4.3440465E-02 4.2994052E-02 4.2536505E-02 4.2063948E-02 4.1570902E-02 4.1049469E-02 4.0490188E-02 3.9890110E-02 3.9258543E-02 3.8608108E-02 3.7949115E-02 3.7289713E-02 3.6636688E-02 3.5995990E-02 3.5373028E-02 3.4772798E-02 3.4199972E-02 3.3658911E-02 3.3153635E-02 3.2687768E-02 3.2264464E-02 3.1886302E-02 3.1555250E-02 3.1272620E-02 3.1039102E-02 3.0854801E-02 3.0719321E-02 3.0631853E-02 3.0591248E-02 3.0596089E-02 3.0644750E-02 3.0735439E-02 3.0866237E-02
5.0415706E-02 4.9927674E-02 4.9451251E-02 4.8985180E-02 4.8528299E-02 4.8079550E-02 4.7637921E-02 4.7202457E-02 4.6772223E-02 4.6346284E-02 4.5923702E-02 4.5503508E-02 4.5084663E-02 4.4666059E-02 4.4246458E-02 4.3824457E-02 4.3398414E-02 4.2966381E-02 4.2525943E-02 4.2074066E-02 4.1606791E-02 4.1118968E-02 4.0604327E-02 4.0057227E-02 3.9476778E-02 3.8868882E-02 3.8242858E-02 3.7607882E-02 3.6971901E-02 3.6341775E-02 3.5723578E-02 3.5122819E-02 3.4544598E-02 3.3993687E-02 3.3474550E-02 3.2991301E-02 3.2547660E-02 3.2146826E-02 3.1791393E-02 3.1483259E-02 3.1223606E-02 3.1012936E-02 3.0851148E-02 3.0737652E-02 3.0671466E-02 3.0651316E-02 3.0675704E-02 3.0742960E-02 3.0851290E-02 3.0998796E-02
4.9897566E-02 4.9409129E-02 4.8932854E-02 4.8467454E-02 4.8011739E-02 4.7564622E-02 4.7125071E-02 4.6692111E-02 4.6264779E-02 4.5842122E-02 4.5423180E-02 4.5006938E-02 4.4592340E-02 4.4178218E-02 4.3763280E-02 4.3346062E-02 4.2924855E-02 4.2497613E-02 4.2061877E-02 4.1614607E-02 4.1152071E-02 4.0669855E-02 4.0163334E-02 3.9629158E-02 3.9067343E-02 3.8482141E-02 3.7880581E-02 3.7270423E-02 3.6659025E-02 3.6053061E-02 3.5458576E-02 3.4881130E-02 3.4325894E-02 3.3797745E-02 3.3301257E-02 3.2840695E-02 3.2419913E-02 3.2042228E-02 3.1710282E-02 3.1425938E-02 3.1190231E-02 3.1003453E-02 3.0865256E-02 3.0774815E-02 3.0730957E-02 3.0732270E-02 3.0777168E-02 3.0863941E-02 3.0990787E-02 3.1155838E-02
4.9405929E-02 4.8915755E-02 4.8438367E-02 4.7972418E-02 4.7516692E-02 4.7070064E-02 4.6631474E-02 4.6199914E-02 4.5774400E-02 4.5353949E-02 4.4937562E-02 4.4524200E-02 4.4112757E-02 4.3702029E-02 4.3290678E-02 4.2877182E-02 4.2459786E-02 4.2036433E-02 4.1604687E-02 4.1161668E-02 4.0704053E-02 4.0228251E-02 3.9730962E-02 3.9210189E-02 3.8666412E-02 3.8102973E-02 3.7525386E-02 3.6940146E-02 3.6353853E-02 3.5772797E-02 3.5202857E-02 3.4649540E-02 3.4118045E-02 3.3613309E-02 3.3140045E-02 3.2702673E-02 3.2305252E-02 3.1951282E-02 3.1643517E-02 3.1383794E-02 3.1172991E-02 3.1011133E-02 3.0897574E-02 3.0831214E-02 3.0810663E-02 3.0834360E-02 3.0900631E-02 3.1007735E-02 3.1153873E-02 3.1337202E-02
4.8940532E-02 4.8447438E-02 4.7967777E-02 4.7500163E-02 4.7043335E-02 4.6596132E-02 4.6157464E-02 4.5726288E-02 4.5301590E-02 4.4882353E-02 4.4467546E-02 4.4056099E-02 4.3646868E-02 4.3238617E-02 4.2829975E-02 4.2419400E-02 4.2005125E-02 4.1585136E-02 4.1157112E-02 4.0718425E-02 4.0266238E-02 3.9797712E-02 3.9310522E-02 3.8803522E-02 3.8277425E-02 3.7735026E-02 3.7180804E-02 3.6620241E-02 3.6059171E-02 3.5503402E-02 3.4958530E-02 3.4429919E-02 3.3922713E-02 3.3441886E-02 3.2992244E-02 3.2578412E-02 3.2204695E-02 3.1874873E-02 3.1591885E-02 3.1357579E-02 3.1172628E-02 3.1036707E-02 3.0948794E-02 3.0907465E-02 3.0911097E-02 3.0957980E-02 3.1046370E-02 3.1174496E-02 3.1340573E-02 3.1542804E-02
4.8500944E-02 4.8003905E-02 4.7520958E-02 4.7050681E-02 4.6591770E-02 4.6143033E-02 4.5703340E-02 4.5271620E-02 4.4846829E-02 4.4427916E-02 4.4013832E-02 4.3603469E-02 4.3195657E-02 4.2789146E-02 4.2382546E-02 4.1974321E-02 4.1562751E-02 4.1145898E-02 4.0721621E-02 4.0287603E-02 3.9841462E-02 3.9381012E-02 3.8904618E-02 3.8411696E-02 3.7903085E-02 3.7381198E-02 3.6849797E-02 3.6313560E-02 3.5777628E-02 3.5247296E-02 3.4727808E-02 3.4224302E-02 3.3741798E-02 3.3285242E-02 3.2859504E-02 3.2469403E-02 3.2119568E-02 3.1814169E-02 3.1556457E-02 3.1348325E-02 3.1190168E-02 3.1081175E-02 3.1019850E-02 3.1004393E-02 3.1032946E-02 3.1103669E-02 3.1214762E-02 3.1364456E-02 3.1550989E-02 3.1772614E-02
4.8086613E-02 4.7584780E-02 4.7097687E-02 4.6623878E-02 4.6162024E-02 4.5710899E-02 4.5269348E-02 4.4836264E-02 4.4410583E-02 4.3991227E-02 4.3577120E-02 4.3167140E-02 4.2760108E-02 4.2354763E-02 4.1949723E-02 4.1543491E-02 4.1134417E-02 4.0720690E-02 4.0300380E-02 3.9871477E-02 3.9432030E-02 3.8980365E-02 3.8515359E-02 3.8036790E-02 3.7545569E-02 3.7043843E-02 3.6534838E-02 3.6022592E-02 3.5511650E-02 3.5006799E-02 3.4512904E-02 3.4034815E-02 3.3577360E-02 3.3145379E-02 3.2743759E-02 3.2377474E-02 3.2051526E-02 3.1770647E-02 3.1538595E-02 3.1357378E-02 3.1226959E-02 3.1145848E-02 3.1111935E-02 3.1123025E-02 3.1177046E-02 3.1272065E-02 3.1406268E-02 3.1577900E-02 3.1785253E-02 3.2026626E-02
4.7696918E-02 4.7189619E-02 4.6697672E-02 4.6219610E-02 4.5754079E-02 4.5299832E-02 4.4855695E-02 4.4420544E-02 4.3993283E-02 4.3572828E-02 4.3158084E-02 4.2747922E-02 4.2341165E-02 4.1936561E-02 4.1532766E-02 4.1128337E-02 4.0721718E-02 4.0311262E-02 3.9895244E-02 3.9471954E-02 3.9039820E-02 3.8597565E-02 3.8144454E-02 3.7680510E-02 3.7206683E-02 3.6724899E-02 3.6237985E-02 3.5749473E-02 3.5263389E-02 3.4784060E-02 3.4315944E-02 3.3863574E-02 3.3431537E-02 3.3024490E-02 3.2647230E-02 3.2304823E-02 3.2002635E-02 3.1746149E-02 3.1540010E-02 3.1386461E-02 3.1284757E-02 3.1232381E-02 3.1226501E-02 3.1264558E-02 3.1344336E-02 3.1463873E-02 3.1621374E-02 3.1815138E-02 3.2043505E-02 3.2304846E-02
4.7331207E-02 4.6817929E-02 4.6320572E-02 4.5837667E-02 4.5367856E-02 4.4909883E-02 4.4462554E-02 4.4024739E-02 4.3595333E-02 4.3173235E-02 4.2757358E-02 4.2346574E-02 4.1939717E-02 4.1535567E-02 4.1132830E-02 4.0730145E-02 4.0326066E-02 3.9919108E-02 3.9507765E-02 3.9090600E-02 3.8666353E-02 3.8234077E-02 3.7793316E-02 3.7344269E-02 3.6887892E-02 3.6425952E-02 3.5960950E-02 3.5496011E-02 3.5034727E-02 3.4580987E-02 3.4138884E-02 3.3712611E-02 3.3306465E-02 3.2924850E-02 3.2572389E-02 3.2254070E-02 3.1975497E-02 3.1743046E-02 3.1562891E-02 3.1437851E-02 3.1365823E-02 3.1342797E-02 3.1365212E-02 3.1430293E-02 3.1535793E-02 3.1679798E-02 3.1860564E-02 3.2076452E-02 3.2325871E-02 3.2607250E-02
4.6988815E-02 4.6469204E-02 4.5966025E-02 4.5477822E-02 4.5003258E-02 4.4541065E-02 4.4090059E-02 4.3649100E-02 4.3217082E-02 4.2792920E-02 4.2375524E-02 4.1963786E-02 4.1556571E-02 4.1152701E-02 4.0750951E-02 4.0350042E-02 3.9948668E-02 3.9545503E-02 3.9139245E-02 3.8728703E-02 3.8312878E-02 3.7891090E-02 3.7463095E-02 3.7029214E-02 3.6590405E-02 3.6148291E-02 3.5705127E-02 3.5263702E-02 3.4827232E-02 3.4399241E-02 3.3983454E-02 3.3583749E-02 3.3204120E-02 3.2848697E-02 3.2521822E-02 3.2228243E-02 3.1973466E-02 3.1764522E-02 3.1610176E-02 3.1514686E-02 3.1473074E-02 3.1479429E-02 3.1529829E-02 3.1621512E-02 3.1752337E-02 3.1920463E-02 3.2124225E-02 3.2362048E-02 3.2632399E-02 3.2933764E-02
4.6669111E-02 4.6142943E-02 4.5633655E-02 4.5139831E-02 4.4660151E-02 4.4193365E-02 4.3738302E-02 4.3293830E-02 4.2858854E-02 4.2432301E-02 4.2013105E-02 4.1600186E-02 4.1192450E-02 4.0788781E-02 4.0388025E-02 3.9989013E-02 3.9590564E-02 3.9191507E-02 3.8790748E-02 3.8387299E-02 3.7980393E-02 3.7569556E-02 3.7154708E-02 3.6736265E-02 3.6315173E-02 3.5892949E-02 3.5471633E-02 3.5053745E-02 3.4642190E-02 3.4240160E-02 3.3851076E-02 3.3478517E-02 3.3126201E-02 3.2797985E-02 3.2497942E-02 3.2230504E-02 3.2000780E-02 3.1815484E-02 3.1686325E-02 3.1621594E-02 3.1609971E-02 3.1644639E-02 3.1721931E-02 3.1839289E-02 3.1994674E-02 3.2186326E-02 3.2412622E-02 3.2672033E-02 3.2963064E-02 3.3284236E-02
4.6371497E-02 4.5838661E-02 4.5323096E-02 4.4823438E-02 4.4338394E-02 4.3866750E-02 4.3407355E-02 4.2959098E-02 4.2520911E-02 4.2091738E-02 4.1670553E-02 4.1256316E-02 4.0847987E-02 4.0444512E-02 4.0044829E-02 3.9647877E-02 3.9252602E-02 3.8857996E-02 3.8463134E-02 3.8067225E-02 3.7669688E-02 3.7270222E-02 3.6868878E-02 3.6466140E-02 3.6062945E-02 3.5660706E-02 3.5261314E-02 3.4867048E-02 3.4480561E-02 3.4104768E-02 3.3742823E-02 3.3398051E-02 3.3073932E-02 3.2774124E-02 3.2502506E-02 3.2263331E-02 3.2061532E-02 3.1903572E-02 3.1801358E-02 3.1764343E-02 3.1779498E-02 3.1840108E-02 3.1942554E-02 3.2084268E-02 3.2263201E-02 3.2477587E-02 3.2725811E-02 3.3006340E-02 3.3317696E-02 3.3658419E-02
4.6095423E-02 4.5555908E-02 4.5034003E-02 4.4528391E-02 4.4037838E-02 4.3561168E-02 4.3097261E-02 4.2645041E-02 4.2203475E-02 4.1771546E-02 4.1348267E-02 4.0932648E-02 4.0523715E-02 4.0120494E-02 3.9722010E-02 3.9327316E-02 3.8935486E-02 3.8545664E-02 3.8157083E-02 3.7769124E-02 3.7381370E-02 3.6993653E-02 3.6606144E-02 3.6219366E-02 3.5834249E-02 3.5452139E-02 3.5074770E-02 3.4704253E-02 3.4343015E-02 3.3993751E-02 3.3659380E-02 3.3343025E-02 3.3047982E-02 3.2777756E-02 3.2536149E-02 3.2327395E-02 3.2156568E-02 3.2030404E-02 3.1958025E-02 3.1943969E-02 3.1982139E-02 3.2066111E-02 3.2191835E-02 3.2356489E-02 3.2557882E-02 3.2794151E-02 3.3063624E-02 3.3364743E-02 3.3696007E-02 3.4055952E-02
4.5840394E-02 4.5294270E-02 4.4766035E-02 4.4254448E-02 4.3758329E-02 4.3276552E-02 4.2808041E-02 4.2351767E-02 4.1906733E-02 4.1471984E-02 4.1046571E-02 4.0629573E-02 4.0220086E-02 3.9817218E-02 3.9420094E-02 3.9027877E-02 3.8639773E-02 3.8255058E-02 3.7873119E-02 3.7493486E-02 3.7115879E-02 3.6740262E-02 3.6366876E-02 3.5996299E-02 3.5629448E-02 3.5267599E-02 3.4912381E-02 3.4565747E-02 3.4229942E-02 3.3907469E-02 3.3601064E-02 3.3313666E-02 3.3048425E-02 3.2808740E-02 3.2598332E-02 3.2421418E-02 3.2282982E-02 3.2189012E-02 3.2145631E-02 3.2155436E-02 3.2215573E-02 3.2321390E-02 3.2468989E-02 3.2655396E-02 3.2878254E-02 3.3135593E-02 3.3425651E-02 3.3746812E-02 3.4097549E-02 3.4476366E-02
