data/rasters/evap/evaporation_20000110.ASC
NCOLS                  300
NROWS                  325
XLLCORNER       0.0000000E+00
YLLCORNER        300000.0
CELLSIZE         1000.000
NODATA_VALUE    0.0000000E+00
[rows 200 to 224 of 325, columns 55 to 109 of 300]
0.4330891 0.4317408 0.4304144 0.4291110 0.4278313 0.4265761 0.4253462 0.4241422 0.4229646 0.4218140 0.4206906 0.4195947 0.4185265 0.4174859 0.4164727 0.4154868 0.4145276 0.4135948 0.4126876 0.4118055 0.4109476 0.4101132 0.4093014 0.4085113 0.4077423 0.4069932 0.4062634 0.4055520 0.4048581 0.4041810 0.4035199 0.4028739 0.4022423 0.4016242 0.4010187 0.4004249 0.3998419 0.3992685 0.3987038 0.3981467 0.3975959 0.3970504 0.3965090 0.3959706 0.3954342 0.3948987 0.3943629 0.3938261 0.3932874 0.3927457 0.3922004 0.3916508 0.3910961 0.3905356 0.3899688
0.4320847 0.4307296 0.4293965 0.4280864 0.4268000 0.4255382 0.4243014 0.4230905 0.4219058 0.4207478 0.4196169 0.4185133 0.4174370 0.4163881 0.4153663 0.4143715 0.4134032 0.4124611 0.4115444 0.4106526 0.4097851 0.4089409 0.4081194 0.4073196 0.4065409 0.4057823 0.4050430 0.4043223 0.4036192 0.4029330 0.4022628 0.4016080 0.4009675 0.4003406 0.3997263 0.3991238 0.3985321 0.3979501 0.3973769 0.3968113 0.3962523 0.3956988 0.3951496 0.3946037 0.3940600 0.3935176 0.3929754 0.3924325 0.3918881 0.3913413 0.3907913 0.3902374 0.3896788 0.3891151 0.3885454
0.4310769 0.4297149 0.4283752 0.4270583 0.4257652 0.4244966 0.4232531 0.4220352 0.4208436 0.4196784 0.4185401 0.4174289 0.4163448 0.4152877 0.4142576 0.4132543 0.4122772 0.4113261 0.4104003 0.4094993 0.4086224 0.4077688 0.4069379 0.4061288 0.4053407 0.4045728 0.4038244 0.4030945 0.4023824 0.4016873 0.4010083 0.4003446 0.3996954 0.3990598 0.3984369 0.3978258 0.3972255 0.3966351 0.3960534 0.3954796 0.3949124 0.3943509 0.3937939 0.3932406 0.3926897 0.3921404 0.3915917 0.3910426 0.3904924 0.3899402 0.3893853 0.3888269 0.3882644 0.3876970 0.3871243
0.4300652 0.4286964 0.4273499 0.4260263 0.4247265 0.4234512 0.4222009 0.4209763 0.4197776 0.4186054 0.4174599 0.4163412 0.4152494 0.4141845 0.4131464 0.4121347 0.4111492 0.4101894 0.4092549 0.4083450 0.4074591 0.4065965 0.4057566 0.4049384 0.4041413 0.4033645 0.4026071 0.4018684 0.4011475 0.4004436 0.3997560 0.3990837 0.3984259 0.3977818 0.3971504 0.3965308 0.3959221 0.3953233 0.3947334 0.3941514 0.3935761 0.3930068 0.3924422 0.3918813 0.3913233 0.3907671 0.3902118 0.3896565 0.3891005 0.3885428 0.3879828 0.3874197 0.3868529 0.3862817 0.3857057
0.4290493 0.4276736 0.4263202 0.4249900 0.4236835 0.4224015 0.4211445 0.4199131 0.4187076 0.4175285 0.4163758 0.4152499 0.4141507 0.4130782 0.4120322 0.4110126 0.4100190 0.4090509 0.4081080 0.4071895 0.4062950 0.4054238 0.4045751 0.4037482 0.4029424 0.4021569 0.4013909 0.4006436 0.3999142 0.3992018 0.3985057 0.3978250 0.3971588 0.3965063 0.3958666 0.3952388 0.3946218 0.3940148 0.3934168 0.3928267 0.3922436 0.3916664 0.3910943 0.3905261 0.3899609 0.3893978 0.3888359 0.3882744 0.3877124 0.3871491 0.3865838 0.3860159 0.3854447 0.3848695 0.3842899
0.4280287 0.4266461 0.4252859 0.4239489 0.4226358 0.4213471 0.4200835 0.4188454 0.4176332 0.4164473 0.4152877 0.4141547 0.4130483 0.4119685 0.4109150 0.4098877 0.4088863 0.4079102 0.4069592 0.4060326 0.4051298 0.4042503 0.4033932 0.4025580 0.4017438 0.4009499 0.4001756 0.3994199 0.3986822 0.3979616 0.3972573 0.3965683 0.3958940 0.3952333 0.3945855 0.3939495 0.3933245 0.3927095 0.3921035 0.3915055 0.3909147 0.3903299 0.3897503 0.3891748 0.3886026 0.3880326 0.3874642 0.3868963 0.3863283 0.3857594 0.3851888 0.3846159 0.3840401 0.3834607 0.3828772
0.4270030 0.4256134 0.4242465 0.4229028 0.4215830 0.4202878 0.4190176 0.4177729 0.4165542 0.4153615 0.4141952 0.4130554 0.4119420 0.4108551 0.4097944 0.4087597 0.4077507 0.4067671 0.4058083 0.4048739 0.4039632 0.4030757 0.4022107 0.4013674 0.4005452 0.3997432 0.3989608 0.3981971 0.3974514 0.3967228 0.3960105 0.3953136 0.3946313 0.3939627 0.3933069 0.3926631 0.3920302 0.3914073 0.3907936 0.3901879 0.3895895 0.3889973 0.3884103 0.3878277 0.3872484 0.3866718 0.3860968 0.3855226 0.3849486 0.3843739 0.3837979 0.3832200 0.3826393 0.3820556 0.3814681
0.4259718 0.4245753 0.4232016 0.4218512 0.4205249 0.4192231 0.4179465 0.4166954 0.4154702 0.4142710 0.4130982 0.4119517 0.4108316 0.4097378 0.4086701 0.4076284 0.4066122 0.4056213 0.4046552 0.4037132 0.4027950 0.4018999 0.4010272 0.4001762 0.3993463 0.3985366 0.3977465 0.3969751 0.3962216 0.3954853 0.3947652 0.3940606 0.3933706 0.3926944 0.3920309 0.3913794 0.3907388 0.3901084 0.3894871 0.3888740 0.3882681 0.3876686 0.3870744 0.3864847 0.3858986 0.3853153 0.3847338 0.3841535 0.3835734 0.3829930 0.3824115 0.3818284 0.3812429 0.3806546 0.3800630
0.4249347 0.4235313 0.4221508 0.4207938 0.4194610 0.4181529 0.4168699 0.4156125 0.4143809 0.4131755 0.4119962 0.4108433 0.4097167 0.4086164 0.4075420 0.4064935 0.4054706 0.4044726 0.4034995 0.4025504 0.4016250 0.4007226 0.3998426 0.3989843 0.3981470 0.3973299 0.3965324 0.3957536 0.3949927 0.3942489 0.3935214 0.3928094 0.3921120 0.3914282 0.3907574 0.3900984 0.3894505 0.3888126 0.3881840 0.3875636 0.3869506 0.3863439 0.3857428 0.3851462 0.3845534 0.3839635 0.3833756 0.3827890 0.3822030 0.3816169 0.3810299 0.3804415 0.3798511 0.3792581 0.3786622
0.4238914 0.4224811 0.4210939 0.4197303 0.4183911 0.4170767 0.4157875 0.4145239 0.4132862 0.4120746 0.4108892 0.4097301 0.4085973 0.4074906 0.4064099 0.4053550 0.4043255 0.4033209 0.4023410 0.4013852 0.4004530 0.3995437 0.3986568 0.3977914 0.3969471 0.3961230 0.3953184 0.3945325 0.3937645 0.3930136 0.3922789 0.3915598 0.3908552 0.3901643 0.3894863 0.3888201 0.3881651 0.3875201 0.3868844 0.3862570 0.3856370 0.3850234 0.3844154 0.3838122 0.3832128 0.3826164 0.3820223 0.3814296 0.3808377 0.3802458 0.3796533 0.3790597 0.3784643 0.3778666 0.3772662
0.4228415 0.4214243 0.4200304 0.4186604 0.4173149 0.4159942 0.4146990 0.4134294 0.4121857 0.4109682 0.4097769 0.4086119 0.4074731 0.4063604 0.4052736 0.4042125 0.4031768 0.4021660 0.4011798 0.4002175 0.3992788 0.3983630 0.3974695 0.3965975 0.3957465 0.3949157 0.3941044 0.3933117 0.3925369 0.3917792 0.3910377 0.3903117 0.3896003 0.3889025 0.3882176 0.3875446 0.3868827 0.3862309 0.3855884 0.3849542 0.3843274 0.3837072 0.3830926 0.3824829 0.3818771 0.3812744 0.3806741 0.3800755 0.3794777 0.3788802 0.3782822 0.3776833 0.3770829 0.3764804 0.3758755
0.4217845 0.4203606 0.4189601 0.4175837 0.4162320 0.4149053 0.4136041 0.4123287 0.4110793 0.4098561 0.4086591 0.4074884 0.4063439 0.4052255 0.4041329 0.4030660 0.4020244 0.4010077 0.4000154 0.3990472 0.3981023 0.3971803 0.3962806 0.3954024 0.3945451 0.3937079 0.3928902 0.3920911 0.3913099 0.3905457 0.3897977 0.3890652 0.3883472 0.3876429 0.3869514 0.3862719 0.3856034 0.3849451 0.3842960 0.3836553 0.3830220 0.3823954 0.3817744 0.3811584 0.3805464 0.3799376 0.3793314 0.3787269 0.3781234 0.3775203 0.3769170 0.3763128 0.3757074 0.3751001 0.3744906
0.4207202 0.4192895 0.4178826 0.4164999 0.4151421 0.4138096 0.4125026 0.4112216 0.4099666 0.4087380 0.4075356 0.4063594 0.4052095 0.4040857 0.4029877 0.4019153 0.4008682 0.3998459 0.3988480 0.3978740 0.3969235 0.3959957 0.3950901 0.3942060 0.3933427 0.3924996 0.3916758 0.3908707 0.3900833 0.3893130 0.3885590 0.3878202 0.3870960 0.3863855 0.3856878 0.3850020 0.3843272 0.3836626 0.3830073 0.3823603 0.3817209 0.3810881 0.3804610 0.3798390 0.3792210 0.3786064 0.3779943 0.3773841 0.3767751 0.3761666 0.3755579 0.3749486 0.3743382 0.3737261 0.3731120
0.4196482 0.4182109 0.4167975 0.4154088 0.4140451 0.4127068 0.4113943 0.4101079 0.4088476 0.4076137 0.4064061 0.4052249 0.4040699 0.4029409 0.4018378 0.4007603 0.3997079 0.3986804 0.3976773 0.3966980 0.3957420 0.3948088 0.3938978 0.3930082 0.3921393 0.3912906 0.3904612 0.3896503 0.3888573 0.3880812 0.3873213 0.3865768 0.3858467 0.3851303 0.3844267 0.3837349 0.3830543 0.3823837 0.3817224 0.3810695 0.3804242 0.3797855 0.3791527 0.3785248 0.3779011 0.3772809 0.3766632 0.3760476 0.3754331 0.3748193 0.3742055 0.3735912 0.3729758 0.3723589 0.3717403
0.4185682 0.4171243 0.4157047 0.4143100 0.4129405 0.4115968 0.4102789 0.4089873 0.4077220 0.4064831 0.4052707 0.4040846 0.4029248 0.4017910 0.4006831 0.3996008 0.3985436 0.3975112 0.3965032 0.3955190 0.3945580 0.3936198 0.3927036 0.3918089 0.3909349 0.3900809 0.3892462 0.3884301 0.3876317 0.3868502 0.3860849 0.3853348 0.3845993 0.3838773 0.3831681 0.3824708 0.3817845 0.3811084 0.3804415 0.3797830 0.3791321 0.3784879 0.3778495 0.3772161 0.3765870 0.3759613 0.3753384 0.3747174 0.3740978 0.3734789 0.3728601 0.3722409 0.3716207 0.3709992 0.3703760
0.4174798 0.4160295 0.4146038 0.4132033 0.4118283 0.4104792 0.4091563 0.4078597 0.4065897 0.4053461 0.4041290 0.4029384 0.4017741 0.4006359 0.3995236 0.3984368 0.3973751 0.3963383 0.3953257 0.3943369 0.3933713 0.3924284 0.3915076 0.3906081 0.3897293 0.3888705 0.3880309 0.3872098 0.3864064 0.3856199 0.3848495 0.3840944 0.3833537 0.3826266 0.3819122 0.3812097 0.3805181 0.3798367 0.3791646 0.3785009 0.3778447 0.3771952 0.3765516 0.3759131 0.3752788 0.3746480 0.3740200 0.3733941 0.3727696 0.3721458 0.3715222 0.3708982 0.3702734 0.3696474 0.3690197
0.4163826 0.4149261 0.4134945 0.4120884 0.4107081 0.4093540 0.4080262 0.4067250 0.4054503 0.4042024 0.4029811 0.4017862 0.4006178 0.3994755 0.3983590 0.3972681 0.3962024 0.3951614 0.3941447 0.3931517 0.3921819 0.3912348 0.3903096 0.3894058 0.3885226 0.3876593 0.3868152 0.3859896 0.3851816 0.3843905 0.3836154 0.3828556 0.3821101 0.3813782 0.3806590 0.3799516 0.3792552 0.3785689 0.3778919 0.3772232 0.3765621 0.3759078 0.3752593 0.3746159 0.3739768 0.3733413 0.3727085 0.3720779 0.3714487 0.3708203 0.3701921 0.3695637 0.3689345 0.3683041 0.3676722
0.4152765 0.4138138 0.4123766 0.4109651 0.4095797 0.4082208 0.4068885 0.4055828 0.4043040 0.4030520 0.4018267 0.4006280 0.3994557 0.3983096 0.3971894 0.3960948 0.3950253 0.3939806 0.3929601 0.3919633 0.3909898 0.3900388 0.3891097 0.3882019 0.3873147 0.3864474 0.3855993 0.3847695 0.3839573 0.3831619 0.3823825 0.3816184 0.3808685 0.3801322 0.3794085 0.3786967 0.3779958 0.3773050 0.3766234 0.3759502 0.3752846 0.3746257 0.3739727 0.3733248 0.3726813 0.3720413 0.3714041 0.3707691 0.3701355 0.3695028 0.3688704 0.3682378 0.3676044 0.3669699 0.3663339
0.4141610 0.4126925 0.4112498 0.4098332 0.4084430 0.4070795 0.4057429 0.4044332 0.4031505 0.4018947 0.4006658 0.3994635 0.3982878 0.3971383 0.3960147 0.3949167 0.3938439 0.3927958 0.3917720 0.3907718 0.3897948 0.3888404 0.3879078 0.3869965 0.3861057 0.3852348 0.3843829 0.3835494 0.3827334 0.3819342 0.3811509 0.3803828 0.3796290 0.3788887 0.3781610 0.3774450 0.3767400 0.3760450 0.3753593 0.3746820 0.3740122 0.3733492 0.3726920 0.3720400 0.3713924 0.3707483 0.3701071 0.3694680 0.3688305 0.3681938 0.3675575 0.3669209 0.3662837 0.3656453 0.3650055
0.4130360 0.4115619 0.4101139 0.4086925 0.4072978 0.4059301 0.4045894 0.4032760 0.4019897 0.4007305 0.3994982 0.3982928 0.3971139 0.3959614 0.3948348 0.3937339 0.3926581 0.3916071 0.3905803 0.3895772 0.3885972 0.3876396 0.3867040 0.3857895 0.3848956 0.3840214 0.3831663 0.3823294 0.3815100 0.3807074 0.3799206 0.3791490 0.3783916 0.3776476 0.3769163 0.3761967 0.3754879 0.3747892 0.3740998 0.3734187 0.3727452 0.3720784 0.3714175 0.3707617 0.3701103 0.3694625 0.3688177 0.3681750 0.3675338 0.3668936 0.3662536 0.3656135 0.3649728 0.3643309 0.3636876
0.4119011 0.4104217 0.4089688 0.4075428 0.4061439 0.4047723 0.4034280 0.4021111 0.4008215 0.3995592 0.3983240 0.3971158 0.3959342 0.3947790 0.3936498 0.3925463 0.3914680 0.3904144 0.3893850 0.3883793 0.3873967 0.3864366 0.3854982 0.3845811 0.3836843 0.3828073 0.3819493 0.3811095 0.3802872 0.3794815 0.3786917 0.3779169 0.3771564 0.3764092 0.3756746 0.3749517 0.3742397 0.3735377 0.3728449 0.3721605 0.3714836 0.3708134 0.3701492 0.3694901 0.3688354 0.3681843 0.3675362 0.3668902 0.3662458 0.3656024 0.3649593 0.3643161 0.3636722 0.3630273 0.3623809
0.4107563 0.4092717 0.4078142 0.4063840 0.4049812 0.4036060 0.4022584 0.4009384 0.3996459 0.3983809 0.3971432 0.3959325 0.3947485 0.3935910 0.3924597 0.3913539 0.3902735 0.3892177 0.3881862 0.3871783 0.3861935 0.3852312 0.3842906 0.3833711 0.3824720 0.3815926 0.3807322 0.3798899 0.3790650 0.3782567 0.3774642 0.3766868 0.3759235 0.3751735 0.3744361 0.3737103 0.3729953 0.3722904 0.3715947 0.3709074 0.3702275 0.3695544 0.3688873 0.3682253 0.3675677 0.3669138 0.3662628 0.3656140 0.3649669 0.3643207 0.3636749 0.3630290 0.3623824 0.3617348 0.3610858
0.4096012 0.4081119 0.4066501 0.4052159 0.4038096 0.4024311 0.4010805 0.3997578 0.3984629 0.3971955 0.3959556 0.3947428 0.3935569 0.3923975 0.3912643 0.3901568 0.3890746 0.3880171 0.3869839 0.3859743 0.3849877 0.3840235 0.3830811 0.3821597 0.3812588 0.3803774 0.3795149 0.3786705 0.3778435 0.3770330 0.3762383 0.3754585 0.3746929 0.3739405 0.3732007 0.3724724 0.3717550 0.3710476 0.3703494 0.3696595 0.3689772 0.3683016 0.3676319 0.3669675 0.3663074 0.3656511 0.3649977 0.3643466 0.3636971 0.3630487 0.3624007 0.3617526 0.3611039 0.3604541 0.3598030
0.4084357 0.4069420 0.4054763 0.4040386 0.4026290 0.4012477 0.3998945 0.3985694 0.3972723 0.3960030 0.3947612 0.3935468 0.3923593 0.3911985 0.3900639 0.3889550 0.3878714 0.3868127 0.3857781 0.3847671 0.3837792 0.3828137 0.3818699 0.3809470 0.3800445 0.3791616 0.3782975 0.3774514 0.3766227 0.3758104 0.3750139 0.3742322 0.3734647 0.3727104 0.3719685 0.3712383 0.3705188 0.3698094 0.3691091 0.3684171 0.3677327 0.3670550 0.3663833 0.3657168 0.3650548 0.3643965 0.3637411 0.3630882 0.3624369 0.3617867 0.3611369 0.3604872 0.3598368 0.3591855 0.3585328
0.4072598 0.4057621 0.4042927 0.4028519 0.4014395 0.4000556 0.3987002 0.3973732 0.3960743 0.3948034 0.3935602 0.3923445 0.3911559 0.3899940 0.3888583 0.3877485 0.3866641 0.3856044 0.3845689 0.3835571 0.3825682 0.3816017 0.3806569 0.3797331 0.3788294 0.3779454 0.3770801 0.3762328 0.3754027 0.3745891 0.3737912 0.3730081 0.3722390 0.3714832 0.3707397 0.3700079 0.3692868 0.3685757 0.3678737 0.3671801 0.3664941 0.3658147 0.3651415 0.3644734 0.3638098 0.3631500 0.3624932 0.3618389 0.3611863 0.3605348 0.3598839 0.3592330 0.3585816 0.3579293 0.3572757
