data/rasters/evap/evaporation_20000101.ASC
NCOLS                  300
NROWS                  325
XLLCORNER       0.0000000E+00
YLLCORNER        300000.0
CELLSIZE         1000.000
NODATA_VALUE    0.0000000E+00
[rows 216 to 239 of 325, columns 110 to 164 of 300]
0.1038268 0.1028675 0.1019461 0.1010621 0.1002148 9.9403687E-02 9.8627910E-02 9.7886771E-02 9.7179540E-02 9.6505433E-02 9.5863700E-02 9.5253587E-02 9.4674386E-02 9.4125435E-02 9.3606144E-02 9.3115970E-02 9.2654452E-02 9.2221163E-02 9.1815710E-02 9.1437720E-02 9.1086797E-02 9.0762533E-02 9.0464488E-02 9.0192191E-02 8.9945130E-02 8.9722745E-02 8.9524448E-02 8.9349620E-02 8.9197583E-02 8.9067653E-02 8.8959098E-02 8.8871159E-02 8.8803053E-02 8.8753961E-02 8.8723056E-02 8.8709481E-02 8.8712372E-02 8.8730827E-02 8.8763945E-02 8.8810816E-02 8.8870525E-02 8.8942140E-02 8.9024737E-02 8.9117400E-02 8.9219213E-02 8.9329265E-02 8.9446664E-02 8.9570530E-02 8.9699998E-02 8.9834213E-02 8.9972347E-02 9.0113588E-02 9.0257123E-02 9.0402178E-02 9.0547971E-02
0.1033984 0.1024531 0.1015457 0.1006753 9.9841498E-02 9.9043489E-02 9.8280586E-02 9.7552031E-02 9.6857041E-02 9.6194834E-02 9.5564581E-02 9.4965518E-02 9.4396874E-02 9.3857974E-02 9.3348205E-02 9.2867047E-02 9.2414051E-02 9.1988854E-02 9.1591090E-02 9.1220431E-02 9.0876520E-02 9.0558991E-02 9.0267420E-02 9.0001360E-02 8.9760311E-02 8.9543737E-02 8.9351058E-02 8.9181647E-02 8.9034848E-02 8.8909961E-02 8.8806272E-02 8.8723011E-02 8.8659398E-02 8.8614613E-02 8.8587828E-02 8.8578179E-02 8.8584788E-02 8.8606775E-02 8.8643216E-02 8.8693209E-02 8.8755816E-02 8.8830128E-02 8.8915214E-02 8.9010149E-02 8.9114025E-02 8.9225940E-02 8.9345001E-02 8.9470334E-02 8.9601092E-02 8.9736424E-02 8.9875519E-02 9.0017579E-02 9.0161808E-02 9.0307437E-02 9.0453714E-02
0.1029823 0.1020513 0.1011578 0.1003013 9.9480942E-02 9.8696180E-02 9.7946256E-02 9.7230397E-02 9.6547782E-02 9.5897585E-02 9.5278941E-02 9.4691016E-02 9.4133019E-02 9.3604214E-02 9.3103990E-02 9.2631839E-02 9.2187352E-02 9.1770202E-02 9.1380090E-02 9.1016732E-02 9.0679824E-02 9.0369023E-02 9.0083942E-02 8.9824148E-02 8.9589156E-02 8.9378446E-02 8.9191429E-02 8.9027502E-02 8.8886000E-02 8.8766232E-02 8.8667467E-02 8.8588953E-02 8.8529907E-02 8.8489495E-02 8.8466898E-02 8.8461235E-02 8.8471636E-02 8.8497207E-02 8.8537030E-02 8.8590182E-02 8.8655740E-02 8.8732779E-02 8.8820368E-02 8.8917591E-02 8.9023523E-02 8.9137271E-02 8.9257948E-02 8.9384697E-02 8.9516655E-02 8.9653008E-02 8.9792944E-02 8.9935675E-02 9.0080433E-02 9.0226457E-02 9.0373002E-02
0.1025777 0.1016610 0.1007817 9.9938951E-02 9.9132225E-02 9.8360807E-02 9.7623952E-02 9.6920885E-02 9.6250750E-02 9.5612682E-02 9.5005766E-02 9.4429098E-02 9.3881823E-02 9.3363173E-02 9.2872508E-02 9.2409335E-02 9.1973312E-02 9.1564171E-02 9.1181673E-02 9.0825595E-02 9.0495683E-02 9.0191625E-02 8.9913063E-02 8.9659572E-02 8.9430690E-02 8.9225888E-02 8.9044608E-02 8.8886231E-02 8.8750094E-02 8.8635519E-02 8.8541761E-02 8.8468075E-02 8.8413663E-02 8.8377707E-02 8.8359363E-02 8.8357769E-02 8.8372029E-02 8.8401251E-02 8.8444509E-02 8.8500880E-02 8.8569440E-02 8.8649236E-02 8.8739358E-02 8.8838868E-02 8.8946857E-02 8.9062415E-02 8.9184679E-02 8.9312777E-02 8.9445867E-02 8.9583136E-02 8.9723796E-02 8.9867055E-02 9.0012170E-02 9.0158395E-02 9.0305008E-02
0.1021838 0.1012816 0.1004163 9.9587508E-02 9.8794430E-02 9.8036408E-02 9.7312696E-02 9.6622497E-02 9.5964938E-02 9.5339112E-02 9.4744042E-02 9.4178751E-02 9.3642294E-02 9.3133852E-02 9.2652746E-02 9.2198528E-02 9.1770917E-02 9.1369718E-02 9.0994798E-02 9.0645984E-02 9.0323068E-02 9.0025783E-02 8.9753769E-02 8.9506648E-02 8.9283936E-02 8.9085132E-02 8.8909656E-02 8.8756904E-02 8.8626221E-02 8.8516913E-02 8.8428251E-02 8.8359475E-02 8.8309787E-02 8.8278361E-02 8.8264354E-02 8.8266894E-02 8.8285096E-02 8.8318035E-02 8.8364795E-02 8.8424452E-02 8.8496052E-02 8.8578656E-02 8.8671334E-02 8.8773154E-02 8.8883191E-02 8.9000560E-02 8.9124367E-02 8.9253761E-02 8.9387909E-02 8.9525998E-02 8.9667253E-02 8.9810908E-02 8.9956224E-02 9.0102471E-02 9.0248935E-02
0.1017998 0.1009120 0.1000610 9.9246062E-02 9.8466650E-02 9.7722054E-02 9.7011514E-02 9.6334241E-02 9.5689334E-02 9.5075846E-02 9.4492741E-02 9.3938947E-02 9.3413420E-02 9.2915229E-02 9.2443690E-02 9.1998369E-02 9.1579095E-02 9.1185786E-02 9.0818405E-02 9.0476856E-02 9.0160958E-02 8.9870483E-02 8.9605100E-02 8.9364402E-02 8.9147948E-02 8.8955216E-02 8.8785641E-02 8.8638611E-02 8.8513471E-02 8.8409528E-02 8.8326044E-02 8.8262260E-02 8.8217385E-02 8.8190578E-02 8.8180996E-02 8.8187762E-02 8.8209972E-02 8.8246711E-02 8.8297047E-02 8.8360041E-02 8.8434748E-02 8.8520207E-02 8.8615477E-02 8.8719629E-02 8.8831730E-02 8.8950880E-02 8.9076206E-02 8.9206845E-02 8.9341976E-02 8.9480802E-02 8.9622542E-02 8.9766450E-02 8.9911811E-02 9.0057902E-02 9.0204038E-02
0.1014249 0.1005516 9.9714771E-02 9.8913774E-02 9.8148018E-02 9.7416826E-02 9.6719466E-02 9.6055120E-02 9.5422901E-02 9.4821818E-02 9.4250783E-02 9.3708627E-02 9.3194149E-02 9.2706285E-02 9.2244275E-02 9.1807783E-02 9.1396756E-02 9.1011286E-02 9.0651423E-02 9.0317152E-02 9.0008341E-02 8.9724749E-02 8.9466065E-02 8.9231901E-02 8.9021802E-02 8.8835247E-02 8.8671669E-02 8.8530459E-02 8.8410959E-02 8.8312477E-02 8.8234268E-02 8.8175580E-02 8.8135600E-02 8.8113509E-02 8.8108435E-02 8.8119507E-02 8.8145822E-02 8.8186435E-02 8.8240430E-02 8.8306837E-02 8.8384703E-02 8.8473074E-02 8.8570982E-02 8.8677488E-02 8.8791661E-02 8.8912599E-02 8.9039415E-02 8.9171261E-02 8.9307301E-02 8.9446768E-02 8.9588888E-02 8.9732930E-02 8.9878179E-02 9.0023957E-02 9.0169571E-02
0.1010585 0.1001997 9.9376947E-02 9.8589823E-02 9.7837679E-02 9.7119845E-02 9.6435606E-02 9.5784158E-02 9.5164612E-02 9.4575964E-02 9.4017074E-02 9.3486682E-02 9.2983387E-02 9.2505917E-02 9.2053413E-02 9.1625631E-02 9.1222763E-02 9.0845086E-02 9.0492770E-02 9.0165839E-02 8.9864187E-02 8.9587592E-02 8.9335732E-02 8.9108214E-02 8.8904589E-02 8.8724323E-02 8.8566862E-02 8.8431582E-02 8.8317834E-02 8.8224910E-02 8.8152081E-02 8.8098578E-02 8.8063598E-02 8.8046305E-02 8.8045843E-02 8.8061310E-02 8.8091806E-02 8.8136390E-02 8.8194117E-02 8.8264018E-02 8.8345118E-02 8.8436447E-02 8.8537045E-02 8.8645950E-02 8.8762216E-02 8.8884935E-02 8.9013219E-02 8.9146219E-02 8.9283124E-02 8.9423142E-02 8.9565538E-02 8.9709587E-02 8.9854598E-02 8.9999899E-02 9.0144828E-02
0.1006999 9.9855416E-02 9.9046789E-02 9.8273456E-02 9.7534835E-02 9.6830264E-02 9.6159048E-02 9.5520392E-02 9.4913423E-02 9.4337150E-02 9.3790427E-02 9.3271896E-02 9.2779964E-02 9.2312984E-02 9.1869898E-02 9.1450691E-02 9.1055907E-02 9.0686038E-02 9.0341344E-02 9.0021886E-02 8.9727536E-02 8.9458078E-02 8.9213185E-02 8.8992462E-02 8.8795438E-02 8.8621594E-02 8.8470370E-02 8.8341139E-02 8.8233247E-02 8.8145994E-02 8.8078648E-02 8.8030435E-02 8.8000543E-02 8.7988153E-02 8.7992385E-02 8.8012345E-02 8.8047117E-02 8.8095754E-02 8.8157296E-02 8.8230766E-02 8.8315181E-02 8.8409550E-02 8.8512883E-02 8.8624224E-02 8.8742606E-02 8.8867120E-02 8.8996865E-02 8.9130990E-02 8.9268692E-02 8.9409195E-02 8.9551769E-02 8.9695714E-02 8.9840353E-02 8.9985035E-02 9.0129130E-02
0.1003484 9.9518232E-02 9.8723598E-02 9.7963959E-02 9.7238734E-02 9.6547291E-02 9.5888935E-02 9.5262900E-02 9.4668336E-02 9.4104275E-02 9.3569599E-02 9.3062937E-02 9.2582531E-02 9.2126198E-02 9.1692396E-02 9.1281593E-02 9.0894900E-02 9.0532966E-02 9.0196088E-02 8.9884289E-02 8.9597449E-02 8.9335315E-02 8.9097567E-02 8.8883787E-02 8.8693522E-02 8.8526249E-02 8.8381380E-02 8.8258319E-02 8.8156402E-02 8.8074930E-02 8.8013165E-02 8.7970339E-02 8.7945648E-02 8.7938242E-02 8.7947264E-02 8.7971814E-02 8.8010952E-02 8.8063732E-02 8.8129178E-02 8.8206306E-02 8.8294111E-02 8.8391580E-02 8.8497728E-02 8.8611551E-02 8.8732086E-02 8.8858403E-02 8.8989601E-02 8.9124829E-02 8.9263275E-02 8.9404188E-02 8.9546852E-02 8.9690581E-02 8.9834735E-02 8.9978673E-02 9.0121791E-02
0.1000035 9.9187508E-02 9.8406754E-02 9.7660676E-02 9.6948698E-02 9.6270196E-02 9.5624492E-02 9.5010832E-02 9.4428405E-02 9.3876265E-02 9.3353331E-02 9.2858300E-02 9.2389435E-02 9.1943979E-02 9.1519214E-02 9.1116816E-02 9.0738446E-02 9.0384766E-02 9.0055995E-02 8.9752138E-02 8.9473046E-02 8.9218467E-02 8.8988051E-02 8.8781409E-02 8.8598065E-02 8.8437490E-02 8.8299125E-02 8.8182360E-02 8.8086523E-02 8.8010937E-02 8.7954856E-02 8.7917514E-02 8.7898105E-02 8.7895796E-02 8.7909698E-02 8.7938912E-02 8.7982513E-02 8.8039525E-02 8.8108972E-02 8.8189840E-02 8.8281117E-02 8.8381782E-02 8.8490799E-02 8.8607170E-02 8.8729896E-02 8.8858046E-02 8.8990696E-02 8.9126997E-02 8.9266151E-02 8.9407407E-02 8.9550078E-02 8.9693494E-02 8.9837044E-02 8.9980125E-02 9.0122148E-02
9.9664524E-02 9.8862693E-02 9.8095693E-02 9.7363010E-02 9.6664093E-02 9.5998324E-02 9.5365033E-02 9.4763473E-02 9.4192833E-02 9.3652196E-02 9.3140490E-02 9.2656463E-02 9.2198469E-02 9.1763765E-02 9.1348156E-02 9.0954818E-02 9.0585396E-02 9.0240456E-02 8.9920200E-02 8.9624621E-02 8.9353561E-02 8.9106768E-02 8.8883907E-02 8.8684581E-02 8.8508315E-02 8.8354595E-02 8.8222869E-02 8.8112511E-02 8.8022873E-02 8.7953269E-02 8.7902971E-02 8.7871209E-02 8.7857172E-02 8.7860033E-02 8.7878898E-02 8.7912880E-02 8.7961018E-02 8.8022359E-02 8.8095888E-02 8.8180594E-02 8.8275440E-02 8.8379368E-02 8.8491343E-02 8.8610321E-02 8.8735297E-02 8.8865303E-02 8.8999420E-02 8.9136787E-02 8.9276604E-02 8.9418143E-02 8.9560732E-02 8.9703746E-02 8.9846596E-02 8.9988708E-02 9.0129532E-02
9.9331141E-02 9.8543279E-02 9.7789884E-02 9.7070448E-02 9.6384399E-02 9.5731139E-02 9.5109992E-02 9.4520219E-02 9.3961000E-02 9.3431406E-02 9.2930347E-02 9.2456520E-02 9.2008166E-02 9.1582656E-02 9.1177747E-02 9.0794668E-02 9.0434954E-02 9.0099320E-02 8.9788012E-02 8.9501053E-02 8.9238316E-02 8.8999555E-02 8.8784456E-02 8.8592626E-02 8.8423602E-02 8.8276878E-02 8.8151902E-02 8.8048071E-02 8.7964743E-02 8.7901220E-02 8.7856792E-02 8.7830685E-02 8.7822102E-02 8.7830208E-02 8.7854125E-02 8.7892942E-02 8.7945707E-02 8.8011451E-02 8.8089161E-02 8.8177793E-02 8.8276289E-02 8.8383585E-02 8.8498600E-02 8.8620268E-02 8.8747554E-02 8.8879459E-02 8.9015052E-02 8.9153469E-02 8.9293912E-02 8.9435682E-02 8.9578122E-02 8.9720637E-02 8.9862689E-02 9.0003744E-02 9.0143271E-02
9.9002846E-02 9.8228835E-02 9.7488888E-02 9.6782513E-02 9.6109144E-02 9.5468171E-02 9.4858915E-02 9.4280630E-02 9.3732484E-02 9.3213528E-02 9.2722647E-02 9.2258483E-02 9.1819339E-02 9.1403216E-02 9.1008775E-02 9.0636335E-02 9.0286836E-02 8.9960940E-02 8.9658938E-02 8.9380905E-02 8.9126751E-02 8.8896252E-02 8.8689104E-02 8.8504933E-02 8.8343300E-02 8.8203698E-02 8.8085592E-02 8.7988392E-02 8.7911449E-02 8.7854095E-02 8.7815613E-02 8.7795235E-02 8.7792180E-02 8.7805599E-02 8.7834626E-02 8.7878354E-02 8.7935820E-02 8.8006049E-02 8.8088013E-02 8.8180669E-02 8.8282913E-02 8.8393666E-02 8.8511810E-02 8.8636249E-02 8.8765912E-02 8.8899769E-02 8.9036867E-02 8.9176327E-02 8.9317374E-02 8.9459307E-02 8.9601524E-02 8.9743473E-02 8.9884639E-02 9.0024546E-02 9.0162709E-02
9.8679267E-02 9.7918950E-02 9.7192310E-02 9.6498825E-02 9.5837943E-02 9.5209040E-02 9.4611444E-02 9.4044402E-02 9.3507051E-02 9.2998438E-02 9.2517450E-02 9.2062771E-02 9.1632895E-02 9.1226339E-02 9.0842135E-02 9.0480216E-02 9.0141058E-02 8.9825116E-02 8.9532666E-02 8.9263789E-02 8.9018412E-02 8.8796355E-02 8.8597320E-02 8.8420950E-02 8.8266827E-02 8.8134468E-02 8.8023327E-02 8.7932833E-02 8.7862365E-02 8.7811247E-02 8.7778769E-02 8.7764181E-02 8.7766707E-02 8.7785497E-02 8.7819695E-02 8.7868385E-02 8.7930612E-02 8.8005394E-02 8.8091694E-02 8.8188447E-02 8.8294536E-02 8.8408843E-02 8.8530220E-02 8.8657528E-02 8.8789649E-02 8.8925518E-02 8.9064144E-02 8.9204654E-02 8.9346267E-02 8.9488320E-02 8.9630239E-02 8.9771532E-02 8.9911737E-02 9.0050422E-02 9.0187155E-02
9.8360039E-02 9.7613297E-02 9.6899807E-02 9.6219055E-02 9.5570482E-02 9.4953470E-02 9.4367333E-02 9.3811311E-02 9.3284562E-02 9.2786118E-02 9.2314899E-02 9.1869704E-02 9.1449231E-02 9.1052324E-02 9.0678193E-02 9.0326600E-02 8.9997709E-02 8.9691773E-02 8.9408979E-02 8.9149393E-02 8.8912942E-02 8.8699445E-02 8.8508643E-02 8.8340193E-02 8.8193677E-02 8.8068634E-02 8.7964542E-02 8.7880827E-02 8.7816879E-02 8.7772049E-02 8.7745622E-02 8.7736875E-02 8.7745011E-02 8.7769210E-02 8.7808616E-02 8.7862313E-02 8.7929353E-02 8.8008739E-02 8.8099442E-02 8.8200361E-02 8.8310383E-02 8.8428341E-02 8.8553056E-02 8.8683337E-02 8.8818006E-02 8.8955954E-02 8.9096159E-02 8.9237720E-02 8.9379869E-02 8.9521982E-02 8.9663535E-02 8.9804091E-02 8.9943267E-02 9.0080671E-02 9.0215921E-02
9.8044880E-02 9.7311564E-02 9.6611083E-02 9.5942907E-02 9.5306493E-02 9.4701208E-02 9.4126374E-02 9.3581229E-02 9.3064941E-02 9.2576571E-02 9.2115104E-02 9.1679439E-02 9.1268480E-02 9.0881251E-02 9.0517074E-02 9.0175614E-02 8.9856848E-02 8.9560859E-02 8.9287736E-02 8.9037478E-02 8.8810012E-02 8.8605165E-02 8.8422671E-02 8.8262200E-02 8.8123366E-02 8.8005699E-02 8.7908700E-02 8.7831818E-02 8.7774433E-02 8.7735921E-02 8.7715574E-02 8.7712675E-02 8.7726444E-02 8.7756075E-02 8.7800704E-02 8.7859429E-02 8.7931305E-02 8.8015340E-02 8.8110484E-02 8.8215642E-02 8.8329673E-02 8.8451378E-02 8.8579535E-02 8.8712893E-02 8.8850223E-02 8.8990338E-02 8.9132167E-02 8.9274786E-02 8.9417443E-02 8.9559555E-02 8.9700662E-02 8.9840412E-02 8.9978486E-02 9.0114564E-02 9.0248317E-02
9.7733498E-02 9.7013496E-02 9.6325882E-02 9.5670156E-02 9.5045760E-02 9.4452068E-02 9.3888409E-02 9.3354031E-02 9.2848122E-02 9.2369795E-02 9.1918088E-02 9.1492020E-02 9.1090634E-02 9.0713084E-02 9.0358756E-02 9.0027265E-02 8.9718461E-02 8.9432307E-02 8.9168780E-02 8.8927843E-02 8.8709369E-02 8.8513188E-02 8.8339038E-02 8.8186592E-02 8.8055462E-02 8.7945208E-02 8.7855332E-02 8.7785289E-02 8.7734483E-02 8.7702297E-02 8.7688036E-02 8.7690994E-02 8.7710395E-02 8.7745450E-02 8.7795295E-02 8.7859049E-02 8.7935776E-02 8.8024460E-02 8.8124081E-02 8.8233516E-02 8.8351615E-02 8.8477157E-02 8.8608861E-02 8.8745423E-02 8.8885523E-02 8.9027904E-02 8.9171417E-02 8.9315109E-02 8.9458227E-02 8.9600265E-02 8.9740857E-02 8.9879729E-02 9.0016648E-02 9.0151370E-02 9.0283610E-02
9.7425677E-02 9.6718855E-02 9.6043989E-02 9.5400594E-02 9.4788097E-02 9.4205886E-02 9.3653306E-02 9.3129620E-02 9.2634045E-02 9.2165738E-02 9.1723815E-02 9.1307387E-02 9.0915605E-02 9.0547718E-02 9.0203144E-02 8.9881472E-02 8.9582473E-02 8.9306012E-02 8.9051984E-02 8.8820286E-02 8.8610768E-02 8.8423237E-02 8.8257417E-02 8.8112988E-02 8.7989569E-02 8.7886721E-02 8.7803967E-02 8.7740764E-02 8.7696530E-02 8.7670654E-02 8.7662466E-02 8.7671250E-02 8.7696262E-02 8.7736711E-02 8.7791756E-02 8.7860517E-02 8.7942049E-02 8.8035382E-02 8.8139467E-02 8.8253200E-02 8.8375412E-02 8.8504843E-02 8.8640198E-02 8.8780075E-02 8.8923089E-02 8.9067854E-02 8.9213125E-02 8.9357890E-02 8.9501433E-02 8.9643322E-02 8.9783303E-02 8.9921229E-02 9.0056971E-02 9.0190336E-02 9.0321094E-02
9.7121209E-02 9.6427441E-02 9.5765218E-02 9.5134027E-02 9.4533332E-02 9.3962513E-02 9.3420930E-02 9.2907883E-02 9.2422612E-02 9.1964327E-02 9.1532208E-02 9.1125451E-02 9.0743281E-02 9.0385012E-02 9.0050094E-02 8.9738108E-02 8.9448757E-02 8.9181833E-02 8.8937171E-02 8.8714615E-02 8.8513978E-02 8.8335030E-02 8.8177495E-02 8.8041052E-02 8.7925315E-02 8.7829851E-02 8.7754183E-02 8.7697797E-02 8.7660104E-02 8.7640502E-02 8.7638341E-02 8.7652914E-02 8.7683491E-02 8.7729283E-02 8.7789468E-02 8.7863170E-02 8.7949470E-02 8.8047400E-02 8.8155918E-02 8.8273920E-02 8.8400237E-02 8.8533610E-02 8.8672675E-02 8.8816002E-02 8.8962063E-02 8.9109354E-02 8.9256473E-02 8.9402325E-02 8.9546226E-02 8.9687862E-02 8.9827150E-02 8.9964092E-02 9.0098642E-02 9.0230681E-02 9.0360023E-02
9.6819900E-02 9.6139088E-02 9.5489390E-02 9.4870314E-02 9.4281323E-02 9.3721822E-02 9.3191177E-02 9.2688717E-02 9.2213728E-02 9.1765463E-02 9.1343157E-02 9.0946071E-02 9.0573497E-02 9.0224802E-02 8.9899443E-02 8.9597009E-02 8.9317150E-02 8.9059614E-02 8.8824175E-02 8.8610642E-02 8.8418767E-02 8.8248320E-02 8.8099003E-02 8.7970473E-02 8.7862357E-02 8.7774225E-02 8.7705597E-02 8.7655962E-02 8.7624758E-02 8.7611377E-02 8.7615177E-02 8.7635472E-02 8.7671533E-02 8.7722592E-02 8.7787837E-02 8.7866403E-02 8.7957382E-02 8.8059820E-02 8.8172689E-02 8.8294894E-02 8.8425279E-02 8.8562571E-02 8.8705406E-02 8.8852264E-02 8.9001529E-02 8.9151502E-02 8.9300580E-02 8.9447521E-02 8.9591689E-02 8.9732967E-02 8.9871496E-02 9.0007432E-02 9.0140827E-02 9.0271629E-02 9.0399668E-02
9.6521594E-02 9.5853627E-02 9.5216356E-02 9.4609305E-02 9.4031930E-02 9.3483672E-02 9.2963919E-02 9.2472009E-02 9.2007279E-02 9.1569014E-02 9.1156520E-02 9.0769097E-02 9.0406083E-02 9.0066895E-02 8.9751013E-02 8.9457989E-02 8.9187481E-02 8.8939175E-02 8.8712811E-02 8.8508144E-02 8.8324919E-02 8.8162862E-02 8.8021651E-02 8.7900952E-02 8.7800376E-02 8.7719493E-02 8.7657832E-02 8.7614879E-02 8.7590083E-02 8.7582842E-02 8.7592520E-02 8.7618448E-02 8.7659895E-02 8.7716125E-02 8.7786309E-02 8.7869622E-02 8.7965161E-02 8.8071987E-02 8.8189080E-02 8.8315375E-02 8.8449717E-02 8.8590853E-02 8.8737413E-02 8.8887855E-02 8.9040458E-02 8.9193314E-02 8.9344494E-02 8.9492522E-02 8.9636840E-02 8.9777634E-02 8.9915358E-02 9.0050325E-02 9.0182684E-02 9.0312392E-02 9.0439297E-02
9.6226141E-02 9.5570914E-02 9.4945982E-02 9.4350860E-02 9.3785033E-02 9.3247950E-02 9.2739031E-02 9.2257634E-02 9.1803133E-02 9.1374859E-02 9.0972148E-02 9.0594351E-02 9.0240866E-02 8.9911111E-02 8.9604594E-02 8.9320868E-02 8.9059554E-02 8.8820323E-02 8.8602878E-02 8.8406935E-02 8.8232212E-02 8.8078409E-02 8.7945193E-02 8.7832212E-02 8.7739073E-02 8.7665342E-02 8.7610550E-02 8.7574184E-02 8.7555692E-02 8.7554492E-02 8.7569945E-02 8.7601386E-02 8.7648116E-02 8.7709375E-02 8.7784380E-02 8.7872297E-02 8.7972239E-02 8.8083282E-02 8.8204429E-02 8.8334627E-02 8.8472754E-02 8.8617571E-02 8.8767722E-02 8.8921688E-02 8.9077696E-02 8.9233637E-02 8.9387134E-02 8.9536220E-02 8.9680500E-02 8.9820720E-02 8.9957684E-02 9.0091839E-02 9.0223365E-02 9.0352215E-02 9.0478227E-02
9.5933415E-02 9.5290825E-02 9.4678126E-02 9.4094850E-02 9.3540497E-02 9.3014531E-02 9.2516385E-02 9.2045464E-02 9.1601156E-02 9.1182835E-02 9.0789884E-02 9.0421677E-02 9.0077654E-02 8.9757256E-02 8.9459993E-02 8.9185432E-02 8.8933170E-02 8.8702857E-02 8.8494167E-02 8.8306800E-02 8.8140428E-02 8.7994739E-02 8.7869383E-02 8.7763995E-02 8.7678164E-02 8.7611474E-02 8.7563433E-02 8.7533534E-02 8.7521233E-02 8.7525949E-02 8.7547056E-02 8.7583892E-02 8.7635756E-02 8.7701909E-02 8.7781571E-02 8.7873921E-02 8.7978080E-02 8.8093139E-02 8.8218123E-02 8.8351995E-02 8.8493645E-02 8.8641867E-02 8.8795356E-02 8.8952616E-02 8.9111917E-02 8.9271069E-02 8.9427173E-02 8.9577258E-02 8.9721285E-02 8.9860968E-02 8.9997396E-02 9.0131052E-02 9.0262070E-02 9.0390384E-02 9.0515800E-02
