data/rasters/evap/evaporation_20000101.ASC
NCOLS                  300
NROWS                  325
XLLCORNER       0.0000000E+00
YLLCORNER        300000.0
CELLSIZE         1000.000
NODATA_VALUE    0.0000000E+00
[rows 72 to 95 of 325, columns 165 to 219 of 300]
0.3652208 0.3634611 0.3616714 0.3598523 0.3580041 0.3561272 0.3542219 0.3522886 0.3503276 0.3483391 0.3463236 0.3442814 0.3422129 0.3401184 0.3379986 0.3358539 0.3336850 0.3314925 0.3292771 0.3270397 0.3247810 0.3225021 0.3202040 0.3178878 0.3155545 0.3132054 0.3108418 0.3084649 0.3060762 0.3036770 0.3012687 0.2988528 0.2964308 0.2940041 0.2915743 0.2891427 0.2867109 0.2842804 0.2818525 0.2794288 0.2770104 0.2745990 0.2721956 0.2698017 0.2674185 0.2650472 0.2626889 0.2603448 0.2580160 0.2557035 0.2534084 0.2511316 0.2488740 0.2466366 0.2444202
0.3639290 0.3621668 0.3603749 0.3585537 0.3567037 0.3548253 0.3529187 0.3509843 0.3490225 0.3470334 0.3450176 0.3429753 0.3409069 0.3388129 0.3366937 0.3345498 0.3323819 0.3301907 0.3279767 0.3257408 0.3234839 0.3212068 0.3189106 0.3165963 0.3142651 0.3119182 0.3095568 0.3071822 0.3047958 0.3023989 0.2999931 0.2975798 0.2951604 0.2927365 0.2903095 0.2878810 0.2854524 0.2830252 0.2806009 0.2781809 0.2757666 0.2733593 0.2709604 0.2685712 0.2661930 0.2638269 0.2614742 0.2591360 0.2568133 0.2545072 0.2522188 0.2499489 0.2476985 0.2454685 0.2432597
0.3626064 0.3608424 0.3590488 0.3572262 0.3553751 0.3534956 0.3515883 0.3496534 0.3476913 0.3457022 0.3436866 0.3416447 0.3395769 0.3374838 0.3353656 0.3332230 0.3310566 0.3288669 0.3266547 0.3244206 0.3221657 0.3198907 0.3175966 0.3152845 0.3129556 0.3106109 0.3082518 0.3058796 0.3034956 0.3011013 0.2986980 0.2962873 0.2938707 0.2914496 0.2890256 0.2866002 0.2841749 0.2817512 0.2793305 0.2769144 0.2745042 0.2721013 0.2697071 0.2673228 0.2649498 0.2625892 0.2602423 0.2579101 0.2555938 0.2532944 0.2510129 0.2487503 0.2465074 0.2442851 0.2420843
0.3612523 0.3594870 0.3576925 0.3558691 0.3540173 0.3521376 0.3502301 0.3482953 0.3463335 0.3443449 0.3423300 0.3402891 0.3382225 0.3361306 0.3340140 0.3318731 0.3297085 0.3275208 0.3253106 0.3230788 0.3208261 0.3185534 0.3162617 0.3139520 0.3116255 0.3092833 0.3069266 0.3045569 0.3021754 0.2997837 0.2973830 0.2949750 0.2925612 0.2901430 0.2877221 0.2852998 0.2828779 0.2804578 0.2780409 0.2756288 0.2732229 0.2708245 0.2684351 0.2660559 0.2636883 0.2613335 0.2589926 0.2566667 0.2543571 0.2520646 0.2497903 0.2475352 0.2453001 0.2430858 0.2408932
0.3598658 0.3581000 0.3563051 0.3544816 0.3526300 0.3507505 0.3488435 0.3469095 0.3449486 0.3429611 0.3409475 0.3389080 0.3368431 0.3347531 0.3326384 0.3304997 0.3283373 0.3261519 0.3239442 0.3217148 0.3194647 0.3171946 0.3149054 0.3125984 0.3102745 0.3079349 0.3055808 0.3032137 0.3008349 0.2984457 0.2960478 0.2936426 0.2912316 0.2888164 0.2863985 0.2839796 0.2815611 0.2791446 0.2767317 0.2743237 0.2719222 0.2695285 0.2671441 0.2647702 0.2624082 0.2600592 0.2577246 0.2554053 0.2531025 0.2508172 0.2485504 0.2463031 0.2440760 0.2418700 0.2396860
0.3584460 0.3566805 0.3548860 0.3530632 0.3512123 0.3493339 0.3474281 0.3454953 0.3435359 0.3415502 0.3395385 0.3375010 0.3354383 0.3333506 0.3312384 0.3291022 0.3269425 0.3247599 0.3225550 0.3203284 0.3180811 0.3158139 0.3135276 0.3112233 0.3089022 0.3065653 0.3042141 0.3018496 0.2994735 0.2970871 0.2946920 0.2922896 0.2898815 0.2874693 0.2850546 0.2826390 0.2802241 0.2778114 0.2754024 0.2729987 0.2706017 0.2682128 0.2658335 0.2634651 0.2611088 0.2587660 0.2564378 0.2541253 0.2518296 0.2495518 0.2472927 0.2450534 0.2428347 0.2406373 0.2384620
0.3569924 0.3552279 0.3534347 0.3516132 0.3497639 0.3478871 0.3459832 0.3440524 0.3420952 0.3401117 0.3381024 0.3360676 0.3340076 0.3319227 0.3298135 0.3276804 0.3255238 0.3233443 0.3211426 0.3189192 0.3166751 0.3144110 0.3121278 0.3098266 0.3075084 0.3051744 0.3028260 0.3004644 0.2980911 0.2957075 0.2933151 0.2909156 0.2885105 0.2861014 0.2836900 0.2812778 0.2788664 0.2764575 0.2740526 0.2716533 0.2692609 0.2668770 0.2645030 0.2621402 0.2597899 0.2574534 0.2551318 0.2528263 0.2505379 0.2482677 0.2460167 0.2437857 0.2415755 0.2393870 0.2372209
0.3555042 0.3537416 0.3519505 0.3501312 0.3482842 0.3464097 0.3445083 0.3425803 0.3406258 0.3386453 0.3366390 0.3346073 0.3325506 0.3304691 0.3283634 0.3262337 0.3240807 0.3219048 0.3197066 0.3174868 0.3152462 0.3129855 0.3107056 0.3084076 0.3060926 0.3037618 0.3014163 0.2990577 0.2966872 0.2943065 0.2919170 0.2895204 0.2871183 0.2847123 0.2823041 0.2798954 0.2774877 0.2750827 0.2726820 0.2702870 0.2678995 0.2655206 0.2631520 0.2607950 0.2584508 0.2561208 0.2538060 0.2515077 0.2492269 0.2469647 0.2447219 0.2424994 0.2402981 0.2381188 0.2359620
0.3539810 0.3522213 0.3504330 0.3486167 0.3467727 0.3449014 0.3430032 0.3410784 0.3391274 0.3371504 0.3351477 0.3331198 0.3310669 0.3289893 0.3268875 0.3247618 0.3226128 0.3204409 0.3182467 0.3160308 0.3137940 0.3115370 0.3092608 0.3069663 0.3046546 0.3023270 0.2999847 0.2976290 0.2952615 0.2928837 0.2904972 0.2881035 0.2857045 0.2833016 0.2808968 0.2784915 0.2760875 0.2736865 0.2712900 0.2688996 0.2665169 0.2641433 0.2617802 0.2594291 0.2570912 0.2547678 0.2524601 0.2501692 0.2478962 0.2456421 0.2434077 0.2411941 0.2390019 0.2368320 0.2346849
0.3524226 0.3506665 0.3488820 0.3470693 0.3452291 0.3433616 0.3414673 0.3395465 0.3375995 0.3356267 0.3336282 0.3316046 0.3295560 0.3274829 0.3253855 0.3232644 0.3211198 0.3189523 0.3167625 0.3145509 0.3123183 0.3100653 0.3077930 0.3055022 0.3031940 0.3008698 0.2985307 0.2961782 0.2938137 0.2914388 0.2890553 0.2866646 0.2842686 0.2818689 0.2794673 0.2770656 0.2746654 0.2722684 0.2698762 0.2674904 0.2651127 0.2627444 0.2603871 0.2580420 0.2557106 0.2533940 0.2510935 0.2488103 0.2465453 0.2442995 0.2420739 0.2398693 0.2376865 0.2355263 0.2333892
0.3508286 0.3490771 0.3472970 0.3454888 0.3436531 0.3417902 0.3399004 0.3379842 0.3360419 0.3340738 0.3320801 0.3300613 0.3280177 0.3259495 0.3238571 0.3217409 0.3196012 0.3174387 0.3152536 0.3130467 0.3108186 0.3085700 0.3063018 0.3040149 0.3017105 0.2993898 0.2970541 0.2947047 0.2923433 0.2899715 0.2875909 0.2852032 0.2828102 0.2804138 0.2780156 0.2756174 0.2732210 0.2708281 0.2684403 0.2660592 0.2636865 0.2613237 0.2589722 0.2566333 0.2543085 0.2519990 0.2497059 0.2474305 0.2451737 0.2429365 0.2407199 0.2385246 0.2363515 0.2342012 0.2320743
0.3491991 0.3474528 0.3456780 0.3438751 0.3420445 0.3401867 0.3383022 0.3363912 0.3344541 0.3324913 0.3305030 0.3284896 0.3264514 0.3243887 0.3223017 0.3201910 0.3180568 0.3158995 0.3137197 0.3115178 0.3092946 0.3070506 0.3047869 0.3025042 0.3002037 0.2978867 0.2955544 0.2932083 0.2908501 0.2884813 0.2861036 0.2837190 0.2813291 0.2789358 0.2765410 0.2741464 0.2717538 0.2693651 0.2669817 0.2646055 0.2622380 0.2598807 0.2575352 0.2552027 0.2528847 0.2505823 0.2482969 0.2460295 0.2437811 0.2415528 0.2393453 0.2371596 0.2349964 0.2328563 0.2307400
0.3475339 0.3457937 0.3440248 0.3422278 0.3404030 0.3385511 0.3366723 0.3347672 0.3328359 0.3308790 0.3288966 0.3268892 0.3248569 0.3228001 0.3207192 0.3186143 0.3164860 0.3143345 0.3121603 0.3099639 0.3077459 0.3055070 0.3032479 0.3009697 0.2986733 0.2963601 0.2940314 0.2916887 0.2893336 0.2869678 0.2845932 0.2822115 0.2798247 0.2774346 0.2750432 0.2726522 0.2702636 0.2678790 0.2655002 0.2631289 0.2607667 0.2584151 0.2560756 0.2537497 0.2514386 0.2491437 0.2468660 0.2446068 0.2423671 0.2401478 0.2379498 0.2357739 0.2336209 0.2314913 0.2293857
0.3458332 0.3440998 0.3423375 0.3405469 0.3387286 0.3368831 0.3350107 0.3331119 0.3311871 0.3292365 0.3272606 0.3252595 0.3232338 0.3211834 0.3191089 0.3170106 0.3148885 0.3127433 0.3105752 0.3083847 0.3061723 0.3039387 0.3016846 0.2994110 0.2971190 0.2948097 0.2924846 0.2901453 0.2877934 0.2854307 0.2830590 0.2806804 0.2782966 0.2759098 0.2735218 0.2711344 0.2687497 0.2663694 0.2639952 0.2616289 0.2592721 0.2569264 0.2545932 0.2522739 0.2499700 0.2476826 0.2454130 0.2431622 0.2409314 0.2387213 0.2365330 0.2343672 0.2322246 0.2301058 0.2280113
0.3440973 0.3423711 0.3406160 0.3388325 0.3370212 0.3351826 0.3333172 0.3314253 0.3295073 0.3275637 0.3255946 0.3236005 0.3215816 0.3195383 0.3174707 0.3153792 0.3132640 0.3111255 0.3089639 0.3067797 0.3045733 0.3023453 0.3000965 0.2978278 0.2955403 0.2932351 0.2909138 0.2885779 0.2862291 0.2838695 0.2815008 0.2791252 0.2767445 0.2743609 0.2719763 0.2695926 0.2672119 0.2648359 0.2624665 0.2601053 0.2577540 0.2554142 0.2530875 0.2507751 0.2484785 0.2461988 0.2439374 0.2416953 0.2394736 0.2372730 0.2350946 0.2329391 0.2308072 0.2286994 0.2266163
0.3423263 0.3406079 0.3388604 0.3370845 0.3352808 0.3334496 0.3315916 0.3297071 0.3277964 0.3258601 0.3238984 0.3219117 0.3199002 0.3178643 0.3158041 0.3137199 0.3116120 0.3094806 0.3073260 0.3051485 0.3029485 0.3007265 0.2984834 0.2962198 0.2939369 0.2916359 0.2893184 0.2869860 0.2846405 0.2822838 0.2799181 0.2775454 0.2751678 0.2727874 0.2704062 0.2680264 0.2656497 0.2632781 0.2609135 0.2585576 0.2562120 0.2538784 0.2515582 0.2492528 0.2469637 0.2446921 0.2424391 0.2402058 0.2379934 0.2358026 0.2336344 0.2314894 0.2293684 0.2272719 0.2252004
0.3405204 0.3388102 0.3370709 0.3353031 0.3335073 0.3316840 0.3298338 0.3279571 0.3260542 0.3241257 0.3221718 0.3201929 0.3181892 0.3161611 0.3141087 0.3120323 0.3099321 0.3078083 0.3056611 0.3034907 0.3012975 0.2990820 0.2968447 0.2945865 0.2923084 0.2900118 0.2876981 0.2853692 0.2830269 0.2806732 0.2783104 0.2759407 0.2735661 0.2711889 0.2688113 0.2664352 0.2640627 0.2616957 0.2593360 0.2569855 0.2546457 0.2523184 0.2500049 0.2477068 0.2454254 0.2431620 0.2409176 0.2386935 0.2364906 0.2343098 0.2321520 0.2300178 0.2279080 0.2258231 0.2237635
0.3386799 0.3369784 0.3352476 0.3334882 0.3317007 0.3298858 0.3280438 0.3261752 0.3242806 0.3223602 0.3204144 0.3184437 0.3164482 0.3144283 0.3123841 0.3103159 0.3082239 0.3061081 0.3039687 0.3018059 0.2996199 0.2974112 0.2951801 0.2929276 0.2906546 0.2883624 0.2860526 0.2837271 0.2813879 0.2790372 0.2766773 0.2743105 0.2719389 0.2695650 0.2671909 0.2648187 0.2624505 0.2600881 0.2577336 0.2553886 0.2530549 0.2507340 0.2484275 0.2461369 0.2438634 0.2416084 0.2393729 0.2371581 0.2349650 0.2327945 0.2306473 0.2285242 0.2264258 0.2243527 0.2223053
0.3368052 0.3351126 0.3333907 0.3316400 0.3298613 0.3280549 0.3262215 0.3243614 0.3224753 0.3205633 0.3186261 0.3166638 0.3146769 0.3126655 0.3106300 0.3085704 0.3064868 0.3043795 0.3022484 0.3000936 0.2979153 0.2957137 0.2934892 0.2912426 0.2889748 0.2866871 0.2843813 0.2820592 0.2797231 0.2773753 0.2750182 0.2726543 0.2702858 0.2679153 0.2655448 0.2631766 0.2608127 0.2584552 0.2561059 0.2537667 0.2514392 0.2491250 0.2468257 0.2445428 0.2422775 0.2400310 0.2378047 0.2355995 0.2334165 0.2312564 0.2291201 0.2270084 0.2249217 0.2228607 0.2208257
0.3348964 0.3332131 0.3315003 0.3297587 0.3279889 0.3261915 0.3243669 0.3225156 0.3206382 0.3187350 0.3168066 0.3148531 0.3128749 0.3108724 0.3088458 0.3067951 0.3047205 0.3026220 0.3004996 0.2983533 0.2961831 0.2939891 0.2917716 0.2895311 0.2872687 0.2849856 0.2826836 0.2803650 0.2780319 0.2756869 0.2733327 0.2709717 0.2686063 0.2662391 0.2638724 0.2615083 0.2591490 0.2567965 0.2544527 0.2521195 0.2497984 0.2474912 0.2451993 0.2429243 0.2406674 0.2384299 0.2362129 0.2340176 0.2318448 0.2296955 0.2275704 0.2254702 0.2233955 0.2213469 0.2193245
0.3329540 0.3312800 0.3295766 0.3278444 0.3260838 0.3242955 0.3224800 0.3206378 0.3187693 0.3168751 0.3149556 0.3130111 0.3110420 0.3090487 0.3070311 0.3049897 0.3029243 0.3008351 0.2987218 0.2965845 0.2944228 0.2922368 0.2900266 0.2877926 0.2855357 0.2832572 0.2809592 0.2786438 0.2763137 0.2739715 0.2716201 0.2692620 0.2668998 0.2645362 0.2621733 0.2598136 0.2574591 0.2551118 0.2527737 0.2504466 0.2481323 0.2458323 0.2435481 0.2412813 0.2390330 0.2368047 0.2345974 0.2324122 0.2302500 0.2281117 0.2259981 0.2239097 0.2218473 0.2198112 0.2178019
0.3309780 0.3293138 0.3276200 0.3258972 0.3241461 0.3223671 0.3205609 0.3187279 0.3168685 0.3149835 0.3130731 0.3111378 0.3091779 0.3071938 0.3051856 0.3031536 0.3010978 0.2990181 0.2969143 0.2947863 0.2926337 0.2904562 0.2882537 0.2860265 0.2837753 0.2815015 0.2792073 0.2768951 0.2745678 0.2722284 0.2698797 0.2675247 0.2651659 0.2628059 0.2604472 0.2580920 0.2557425 0.2534008 0.2510687 0.2487481 0.2464407 0.2441482 0.2418720 0.2396136 0.2373744 0.2351555 0.2329582 0.2307833 0.2286320 0.2265050 0.2244031 0.2223269 0.2202770 0.2182538 0.2162577
0.3289689 0.3273145 0.3256305 0.3239174 0.3221759 0.3204064 0.3186096 0.3167859 0.3149358 0.3130600 0.3111588 0.3092327 0.3072821 0.3053074 0.3033087 0.3012863 0.2992402 0.2971703 0.2950764 0.2929581 0.2908151 0.2886465 0.2864523 0.2842321 0.2819868 0.2797177 0.2774271 0.2751181 0.2727936 0.2704569 0.2681111 0.2657592 0.2634039 0.2610479 0.2586936 0.2563433 0.2539992 0.2516632 0.2493375 0.2470237 0.2447236 0.2424389 0.2401710 0.2379214 0.2356914 0.2334823 0.2312952 0.2291311 0.2269909 0.2248755 0.2227856 0.2207219 0.2186847 0.2166747 0.2146921
0.3269269 0.3252825 0.3236085 0.3219052 0.3201734 0.3184136 0.3166262 0.3148119 0.3129712 0.3111046 0.3092127 0.3072959 0.3053546 0.3033893 0.3014001 0.2993873 0.2973509 0.2952910 0.2932072 0.2910991 0.2889659 0.2868070 0.2846214 0.2824088 0.2801694 0.2779049 0.2756179 0.2733118 0.2709900 0.2686561 0.2663134 0.2639649 0.2616135 0.2592618 0.2569122 0.2545671 0.2522287 0.2498990 0.2475799 0.2452733 0.2429809 0.2407043 0.2384451 0.2362046 0.2339842 0.2317852 0.2296086 0.2274555 0.2253268 0.2232233 0.2211457 0.2190947 0.2170707 0.2150741 0.2131052
