data/rasters/GHG.ASC
NCOLS                  500
NROWS                  460
XLLCORNER        181500.0
YLLCORNER        381500.0
CELLSIZE         50.00000
NODATA_VALUE    -999.9900
[rows 56 to 83 of 460, columns 0 to 61 of 500]
0.9269357 1.370880 0.8067349 0.7625824 0.7014905 0.6718871 0.6704280 0.5800154 0.7046572 0.9777055 1.075945 0.9470085 0.8760847 0.8365799 0.6862196 0.6199411 0.6802474 0.7897434 0.9533607 1.026417 1.022224 1.055604 1.095781 1.017924 1.078855 1.133450 1.176564 1.344260 0.9191605 0.7972454 0.6818514 0.5884681 0.6375487 0.6598824 0.7437298 0.5803418 0.5906565 0.6311936 0.4435257 0.5974823 0.6101945 0.6882002 0.7993593 0.9234918 0.8792599 0.7949392 0.8400967 0.8746877 0.9474010 1.066673 1.163353 1.325968 1.542802 1.838279 1.895544 1.915516 1.783415 1.808497 2.683110 3.244126 2.249470 1.995608
0.4919867 1.037573 0.7962078 0.7700386 0.7449611 0.7097713 0.6791886 0.7263752 0.8762554 1.021583 1.050190 1.004912 0.9481387 0.8763525 0.8137301 0.7821271 0.7737624 0.6754891 0.9150102 0.9196917 0.9545568 0.8647522 1.130792 1.140326 1.103354 1.189421 1.603492 0.9324827 0.8501242 0.7549101 0.6233566 0.5443603 0.5928963 0.7803504 0.8472522 0.8098213 0.7388583 0.6529453 0.5433719 0.5015317 0.6406195 0.7391493 0.7101808 1.152371 0.9948419 0.9175583 0.8636001 0.9254496 0.8850800 0.9369912 1.105099 1.215426 1.561277 1.846135 1.445785 1.558692 1.632694 1.561576 1.823764 2.936814 2.736572 1.841474
0.7189738 1.691395 0.7627671 0.7560091 0.7208353 0.7585670 0.7176337 0.7636385 0.8749670 0.9351266 1.036901 1.008727 1.059342 0.9345888 0.9547387 0.8847623 0.8801967 0.8052542 0.9987473 0.9373437 1.001946 0.9805154 1.248735 1.165929 1.125228 1.366535 1.095243 0.8914465 0.8767076 0.7024588 0.5562500 0.5935655 0.6889327 0.8469774 0.7091594 0.7100444 0.7113089 0.7358751 0.7080871 0.7528079 0.7620354 0.8268108 0.7634378 0.7581198 0.8731158 0.9604932 1.002135 0.9927656 0.9536968 0.9380729 1.083105 1.167489 1.344249 1.335950 1.326007 1.391561 1.513751 1.491705 1.691426 1.905381 2.266593 2.189984
0.8259601 1.642223 0.7379199 0.7569196 0.6831360 0.6563289 0.6234262 0.6761437 0.8066200 0.7839309 1.297228 0.9429582 0.9625366 1.110120 0.9952151 0.9375877 1.175798 0.9185957 0.9473517 1.011157 1.014230 1.231021 1.104449 0.8868450 1.090802 1.276079 1.124296 0.8468782 0.7678992 0.7702718 0.6163396 0.5979281 0.5144264 0.5562114 0.6834230 0.8082556 0.6188329 0.7845396 0.8100379 0.8450416 0.9301947 0.9481595 0.7002805 0.8027986 0.8692193 0.9647857 1.095889 1.509757 1.464679 1.183902 1.298529 1.227810 1.412257 1.488429 1.605601 1.380889 1.531830 1.750529 1.895890 1.957854 2.085110 3.470079
0.8614848 0.8303009 0.7058547 0.6305422 0.5565803 0.6455180 0.5100017 0.4250560 0.5777296 0.7212172 0.8047247 0.6048809 0.9124975 0.8605429 0.8378891 0.8677474 0.8791150 0.6857836 0.8731200 0.9264467 0.8876698 0.8157452 0.7033642 0.6301131 0.9157873 1.323640 0.8286021 0.7114621 0.7574397 0.6700842 0.6656889 0.6541872 0.6079626 0.5637925 0.5614572 0.6501608 0.6969503 0.8024390 0.8904250 0.9332828 0.9803308 0.9341604 0.8800319 0.9372665 0.9193889 0.9631606 1.000548 1.220011 1.070774 1.092869 1.169813 1.267018 1.436167 1.532274 1.697193 1.661297 1.800385 1.926308 1.968292 2.018519 2.091593 2.305059
0.5955045 0.6019539 0.6144003 0.5494621 0.5628965 0.6291192 0.4968117 0.3471961 0.5490465 0.6390668 0.6255494 0.5482906 0.5391690 0.6078804 0.6624044 0.7272225 0.7079037 0.6205927 0.8121157 0.7351024 0.7628176 0.7474694 0.7335671 0.6092049 0.6295061 0.7089427 0.7038941 0.6654266 0.6172833 0.6452820 0.7491671 0.7435977 0.6775010 0.7037208 0.5788608 0.6678420 0.7202480 0.9130509 0.9779074 1.050067 1.018637 1.055725 1.002234 1.079228 1.087133 0.9662510 0.9907888 1.015581 1.060874 1.044964 1.216730 1.402961 1.535629 1.777152 2.086950 2.123314 1.932469 1.942553 2.052948 2.053998 2.137731 2.118514
0.6495093 0.6741589 0.6425078 0.5738812 0.5078281 0.3833855 0.5043362 0.4813641 0.5892801 0.5049245 0.6943655 0.5487118 0.5892451 0.7617210 0.5698592 0.6294744 0.7145854 0.6671580 0.7439711 0.5835893 0.6642352 0.7099403 0.7386229 0.5963472 0.5096000 0.5620782 0.6299621 0.7008791 0.6910298 0.6830333 0.7224825 0.6130164 0.6157730 0.6517916 0.8383269 0.7410828 0.7452812 0.8695465 1.008620 1.052576 1.064005 0.9924874 1.149303 1.155923 1.122548 0.9387344 0.9884775 1.088320 1.136494 1.270960 1.577107 1.638686 1.745337 1.954564 2.073953 2.107003 2.187565 2.033281 2.103194 2.084410 2.175000 2.081328
0.6301247 0.5705555 0.4955179 0.4453020 0.3371330 0.2488792 0.4023266 0.5052302 0.8969300 0.9535278 0.7288278 0.5945728 0.6219589 0.8924459 0.7494249 0.7549959 0.7696296 0.6549133 0.5664027 0.5413494 0.7632555 1.113488 0.7368600 0.5511882 0.3669042 0.3938998 0.4738592 0.6517784 0.8677542 0.7443460 0.6879335 0.6309359 0.5511409 0.7754389 0.7883781 0.8619723 0.8300440 1.025867 1.095334 1.081295 1.123693 1.122896 1.340441 1.217755 1.064184 0.8784811 0.9472986 1.009651 1.203204 1.285423 1.397697 1.410823 1.591916 1.800371 2.003973 2.151451 2.219425 2.242312 2.247073 1.847485 2.166010 2.100474
0.4981054 0.4106553 0.3123770 0.3878433 0.3525513 0.2962423 0.6271961 0.9200137 1.282545 0.8316957 0.7295326 0.6568473 0.7348741 0.9257057 0.8228219 0.6942531 0.7191406 0.6638431 0.5255648 0.6740958 1.023733 0.8157521 0.7368951 0.4600553 0.4523177 0.2973919 0.3947305 0.5827796 0.9351559 0.7416677 0.6073061 0.6277691 0.5743945 0.6058096 0.6553927 0.8197961 0.8790271 0.9878774 1.098966 1.195854 1.169287 1.289556 1.347429 1.135244 1.103569 1.143168 1.316377 1.066835 1.121368 1.157147 1.311417 1.529374 1.622314 1.686095 1.953394 2.187022 2.289484 2.439743 2.377377 2.225817 2.335005 1.943881
0.5150232 0.5667803 0.6186239 0.4820316 0.4423341 0.4863258 0.8476692 0.9619513 1.015692 1.057133 0.7569757 0.8061121 0.8660254 0.8989424 0.7476397 0.6367770 0.6933635 0.6715097 0.5164699 0.6980600 0.6995286 0.7634695 0.8331897 0.4276658 0.4125767 0.3506697 0.3666011 0.2616898 0.4815304 0.4408732 0.5948462 0.6627916 0.6174763 0.5313866 0.6948013 0.8827608 0.8735754 1.068717 1.080565 1.178485 1.263056 1.243948 1.371875 1.476966 1.587685 1.434873 1.663597 1.055738 0.9216746 1.039592 1.283413 1.440573 1.277051 1.531932 1.879673 2.228395 2.437766 2.558039 2.525871 2.559218 2.249857 1.756213
0.5849044 0.4784533 0.5076479 0.5100697 0.5244155 0.9099523 0.8829442 0.9492131 0.8548822 0.9686638 0.8010774 0.7921851 0.8143951 0.7917046 0.8229877 0.6268702 0.7136589 0.6937711 0.6442659 0.6322151 0.7756752 0.6972468 0.7096692 0.6219399 0.5387017 0.3406741 0.3175644 0.4043264 0.2372955 0.5097119 0.9306216 0.8662444 0.5693701 0.4982703 0.7369435 0.9426886 0.9723217 1.016304 1.141967 1.192867 1.178628 1.360533 1.548611 1.550846 1.752480 1.904549 2.040494 1.890864 0.8194532 1.053540 1.201737 1.347154 1.353172 1.476364 1.922876 2.320759 2.546324 2.582779 2.439038 2.253644 1.833420 1.575155
0.5886760 0.5670646 0.4949706 0.6091682 0.7509461 1.024516 0.8621517 0.9014708 0.8499715 0.9562560 0.8203613 0.6124088 0.7863687 0.6953560 0.7803716 0.5907155 0.6696829 0.6888000 0.6092928 0.7407879 0.8843678 0.7219747 0.7396304 0.5346174 0.4425032 0.3336830 0.3257828 0.3379019 0.4740571 0.5884905 0.9365565 0.7571434 0.4691769 0.7643896 0.7852592 0.9297781 1.058998 1.142897 1.221102 1.215894 1.221896 1.676053 1.544870 1.517947 1.517722 1.802993 1.718586 1.458294 1.110178 1.057531 1.257228 1.364992 1.469449 1.692063 2.064806 2.263227 2.462018 2.481906 2.320818 1.839347 1.628500 1.402243
0.6024408 0.6526496 0.5536114 0.9053312 0.8794713 0.8446181 0.7861643 0.7694207 0.7013484 0.7305080 0.7058599 0.6186122 0.7324736 0.6619994 0.6874530 0.5765910 0.6574972 0.7478216 0.6442889 0.6349017 0.7897341 0.7753436 0.6177992 0.5723679 0.3740263 0.3409418 0.4140166 0.4493791 0.4755310 0.9098945 0.9899226 0.5140358 0.5713203 0.8252469 0.8547884 0.9483982 1.017176 1.050501 1.148860 1.232087 1.470567 1.784025 1.772095 1.501644 1.710119 1.653625 2.116078 1.594554 1.012764 1.071904 1.304638 1.370004 1.472648 1.796765 1.995842 2.022493 2.180978 2.370397 2.227641 1.750967 1.478853 1.346807
0.6564072 0.6838840 0.7230492 0.7525065 0.8175015 0.7473411 0.7344094 0.7438226 0.6413940 0.7134742 0.7099501 0.6125606 0.6851633 0.6795243 0.6427933 0.6241138 0.6608359 0.7348318 0.6815529 0.6739208 0.6467522 0.6743466 0.4837888 0.6425595 0.4004245 0.4028285 0.4333136 0.5002830 0.7548020 0.9686434 0.9883538 0.7230784 0.6768789 0.7450092 0.9125430 1.045267 1.063167 1.006224 1.284827 1.247897 1.325866 1.479318 1.736667 1.480254 1.700319 1.800214 1.465499 2.264644 1.052474 1.124028 1.187051 1.296843 1.671011 2.062409 2.181762 1.781201 1.481262 2.151168 2.025131 1.626702 1.464977 1.298476
0.6799473 0.6224024 0.6554070 0.8582249 0.7459653 0.7307103 0.6972110 0.7276165 0.6236610 0.6402907 0.6860576 0.6087487 0.5499553 0.5921030 0.5564235 0.6102108 0.6493892 0.6559979 0.6874556 0.6741963 0.7205307 0.6943384 0.4728096 0.5928397 0.5030897 0.4264248 0.4632312 0.5742618 0.5266281 0.6540805 0.6177337 0.6362112 0.7480524 0.9321558 0.9897524 1.070861 1.098078 1.231333 1.119521 1.272524 1.410230 1.363158 1.630444 1.678666 1.899539 2.178691 2.208372 1.754773 1.272997 1.055010 1.196184 1.690545 1.856671 2.336127 2.365654 2.115994 2.116073 1.902549 1.883652 1.668401 1.406734 1.556553
0.7336853 0.6147448 0.6233621 0.9413018 0.8822384 0.7753354 0.6747233 0.6064677 0.6055922 0.5982141 0.5882910 0.5246791 0.5252945 0.5479707 0.5032086 0.5470909 0.7770900 0.7064906 0.6463879 0.6042122 0.5227827 0.4644322 0.5212411 0.5688305 0.5766963 0.4390546 0.4574339 0.4701589 0.4848873 0.4988548 0.6233183 0.7494451 0.7960092 1.076227 1.344671 1.175109 1.271804 1.334650 1.332897 1.186222 1.293953 1.346541 1.393197 1.649762 1.808454 1.738330 1.727855 1.716731 1.400940 1.052772 1.712931 1.483214 2.310539 2.208197 1.692779 2.113688 2.039281 1.859262 1.859429 1.647783 1.425246 1.500206
0.7374246 0.6360132 0.5820251 0.7654607 0.9902367 0.8749871 0.7266035 0.7029765 0.5802270 0.5708809 0.5736952 0.5045704 0.5374314 0.5654578 0.5207738 0.4977893 0.5049473 0.4928012 0.4123511 0.3526649 0.3852015 0.4720805 0.5114756 0.5138351 0.6641723 0.4265017 0.4573241 0.4206278 0.4694035 0.5143687 0.5528315 0.8735665 1.003906 1.094191 1.244186 1.096913 1.124391 1.257199 1.205425 1.148973 1.256737 1.328927 1.415830 1.595863 1.842943 1.696067 1.765800 1.841190 1.586798 1.706028 1.649042 1.787992 1.752304 1.962446 2.249370 1.698848 2.142545 1.734573 1.643404 1.576858 1.376073 1.163459
0.6811627 0.6607885 0.5824423 0.6985758 1.227255 1.103620 0.8283991 0.7386121 0.7077796 0.6352879 0.5758709 0.5343159 0.5607744 0.6131229 0.5545248 0.5614447 0.3647653 0.3879096 0.3901838 0.4517867 0.4828616 0.5548136 0.5693331 0.5033194 0.6731524 0.4590594 0.3524721 0.3931715 0.4374039 0.4590905 0.6366088 1.153273 1.097347 1.106802 1.135751 1.237723 1.185502 1.258632 1.026993 1.030204 1.338117 1.450281 1.576188 1.637097 1.543530 1.745164 1.803102 1.644858 1.797922 1.931432 1.595534 1.866548 1.731380 1.588381 1.675509 2.081110 1.520931 1.728201 1.483516 1.408574 1.208877 1.152649
0.9849016 0.7559412 0.6399546 0.5439269 0.7029929 0.8729118 0.7569001 0.9124274 0.7565600 0.7605959 0.6562331 0.5497838 0.5646077 0.6517386 0.6167145 0.5688398 0.5054429 0.4673155 0.4757901 0.4312088 0.4420508 0.4423794 0.3966810 0.4953389 0.4856904 0.4534225 0.3636596 0.4241207 0.4146576 0.4243875 0.4804916 1.426029 1.232827 1.095158 1.093995 1.214375 1.295402 1.349025 1.167713 1.310734 1.438618 1.519670 1.815036 1.645540 1.511038 1.741188 1.297450 1.545779 1.898592 2.065510 1.862521 1.877525 1.643620 1.922956 1.833550 1.574811 1.604556 1.594629 1.350796 1.181418 1.107841 1.052271
0.9686383 1.043628 1.086525 1.143225 1.122512 1.155853 1.035739 0.8417615 0.7472336 0.8677357 0.7110984 0.6615120 0.5661379 0.6916156 0.7050009 0.5897954 0.4779606 0.3906716 0.3754392 0.4419259 0.4428575 0.4412337 0.4630567 0.4249614 0.4329602 0.5968457 0.3619930 0.3933300 0.4030347 0.4898399 0.5774741 0.9265996 1.350841 1.223857 1.281900 1.245506 1.292269 1.408488 1.347889 1.460708 1.317502 1.517635 1.532633 1.762403 1.707135 1.286108 1.350015 1.796089 1.587581 2.161053 1.973040 1.852790 1.642992 2.006436 1.773408 1.641539 1.559849 1.297569 1.253016 1.203957 1.039128 0.9445305
0.9889947 0.9257823 1.162438 1.137863 1.038821 1.113884 1.055108 0.8078583 0.8798929 0.8744672 0.7237918 0.6934382 0.7492233 0.7122106 0.6648492 0.4586766 0.3521134 0.3917678 0.4573670 0.5025765 0.5326412 0.5415735 0.4929231 0.4718670 0.6799621 0.7579945 0.4701322 0.4293121 0.4800555 0.5069469 0.6813467 0.7604215 0.9689888 1.192352 1.298946 1.272456 1.141960 1.374781 1.506050 1.478479 1.394293 1.564085 1.768587 1.727954 1.622167 1.291032 1.612739 1.686595 1.808188 1.689593 2.007608 1.481600 1.967427 1.768595 1.592913 1.618905 1.345345 1.271469 1.237210 1.192775 1.095665 1.124896
0.9575913 1.005103 1.235294 1.287855 1.203765 1.228685 1.198834 0.8151468 0.7713038 1.004799 0.8581006 0.6936817 0.6789322 0.6751997 0.6830070 0.4113102 0.4170256 0.5292238 0.5397801 0.4928144 0.5163044 0.4985182 0.5062393 0.5013329 0.5319008 0.7752717 0.5980942 0.4452356 0.5054615 0.6447144 0.7332745 0.7538808 0.8654245 1.065392 1.043055 1.237164 1.358116 1.456086 1.472565 1.464175 1.589508 1.859018 1.663009 1.862027 1.586683 1.354836 1.665289 1.847828 1.670397 1.801361 1.836457 1.665201 1.718989 1.697751 1.529705 1.453958 1.258442 1.243294 1.190033 1.207867 1.201421 1.242012
0.9698549 0.9636105 1.119572 0.9962441 0.8148441 0.7913869 0.5119924 0.7663985 0.9306974 0.9150692 0.8169596 0.7173266 0.5804819 0.7088878 0.6494428 0.5179513 0.6075494 0.6165219 0.4523291 0.4912293 0.5301558 0.5254135 0.5842976 0.6179625 0.5413743 0.5715289 0.5651866 0.5559859 0.6263868 0.6662166 0.7252957 0.8101867 0.8597680 0.9595026 1.333662 1.976857 1.521177 1.706845 1.564717 1.608359 1.663764 1.853175 2.017521 1.926323 1.581389 1.448707 1.068490 1.600018 1.632837 1.763445 1.608344 1.764494 1.745781 1.612541 1.542919 1.265737 1.239033 1.211718 1.384011 1.217329 1.367322 1.485638
0.9135929 1.062653 1.108785 0.9353853 0.7336787 0.7284963 0.5811573 0.7346910 0.8447743 1.075349 0.7959454 0.6239961 0.5953586 0.7043433 0.6789945 0.7215330 0.9729822 0.7059062 0.6044005 0.6118002 0.5861403 0.5522723 0.5380264 0.5405486 0.5144554 0.5098813 0.5705915 0.6560969 0.6189855 0.7418221 0.7700351 0.8513268 0.9645111 1.025892 1.121546 2.181470 1.878999 1.678266 1.548780 1.615966 1.516854 2.055840 1.950946 1.620965 1.285477 1.481535 1.710785 1.521773 1.705017 2.026484 1.472004 1.729025 1.798096 1.602762 1.422183 1.214624 1.149009 1.547124 1.725365 1.737614 1.720369 1.601297
0.9440479 1.020723 1.148581 1.048498 0.7334719 0.8480489 0.7647411 0.6432088 0.9030672 0.7749693 0.9853279 0.8218673 0.5381023 0.6301734 0.5222390 0.6552971 0.6809789 0.6892598 0.6104311 0.5238424 0.4978923 0.3882577 0.4664251 0.6062448 0.4855198 0.5538699 0.8188212 0.8071134 0.6555678 0.7296497 0.8373194 0.9255906 1.025379 1.055195 1.134784 1.148150 1.587931 1.828990 1.479673 1.682290 1.751387 1.907679 1.922830 1.503495 1.088489 1.164493 1.473134 1.963747 1.628844 1.581283 1.657215 1.365101 1.855197 1.497430 1.316316 1.319175 1.443409 1.869595 2.018335 1.861117 1.615941 2.038740
0.8268009 0.9105898 0.9096617 0.8142485 0.9568841 1.236936 1.038964 0.6267005 0.8378140 0.7764534 0.7565182 1.018296 0.6042904 0.4277593 0.4280784 0.4700817 0.3057735 0.8525540 0.4483322 0.4851515 0.3707241 0.4471667 0.4426745 0.4408696 0.4688016 0.5173349 0.5430123 0.7226353 0.7261519 0.7795703 0.9255651 1.001439 1.039156 1.108859 1.059937 1.645202 1.556594 1.737857 1.559341 1.732481 2.028585 1.953644 1.924566 1.465493 1.190095 1.476397 1.975527 1.526869 1.834741 1.468408 1.505171 1.843392 1.644743 1.774720 1.431637 1.614829 1.650782 1.797176 2.016088 1.948887 1.984779 2.080330
0.7159773 0.7311594 0.5934528 0.6362104 0.8463740 1.284917 1.069471 0.8979333 0.7790565 0.7201034 0.6012946 0.7509924 0.3745900 0.3241384 0.2709714 0.2742637 0.2956337 0.3556865 0.4813955 0.4651947 0.4093400 0.4522983 0.4152040 0.4101329 0.6571484 0.6651016 0.6907124 0.7820274 0.8810859 0.8817017 1.075726 1.237375 1.064476 1.105044 1.436801 1.742167 2.004474 1.845790 1.667749 1.970871 2.017667 1.899556 1.987200 2.027234 1.932460 1.918908 1.358368 1.730307 1.606152 1.640121 1.594760 1.683772 1.378110 1.489630 1.633143 1.865215 1.810541 2.186840 2.328327 2.271654 2.619187 2.485212
0.6955093 0.9120318 0.5772718 0.6692883 0.7623289 1.027322 0.9661776 0.9861276 0.6902071 0.7179853 0.5552360 0.5090432 0.5068918 0.4071056 0.3700739 0.2261861 0.2470503 0.2822192 0.4600005 0.4519291 0.4649473 0.4656616 0.5474772 0.5428724 0.7289248 0.7361795 0.8705925 0.8735539 1.230518 1.234102 1.662530 1.414308 1.420532 1.410702 1.582641 1.610082 1.624135 1.484751 1.576936 1.790393 2.007660 2.261088 1.867415 1.725845 1.265288 1.741460 1.840885 1.403147 1.507399 2.003096 1.680914 1.760387 1.910899 1.863706 1.620747 1.617297 1.591795 2.209302 2.112626 2.559885 2.674767 2.312545
