data/rasters/GHG.ASC
NCOLS                  500
NROWS                  460
XLLCORNER        181500.0
YLLCORNER        381500.0
CELLSIZE         50.00000
NODATA_VALUE    -999.9900
[rows 308 to 335 of 460, columns 248 to 309 of 500]
0.8795881 0.9709001 1.112128 1.135426 1.102810 1.240738 1.176991 0.9739475 0.8249944 0.7820755 0.7952760 0.7457657 0.7948828 0.5285146 0.5344990 0.3464060 0.1189093 0.2611184 0.5878592 0.8218574 0.7761912 0.8644342 0.8351002 1.195965 1.533720 1.228923 1.112985 1.047474 0.8033831 0.7582837 0.7344725 0.5428181 0.6966870 0.4405674 0.5869731 0.8693886 2.023612 2.847235 2.832196 2.041514 1.510539 1.715888 1.544804 1.344322 1.175768 1.039166 1.042035 1.148381 2.354838 2.018728 1.397082 1.327700 1.312580 1.424490 1.424063 1.586635 1.822348 2.001312 2.235015 2.476731 2.393904 2.375835
0.7645735 0.7579347 0.8703124 0.7854317 0.8783684 0.9403352 1.080996 0.8707541 0.7893895 0.7665430 1.314834 0.6072246 0.5840891 1.134602 0.2787715 0.3757266 0.4955541 0.6846869 0.8051240 0.8821328 0.9557658 0.7719849 0.7974668 1.286848 1.349622 1.139220 0.8455560 0.9909276 0.8146334 0.5480754 0.5628983 0.5881105 0.7624945 0.9439911 1.160095 1.721873 2.238575 2.122815 2.550675 2.086672 1.493336 1.500148 1.469448 1.527638 1.239535 1.042344 0.9784816 1.288426 1.968176 1.894332 1.512497 1.357869 1.540254 1.555393 1.712454 2.015897 2.210787 2.391795 2.526803 2.638069 2.590652 2.225377
0.6938743 0.5098757 0.4372104 0.7472163 0.8066846 0.8340379 1.277991 0.8345104 0.6406171 0.5222957 0.7564870 0.5588994 0.8360155 1.167926 1.051617 0.4757278 0.5657654 0.7060945 0.8156635 0.8635005 0.6765324 0.8112497 0.6309842 1.142942 1.540003 1.244839 0.9445255 1.070956 0.8131662 1.079955 7.0755199E-02 0.3519066 0.8188087 0.9064590 1.308120 1.719359 1.926289 2.086607 1.841633 1.639056 1.362821 1.418954 1.630737 1.632732 1.290061 1.181801 1.206926 1.390749 1.837970 1.724876 1.553916 1.719146 1.760484 1.835661 2.072290 2.163033 2.232724 2.314335 2.471721 2.112392 1.988249 1.817715
0.8112406 0.6994081 0.6087570 0.6655475 0.4830389 0.6714410 0.8579389 0.7047914 0.6074648 0.6269646 0.6847262 0.7553118 1.179533 0.7383830 1.098471 0.7980561 0.4240990 0.5767189 0.7233697 0.8489698 0.7316447 0.7669100 0.8003698 0.7653221 1.081341 1.085234 0.6580945 0.6363048 0.9648234 0.9152936 0.8512176 0.1030368 0.5520955 0.8876256 0.8591924 1.273080 1.618572 1.557912 1.314419 1.295412 1.479188 1.822429 1.551621 1.508430 1.215976 1.553672 1.397064 1.416704 1.819376 2.162945 1.201129 1.929808 1.920909 1.917796 2.012127 2.185864 2.360996 1.872017 1.550834 1.279346 1.292364 1.185437
0.8423240 0.7685651 0.7325480 0.6584287 0.6860691 0.9517246 1.067343 0.8608090 0.6029387 0.7275921 0.8716798 0.9842952 0.9380000 0.8135905 0.4356453 0.9187486 0.3122094 0.5711852 0.8219594 0.9557967 0.8426616 0.7509951 0.8439645 0.8438643 0.5775866 0.9995406 0.7158062 0.7485567 0.8814894 0.7259099 0.6781520 0.7775964 0.1771712 0.7097020 1.098671 1.161208 1.156329 0.7663145 1.027966 1.095283 1.184030 1.202829 1.207008 1.395556 1.246529 1.408232 1.516253 1.734583 2.200261 2.410684 2.357911 2.019216 1.900455 1.914173 1.847773 1.627758 1.332385 1.127442 1.089390 1.166644 1.103019 0.8783749
0.8627861 0.8368346 0.6817252 0.7425317 0.8972054 1.202335 1.288455 0.8537270 0.5691290 0.5771714 0.8218308 0.9739391 0.9972111 0.6252441 0.7425625 0.8496432 0.3181044 0.5180789 0.7381806 0.9030479 0.9258017 0.7841579 0.6928431 0.7731760 0.8291708 1.086051 0.7946712 0.8768167 0.8054780 0.7857587 0.7222537 1.057698 0.9240808 0.5436157 1.422421 1.343654 0.6309705 0.7358331 0.9042857 1.173523 1.070851 1.218105 1.346403 1.180007 1.339761 1.423616 1.812650 2.027067 2.207554 2.129979 2.353308 2.351228 1.639251 1.243545 0.5189389 0.5765262 0.7127108 0.8902718 0.9615480 0.9723715 0.9831895 0.9032940
0.9899747 0.7977927 1.009359 0.7120038 0.9309736 1.227794 1.186097 0.1823766 0.1957870 0.6325186 0.9829457 0.8146089 0.6016640 0.7341223 0.8466297 0.6008862 0.3361300 0.4412677 0.6485810 0.7937485 0.6940651 0.5368620 0.6792526 0.7901694 0.7689566 1.317219 0.7243812 0.7303848 0.8579202 1.005565 0.8266175 1.189435 1.288942 1.024821 1.263657 1.103570 0.9098594 0.8355806 0.9520579 1.081480 1.061598 1.140178 1.134482 1.354777 1.659816 1.984904 2.100808 2.077703 2.311079 2.028816 2.134769 1.464224 0.7227798 0.3181186 0.5191959 0.5410151 0.6322687 0.9365441 0.8889982 0.8709289 0.8832865 0.8833916
0.8620626 0.8762386 1.039682 0.8752123 0.7659847 0.9801800 0.9305738 0.7886702 0.3095039 0.5079495 1.230691 0.9720209 0.7819321 0.6537248 0.8701376 0.9375598 0.5773841 0.4450792 0.8573360 0.7711987 0.6805276 0.7263305 0.5807601 0.7207197 0.9005395 1.138148 0.9012063 0.7368744 1.059514 1.210235 1.202144 1.415662 1.105852 0.7495916 1.048247 0.8315159 0.8916229 0.9819111 0.9375343 1.053458 1.232702 1.214574 1.444251 1.665684 1.863280 2.291757 2.225977 2.263057 2.215751 2.100718 2.222921 0.8427697 0.6057044 0.6166556 0.7108375 0.6496133 0.8751102 1.342371 0.9679792 0.7706665 0.7721477 0.7835364
0.9429571 0.7947140 0.8388984 0.9272463 0.9676603 0.9870600 0.7828342 1.055359 0.5562357 0.7668863 1.025736 0.8273466 0.8167632 0.7097905 0.9310251 0.9634715 1.057344 0.8553471 1.186852 1.392971 1.020821 0.8298149 0.6310807 0.8251732 0.9163572 0.9503135 0.7433126 0.6502210 1.299300 1.386363 0.7903722 1.569549 1.102648 0.9469929 0.9712911 0.8632153 0.9428484 1.001493 1.073334 1.039964 1.144066 1.351980 1.611883 1.812168 1.802830 1.912487 2.134196 1.944288 2.094047 2.179718 1.397050 0.6656111 1.376973 0.9667329 1.042110 1.178501 1.231708 1.356212 1.048390 0.8490850 0.6666898 0.6984316
0.9487346 0.8541443 0.7884225 0.8987934 0.9530893 0.9682838 0.9805467 1.133343 0.7921158 0.8869252 0.9575894 1.101365 0.9668292 0.7853908 0.8724226 1.093963 1.211427 1.072110 1.222136 1.689819 1.377356 1.029438 0.8754888 0.7894144 0.5036126 0.7257336 1.288819 0.9278347 1.068290 0.2111006 0.5294686 1.590120 1.320735 1.082973 1.113568 0.9614568 0.8886501 0.9565082 1.017587 1.062161 1.312654 1.546938 1.723245 1.771813 1.866724 1.800632 1.870620 1.927602 1.930253 1.954348 1.308856 0.6951190 0.6730522 0.7641947 0.8941194 1.095538 1.057797 1.022256 0.8585745 0.7090397 0.5284602 0.5415323
0.9839163 0.9163628 0.7738615 0.8069897 0.9395129 0.9652864 0.9774606 1.094019 0.9280184 0.9767824 0.8758709 1.192326 1.126174 0.7785817 0.9498943 0.9778067 0.8604652 1.040797 1.110995 1.550698 1.606881 1.187014 1.078089 0.9697576 0.8723779 0.7820165 1.146749 1.266165 1.431699 1.436602 1.534772 1.458144 1.425858 1.559852 1.295481 1.182517 1.075691 0.9798702 1.153178 1.399396 1.717918 1.685283 1.789736 1.753668 1.818686 1.956427 1.723758 1.852127 1.402893 0.7116234 1.027587 0.4888088 0.4681874 0.4988982 0.5074828 0.6653880 0.7444404 0.8179542 0.7782883 0.6452623 0.4451242 0.4666139
1.038347 0.9475700 0.8280090 0.8056767 0.9232403 1.008758 1.200026 0.8075284 0.4448229 0.6927097 1.096975 1.468042 1.450763 1.075827 1.002979 1.013737 0.9761013 1.072902 1.206419 1.081111 1.398327 1.113876 1.191622 1.023645 1.013703 1.032760 1.310133 1.540643 1.717741 1.697311 1.508102 1.334894 1.561211 1.866735 1.830777 1.843456 1.704837 1.285610 1.424145 1.614298 2.037376 1.790797 1.769939 1.889714 2.177195 1.570917 1.711177 1.710076 0.7106889 0.4765085 0.9288850 0.4106274 0.3979210 0.3662856 0.3927010 0.6907765 0.7556651 0.7730728 0.6966150 0.6701959 0.3830633 0.9154177
1.038627 0.9983128 0.8600526 0.8121234 0.9646084 0.9740376 0.2579503 0.3351574 0.5068824 0.8156644 0.9619829 1.172650 1.232576 1.178287 1.155132 1.045986 1.084214 1.028176 1.227772 1.416094 1.559621 0.8769593 1.638086 1.146332 1.132058 1.339291 1.699724 1.807826 1.898581 1.707363 1.396798 1.408095 1.609731 2.014356 2.149400 2.062397 2.127531 1.830871 1.615808 1.536042 1.723163 2.252697 1.927898 2.004650 1.946599 1.424216 1.670146 1.444872 0.8300376 0.5017298 0.9094114 0.6666771 0.7185414 0.4826878 0.4093656 0.8172303 0.5997045 0.7325433 0.7983212 0.9457268 1.519933 1.677885
1.162374 0.9223492 0.8483791 0.8611779 0.6741279 0.5152662 0.4249561 0.5802543 0.8923184 1.250694 1.149268 0.9936024 0.8416083 1.110810 1.188797 1.064513 1.074634 1.313062 1.189677 1.175392 1.356918 1.367877 1.318603 1.283480 1.246975 1.372499 1.788683 2.011747 1.978103 1.846587 1.666876 1.776342 1.997216 2.177457 2.347385 2.237826 1.891484 1.778926 1.602937 1.566746 1.572124 2.013884 2.300822 1.957233 1.751140 1.477479 1.958212 2.175130 1.271113 0.8471350 0.9359275 0.7829822 0.4872517 0.4163121 0.5111230 0.7650176 0.6496049 0.7598915 1.436603 2.157830 2.586599 2.564257
1.258217 0.9995306 0.7800376 0.7544945 0.5591463 0.4805211 0.4868208 0.8259245 1.261937 1.433855 1.352608 1.038674 1.000643 1.264034 1.392869 1.020967 0.8230222 1.121046 1.410900 1.242876 1.180365 1.376541 1.473768 1.423723 1.413402 1.581558 1.808115 2.050811 2.074908 2.058590 2.042045 2.186201 2.246106 2.036905 2.148646 1.872538 1.400177 2.059725 1.799915 1.448022 1.724172 1.855300 2.203082 2.296046 1.683910 1.538693 2.123518 2.450710 1.426249 0.8802262 0.8545753 0.8446431 0.4571185 0.4376869 0.5700895 0.9199142 1.493061 2.291997 2.273571 2.600538 3.129670 2.995090
1.113910 1.017620 0.6274410 0.6269159 0.5653703 0.4677227 0.7057052 1.281435 1.462858 1.359299 1.354589 1.416216 1.404068 1.542188 1.558271 1.079828 1.032063 0.9742433 1.269165 1.312356 1.195482 1.327371 1.546250 1.507978 1.695333 1.888676 1.870598 2.051498 2.089486 2.248707 2.309295 2.230715 1.995102 1.747149 1.607638 1.638234 1.884239 1.916677 1.833482 1.496470 1.523775 1.862024 2.124992 2.020112 1.911443 1.636896 2.057614 2.020413 1.199569 0.6030959 0.7999312 1.003300 0.6382818 1.227854 1.930145 1.477461 2.759484 2.738761 1.712228 2.318274 2.522920 2.835067
0.8606815 0.8236844 0.6204862 0.5760714 0.7683558 0.8287792 1.305028 1.330133 1.503953 1.239267 1.997394 1.734775 1.548302 1.673052 1.724100 1.599606 1.463218 1.403391 1.146528 1.205594 1.125846 1.245091 1.437724 1.632788 2.011889 2.099191 2.178039 2.253742 2.371208 2.590191 2.470319 2.149258 1.728010 1.536139 1.413153 1.374209 1.795048 1.733237 1.873160 1.843866 1.602237 1.957685 1.868619 2.114245 2.305431 2.295313 2.225496 2.201984 1.571930 1.095394 0.9334100 1.400295 2.393397 3.058895 3.264901 1.935953 2.408176 1.952857 1.497723 1.540067 1.960953 1.912552
0.9284527 0.6483561 0.8581159 0.9245585 0.9851705 1.078803 1.266740 1.214290 1.375057 1.345331 1.920535 1.640832 1.397423 1.725966 1.969474 1.971524 1.882953 1.824286 1.609739 1.779640 1.860814 1.786502 1.783866 2.065620 2.423721 2.520056 2.527449 2.490677 2.394632 2.417227 2.327353 2.042184 1.676004 1.444735 1.460413 1.462155 1.398471 1.377808 1.950960 1.795857 1.755232 1.806981 1.872348 1.842282 1.821365 2.252868 2.609221 2.350153 1.892904 1.544423 1.232988 1.944697 1.818880 2.334404 2.272122 2.939312 2.257873 2.458184 2.042221 1.833990 2.147392 2.438942
0.8648585 0.7878839 0.8592618 0.9651634 1.035792 1.034297 1.392954 1.425486 1.617728 1.868963 1.554887 1.932619 1.946447 2.056252 2.202188 2.265879 2.242483 2.224110 2.170865 2.181673 2.273629 2.259561 2.423030 2.527562 2.657952 2.675414 2.422632 2.369553 2.228470 2.123365 2.117918 1.787060 1.593912 1.526748 1.506591 1.617275 1.490076 1.392372 1.407304 1.350617 1.283224 1.262009 1.754021 1.605514 1.835250 2.334811 2.258478 1.991138 2.108233 1.826319 1.963878 2.124004 1.571174 1.836109 1.661015 2.650244 2.617102 2.256743 1.854221 2.131152 2.231966 1.900975
0.6348304 0.9896237 0.9269913 1.107176 1.164664 1.351244 1.548792 1.324844 1.256711 0.9135129 1.047042 1.692109 2.123638 2.060347 2.016652 1.996205 1.960926 1.952538 2.372323 2.318367 2.357440 2.319304 2.354053 2.372215 2.469066 2.373181 2.244768 2.073359 1.976491 1.845000 1.678378 1.613655 1.454191 1.410606 1.390060 1.517682 1.600923 1.413361 1.311064 1.278706 1.267045 1.068351 1.135188 1.050346 1.758693 1.970822 2.235685 1.977204 2.522584 2.243144 1.800745 1.673676 1.710636 1.750816 2.818137 2.528927 2.153993 2.066649 2.038596 2.121158 2.130808 2.240657
0.9351438 1.313125 1.201356 1.224664 1.775050 1.686855 1.581916 1.371495 1.215859 0.9271203 1.049953 1.141442 1.285626 1.735537 1.720322 1.685287 1.651193 1.647607 1.908606 1.926020 1.930576 1.863102 1.799066 1.979171 1.670064 1.582326 1.933690 1.710643 1.384353 1.353000 1.569662 1.600996 1.303069 1.275511 1.234500 1.347824 0.9998834 1.038326 1.102530 1.072233 1.103821 2.006829 1.665604 1.602939 1.109742 1.241540 1.766036 1.662579 1.648451 1.452678 1.473481 1.246139 1.935634 2.298492 2.155987 2.322330 2.318301 2.196931 2.090379 2.153161 2.412509 2.299454
1.481364 1.872930 1.803168 1.562681 1.454697 0.7586678 0.7369295 0.5104215 0.8462503 0.5304348 0.6323289 0.7866109 0.8698614 1.035446 1.129336 1.227113 1.405680 1.358379 1.409856 1.416348 1.444098 1.356269 1.156121 1.290939 1.106907 1.430263 1.393301 1.347507 1.453138 1.315199 1.651827 1.987453 1.263527 1.175697 1.143077 0.9464078 0.9303941 0.9851009 0.9644299 1.046110 1.244139 1.093184 1.095031 1.405386 1.655422 1.425641 1.601075 1.730306 1.669199 1.332501 1.149557 1.259883 2.606469 2.321183 2.220092 2.505138 2.473357 2.088293 2.209027 2.503999 2.772310 1.808875
1.398722 1.535872 1.706255 1.730127 1.532300 0.7876964 0.3006501 0.2883347 0.1136892 0.4258015 0.4876756 0.5983459 1.052536 0.7936165 0.8178338 0.8515543 0.9709935 0.9889688 0.9611798 0.8826724 0.8695189 0.9980021 1.083685 1.285952 1.193681 1.506942 1.390600 1.342015 1.330580 1.301640 1.597097 1.256598 1.192294 1.125854 0.7429363 0.6928319 0.8840296 1.060188 0.9935249 0.8388929 0.8799710 0.9309015 1.003971 1.020240 1.771162 1.225250 1.246971 1.415685 1.949377 1.317668 1.071191 1.220802 1.780048 1.515793 1.442956 2.959675 2.420389 2.193628 2.554391 2.753351 2.153993 1.691888
1.376122 1.313258 1.155741 1.415146 1.224139 1.148180 0.2823027 0.1242483 0.1147268 0.4955152 0.8307850 1.225577 1.344849 1.074892 0.8835925 1.060771 1.081593 0.9279576 0.7181528 0.4699282 0.4083125 0.6478635 0.3996945 0.5559804 1.326655 1.174795 1.287284 1.319200 1.304582 1.293082 1.376301 1.219407 1.125319 0.9007947 0.8340985 0.7190794 0.8959198 1.016183 1.085454 0.8786924 0.8252268 0.8688220 0.8911626 0.9727493 1.088659 1.126092 1.201108 1.239168 1.557334 1.804846 1.718721 1.830556 1.527090 1.940298 2.325899 3.790596 3.180664 2.767336 3.091627 2.915564 2.027439 1.945797
1.105729 0.8836337 0.8417011 1.191728 1.336597 1.291976 0.7742038 9.3967803E-02 -1.3286800E-02 0.5521330 0.3791541 0.9196985 1.073019 1.032160 0.7908873 0.8956424 0.8598733 0.6539920 0.6452188 0.7384422 0.8688594 0.9239244 0.2724411 0.5538955 0.9310354 1.485698 1.523741 1.388092 1.238083 1.176509 1.314608 1.083247 1.030342 0.9382287 0.8877800 0.9681237 0.8514634 1.028778 1.111989 1.014601 0.8373145 0.7998869 0.8800182 0.9300207 1.017045 1.070893 1.137842 1.186964 1.260525 1.513517 1.511236 1.130997 1.237827 1.640812 2.457202 3.210981 3.529124 2.988515 3.928041 2.802016 1.404765 1.297305
0.8228309 0.9621072 0.8586044 1.080826 1.455025 1.747668 1.696641 0.5058646 0.2065352 0.6557139 0.5750428 0.8960307 0.7954254 0.8904490 0.6199955 0.7789543 0.8264372 0.7901846 0.8129562 0.9037340 1.000809 1.219334 1.041480 1.014839 1.516202 1.402032 1.469688 1.197780 1.040437 1.074709 1.157691 1.041044 0.8894688 0.7950017 0.8712602 0.9619418 1.034547 1.002657 1.027765 0.8782544 0.7377540 0.7241476 0.8115995 0.8803755 0.9269028 0.9940541 1.069677 1.190498 1.278988 1.398982 1.469206 1.417131 1.612808 1.387919 3.437634 3.281087 4.758577 3.148641 2.281597 1.459816 1.033930 1.265677
1.126376 1.167752 1.043444 1.065919 1.394216 1.571852 1.696942 1.118765 0.7667686 0.9533350 0.4172289 0.5907325 0.8205287 0.7897332 0.4531974 0.6822540 0.7761114 0.7795577 0.7482976 0.7548621 0.7990376 0.9230281 0.6631836 0.5831141 1.599863 1.437518 1.185771 1.067066 1.365158 1.367412 1.079662 1.540820 1.048466 0.7695825 0.8731223 0.9077368 0.9411937 0.9295745 0.6035527 0.5090892 0.4536479 0.4192658 0.6717821 0.8088027 0.8926737 1.037053 1.048715 1.329859 1.241036 -0.4568802 1.310519 1.576782 3.010048 2.124408 2.185744 3.091600 4.004848 2.282622 1.848916 1.002963 0.9811888 1.077160
1.266999 1.347193 1.180048 1.144808 1.194215 1.362924 1.795637 1.509306 0.9835063 1.136007 0.5953164 0.5589296 0.7396476 0.7365837 0.3646184 0.5955843 0.7401415 0.7837504 0.7467509 0.9007704 1.013167 1.013832 0.8932454 0.9578162 1.279725 1.215297 1.125639 1.187168 1.198172 1.140615 0.7716461 0.6394965 0.8206981 0.9006637 0.9432651 0.9592588 1.022370 1.028656 0.6084388 0.5299121 0.5138305 0.4746254 0.4684164 0.7414889 0.9279754 1.025829 1.097754 1.226040 1.362519 1.588036 2.001348 1.735764 1.899347 2.524533 3.159155 2.477594 1.567979 1.906798 1.565950 1.013564 1.152731 2.143744
