data/rasters/GHG.ASC
NCOLS                  500
NROWS                  460
XLLCORNER        181500.0
YLLCORNER        381500.0
CELLSIZE         50.00000
NODATA_VALUE    -999.9900
[rows 392 to 419 of 460, columns 62 to 123 of 500]
2.663909 2.540793 2.767453 3.153957 3.421406 3.151883 3.083546 5.465920 3.874603 3.211959 3.419843 2.398114 2.059206 2.130802 1.938484 0.8284195 1.012418 1.032030 0.9502174 0.8613874 1.311013 1.529506 1.491589 1.203890 1.776997 2.059566 1.618172 1.669227 1.769240 1.498836 1.226304 0.7966450 0.7374598 0.8381164 0.7280499 0.5362322 0.9300383 0.7008442 0.8123501 0.7925425 1.206412 1.757722 1.536647 1.096018 1.122058 1.106328 1.008038 1.061233 0.8492410 0.7689041 0.7521805 0.6886781 1.671774 0.9164566 0.7704627 1.353466 0.9576183 0.8251573 0.7556084 0.7647011 0.9870103 0.9223670
2.735602 2.083405 2.741046 2.773501 3.172903 2.801008 2.661391 2.487143 1.941568 2.705946 2.592494 2.432616 1.825996 1.569238 1.829512 0.9639139 0.9945617 1.020012 0.9972290 0.9360634 1.206493 1.503679 1.454753 1.186027 1.699132 1.980903 1.770026 2.220566 1.732244 1.364902 1.034769 0.9040026 0.8150961 0.8170764 0.6648112 0.6312793 0.8748004 0.9099677 0.9048095 0.7646362 1.249082 1.262018 1.286811 1.105924 1.038182 1.015118 1.430761 1.405345 0.7168604 0.5928752 0.9054612 0.9563472 1.293849 1.049244 0.7084234 1.320570 1.030264 0.7764246 0.6665353 0.8522905 1.113863 0.8381515
2.738431 2.416631 2.298106 2.759280 2.739458 2.943478 2.660120 2.109116 0.9597962 1.253790 2.599331 2.260726 2.025250 1.290471 1.275555 1.385291 1.533338 1.659393 1.055282 0.9856667 1.068692 1.428938 1.170067 1.220811 1.613975 2.025380 1.833958 1.135359 1.156344 0.9171579 0.9912226 0.8905583 0.8631697 0.8692957 0.5757239 0.5721106 0.7167034 0.6850895 0.7961870 0.8434751 0.9417864 0.9621373 1.120537 1.032624 1.005284 1.154358 1.466861 1.711833 1.289557 0.9527470 1.054944 0.8233354 1.072707 1.114358 1.488197 1.539372 0.5676388 0.7294729 0.7258014 0.8423592 0.9468112 0.8660750
3.178971 2.660808 2.706868 2.901233 2.958882 2.731769 2.476519 2.451758 1.107216 1.610810 3.161688 2.247553 2.084526 1.560781 1.246356 1.062624 1.126554 1.053261 1.532829 1.025106 1.122969 1.508214 1.960481 1.949139 1.589728 1.740814 2.100065 1.450188 1.360761 0.9910986 0.8800516 0.9260284 0.9033031 0.8384071 0.4559254 0.6198210 0.8936673 0.8239638 0.8731582 1.087967 0.9821495 0.7296083 0.7104804 0.5816588 0.6155491 0.9261881 1.157301 1.341019 1.350718 1.129811 0.7886783 0.6047807 0.7675820 1.157543 1.362011 1.567609 0.5688159 0.6826946 0.7197565 0.6969433 0.5937661 0.6920890
3.135424 3.201573 3.135507 3.906045 3.886138 3.253507 3.699980 3.804571 3.030178 2.455219 2.563403 2.164658 2.124974 1.871944 1.587424 1.472274 1.132254 0.9971234 1.042621 1.190370 1.084171 1.649698 1.749933 1.859236 2.356867 1.946558 1.955480 1.317238 1.907807 2.197626 1.612473 1.037401 0.9508131 1.083240 0.4924504 0.7769279 0.9863544 0.9644117 0.7653615 1.144217 0.9297061 0.7434449 0.6168305 0.5451456 0.5652698 0.8598102 0.8926972 1.107227 1.286568 1.602414 1.557003 0.6589537 0.7296057 0.8888120 0.9250185 0.7996637 0.5968735 0.6981838 0.7220324 0.7373757 0.8753580 0.7935306
3.049362 3.177703 3.163435 3.285006 4.353971 4.867835 4.821930 4.104322 3.570249 3.502089 2.187048 2.133080 2.527650 2.165832 1.822842 1.778092 1.090834 0.9273046 0.9691165 1.072879 1.227727 1.634995 1.753782 1.970169 1.876900 1.966368 1.443612 1.435267 1.420990 1.044441 1.422868 1.412544 1.846367 1.619729 1.546192 2.383579 2.713551 1.229525 1.043744 1.073943 0.7904498 0.7749279 0.7127627 0.5338460 0.6639310 0.8453944 0.8889474 1.018975 1.227483 1.512566 1.370407 0.7833740 0.7290846 0.5410073 0.6795649 0.6201314 0.6458191 0.7213413 0.7442215 0.9000866 1.062689 0.9957909
2.883868 3.127917 3.113608 4.012867 5.032263 5.157462 4.241656 3.454867 3.343201 4.093978 3.715849 3.245658 2.991691 2.712808 1.833115 1.511665 1.328454 1.143145 0.8710670 0.7962017 0.8204539 1.920709 1.279339 1.475325 1.100878 1.557604 1.606189 1.302682 1.209427 1.157496 1.198969 1.014275 1.151231 1.277811 1.010140 0.8337872 1.293839 1.134502 1.800533 1.955341 1.393747 2.171720 2.814074 2.053528 0.9953457 0.7333909 1.266614 0.8862448 1.153707 1.180926 1.245965 0.9279776 0.6625421 0.5188916 0.5280130 0.4791427 0.6875170 0.7419538 0.7407861 0.8995463 1.149807 0.9552900
3.256043 3.498955 3.256752 3.774458 4.515979 4.992177 5.066801 5.080208 4.833303 4.579123 4.175898 4.170264 3.527482 2.353351 2.485757 1.741473 1.735619 1.687873 1.718406 1.137509 1.015162 1.074347 1.062106 1.136447 1.079512 1.194385 1.619474 1.086219 1.074202 1.213213 1.080596 1.010794 0.8154328 1.195401 0.9654038 0.9005797 0.8887303 0.5943759 0.5620366 1.050818 1.073394 0.6707258 1.097880 1.133687 1.244624 1.745959 1.750235 1.015842 2.661236 2.868639 0.6788455 1.031206 0.4857522 0.9777050 0.7424734 0.7199582 0.7434878 0.7866834 0.7861735 0.8389220 0.9335788 0.9038688
3.365254 3.449096 3.190925 4.025586 4.557624 4.854520 4.990098 5.155081 4.931090 4.788824 3.097769 2.886081 2.808285 3.247844 2.981974 2.058486 1.743076 1.695807 1.795659 1.319126 1.085599 1.076560 0.8554091 0.9259655 1.104664 1.186604 1.382885 1.025228 1.025297 1.174031 0.9760106 0.8927431 0.7803149 0.8595622 0.9263722 1.085907 1.092909 0.8195877 0.5591185 0.8768468 1.299809 0.8267183 0.6853058 0.6931515 0.6854781 0.6986169 0.7468950 0.7973199 1.355377 1.353347 1.520638 1.350570 0.7660075 1.050500 2.426131 2.702073 1.516485 1.094350 1.239787 1.011295 0.9410583 0.9620618
2.694019 3.308606 2.967073 3.978020 4.350502 4.625868 4.881921 4.918806 3.337681 3.207347 2.887892 2.828957 2.773891 2.714828 2.779556 2.108764 1.915405 1.719561 1.900656 1.363723 1.169487 1.152589 1.298599 1.049485 1.039047 1.187158 1.339682 0.9937925 1.019805 1.157472 0.9251332 0.8256228 0.7757010 0.7981545 0.8605241 1.248040 1.257717 0.9915563 0.6158866 0.9773493 1.508233 0.9116305 0.6973525 0.7354539 0.7048735 0.6832010 0.7167872 0.7030997 0.9934816 1.395346 1.462018 1.210137 0.8436086 0.9071887 0.9901030 0.6673536 0.7418379 1.169397 0.8381476 1.051351 1.984918 2.671865
2.599046 2.187327 2.243578 2.969362 2.528857 3.605159 4.702215 4.690910 4.551222 4.702686 4.755119 2.778410 2.734994 2.617003 2.508536 1.774091 1.832320 1.718557 1.863415 1.833322 1.478574 1.307115 1.225267 1.337149 1.325749 1.302230 1.238179 0.9544171 0.9773643 1.067115 0.9650503 0.9103768 0.7563700 0.7741525 0.8423082 1.000273 1.030572 1.008853 0.9625535 1.099799 1.372920 0.7987880 0.7287151 0.7636243 0.7105256 0.6491657 0.6783791 0.6389167 0.8376755 1.074589 1.344712 0.9326971 0.8858309 0.8026246 0.7781096 0.5967518 0.4044248 0.5357929 0.5681869 0.7631160 0.9660016 1.039091
2.636224 1.866022 1.636401 3.184091 3.329262 4.254641 4.402457 4.452587 4.414013 4.405951 4.488879 2.722980 3.840598 2.733852 2.444726 1.772160 1.891354 1.330717 1.307186 1.322640 1.268524 1.403347 1.123492 1.114724 1.326143 1.525790 1.718999 1.014225 0.9938330 0.9603307 1.042491 1.003243 0.7368823 0.8357425 0.8723972 0.9321540 1.056690 1.232306 1.177916 1.158940 1.374996 1.054429 0.9118026 0.7573757 0.6721910 0.6074800 0.6125928 0.6053272 0.8242588 0.9140043 1.083045 1.025018 1.082407 0.9610362 0.8473011 0.7316974 0.4986138 0.6156801 0.6263487 0.6952567 0.7441639 0.9426716
2.815939 1.958817 1.749833 3.054109 3.403060 3.743520 3.953192 3.994227 3.845475 4.156051 4.258180 4.302388 4.440841 2.926122 2.741131 2.281838 1.860916 1.719951 1.328465 1.390261 1.251640 1.442387 0.8060164 0.6842266 0.9893022 1.274333 1.591732 1.124902 0.9499857 0.9337160 0.9889368 1.381046 1.142039 1.044320 1.086833 1.112609 0.8914166 1.034159 1.045030 1.055344 1.234378 0.9036929 0.9048755 0.6582044 0.6437902 0.6270271 0.6411591 0.6866411 0.7769608 0.8284622 0.8173626 0.9660758 0.9407873 0.9379835 0.9047282 0.8831280 0.8465376 0.7784637 0.6526819 0.7886025 1.034463 1.410242
2.648940 1.925468 2.023781 2.398741 2.627256 2.824092 2.465166 2.703786 1.984062 3.322901 3.783257 4.046821 4.095015 4.109322 2.653791 2.803987 2.352127 1.960111 1.578199 1.661381 1.170587 1.045513 0.6800452 0.5858309 0.7463158 0.8087026 1.435175 1.637886 1.032735 0.8898438 0.8174759 0.9879669 1.079514 1.174968 1.060380 0.8756478 0.8449008 0.9764255 1.176084 1.182200 1.019222 0.9031937 0.9653208 0.7198474 0.6863230 0.6715075 0.6954485 0.7660078 0.8948439 0.8614972 0.8043441 0.8747040 0.9000707 0.8684618 0.8574916 0.8966576 0.8986755 0.8413419 0.7151120 1.099388 1.311057 1.406823
1.677217 1.652452 2.000410 2.394407 2.435683 2.496987 2.219139 2.058339 1.957640 1.945716 3.814017 3.896772 3.884088 3.415317 2.791318 2.822026 2.606857 2.442420 1.957170 1.784387 1.399181 0.9789383 0.7856177 0.8407481 0.7605809 0.5941088 0.6908773 1.056443 1.426412 0.7687573 0.7863646 0.8044602 1.003534 1.161483 0.9608163 0.7584242 0.8392062 1.010321 0.9680441 1.076965 1.008972 0.8542212 0.9412247 0.7416453 0.7060962 0.7325201 0.7583648 0.9937728 1.008026 0.9760884 0.8033779 0.7278900 0.7471045 0.7297768 0.7128789 0.7549733 0.8048797 0.8340769 0.7846720 0.7996987 1.123994 1.033504
1.383602 1.311614 2.098988 2.009097 2.166236 2.220659 2.091666 2.189233 2.017336 1.844587 1.931230 3.543377 3.342454 2.678519 3.113636 2.754622 2.536272 2.218938 1.938650 1.757968 1.339836 1.102412 0.9871272 0.9245307 0.7751894 0.5648866 0.5488459 1.340706 1.671324 1.588512 1.714705 0.8898871 0.9992797 1.167585 0.9097967 0.8495170 0.8560448 0.8111751 0.8736442 0.9079314 0.9894496 0.9279557 0.8634529 0.7878308 0.7854874 0.7865794 0.8033098 1.224228 1.279100 1.038196 0.9793517 0.9494305 0.9129285 0.8159928 0.7738593 0.7820493 0.7950166 0.7458450 0.8151971 0.7869729 0.8962557 0.8533756
1.566049 1.539579 2.066976 2.079608 2.228337 2.140412 2.000072 2.087079 2.162785 2.157834 2.162833 2.376391 2.726847 2.604313 2.617511 2.326074 2.020279 1.869750 1.644282 1.695380 1.566766 1.320560 1.736051 1.259146 1.001108 0.6914172 0.6986281 1.013175 1.212827 1.326869 1.641742 1.306863 1.153144 1.035851 0.8980304 0.8788683 0.8654779 0.8480972 0.9560423 0.5240259 0.7324800 0.6892145 0.7136599 0.7488394 0.7664768 0.7636853 0.8442144 0.8917999 0.9047925 1.027215 0.9944644 1.008446 0.9924170 0.9181311 0.8051497 0.7970753 0.8402354 0.7892144 0.8319690 0.8320696 0.7844421 0.7976741
1.359408 2.407156 2.319117 2.269108 2.350363 1.981527 2.027782 2.031916 1.954381 1.930633 1.988517 1.966633 2.207505 2.157337 2.067235 2.005596 1.783465 1.645678 1.615921 1.608467 1.691117 1.626628 1.613559 1.628289 1.149720 0.9162500 1.170366 0.9153656 0.8259915 0.9220545 1.437643 1.129146 0.8092686 0.8829907 0.8789916 0.8816890 0.8391047 0.9496208 0.9980444 0.4865265 0.5342445 0.4398890 0.6193963 0.7780800 0.7903405 0.8196906 0.8747217 0.9626874 0.9622115 1.080395 1.020544 1.066776 1.030314 1.022646 0.9649152 0.9590210 1.086736 0.9746459 0.7805029 0.7396603 0.7250462 0.8038645
1.963747 2.387918 2.294965 2.018777 2.068726 2.320237 2.266121 2.157939 1.863377 1.710394 1.739205 1.633941 1.734463 1.660440 1.583125 1.801650 1.672537 1.797319 1.771987 1.698407 1.574803 1.622216 1.532988 1.427817 1.037612 1.571466 1.177061 1.258966 0.9044368 0.9060969 1.315279 0.7933317 0.8363541 0.8762333 0.8953711 0.8901408 0.8490222 1.079746 0.5125646 0.4349042 0.5653036 0.4573080 0.6659630 0.7834582 0.8174381 0.8761724 0.9055026 0.9743636 0.9958226 1.014433 0.9676846 0.9657078 0.9783415 0.9774902 1.014599 0.9703805 1.076643 1.008387 0.8311819 0.7664350 0.7353396 0.8398226
2.420595 2.335633 2.378711 1.917330 2.081301 2.029124 2.254657 2.018518 1.906445 1.709287 1.584313 1.466375 1.665696 1.631483 1.534323 2.043635 1.284117 1.385478 1.287475 1.162820 1.120399 1.537285 1.643501 1.361588 0.9719115 0.9940647 1.220145 1.342297 1.141537 1.099250 1.127885 0.7999558 0.8432347 0.8979723 0.9272950 0.9269671 0.9127294 0.9529901 0.7311138 0.6832918 0.8156059 0.7476921 0.8107038 0.8379876 0.8382795 0.9036416 0.9667081 0.9766676 1.054657 1.029058 1.046485 1.027588 0.9682966 0.9639770 0.9465868 0.9536059 1.045526 1.010753 0.9019961 0.8058963 0.7630208 0.8130741
2.534588 2.357361 2.012222 2.020637 1.830398 2.065277 1.934675 1.772291 1.782837 1.533461 1.464507 1.454878 1.533930 1.450928 1.374287 1.523076 2.181588 1.204285 1.024792 0.8280662 0.7306615 1.736410 1.788101 1.328529 0.6931000 0.6141888 0.7365375 1.092259 0.7679240 1.034561 1.141895 0.7621832 0.7079377 0.9809800 0.9607775 1.023744 0.9574081 0.9500488 0.9959285 0.9851100 1.166313 1.005407 1.006368 0.9030021 0.9815332 0.9203001 0.9728237 1.380091 1.195273 1.351439 1.294376 1.181833 1.013215 1.074841 0.9706044 0.9828480 1.032843 0.9793756 0.8963574 0.8545109 0.8615252 0.9368556
2.254570 1.920282 1.901821 2.126482 1.981449 2.198108 1.877817 1.703570 1.659903 1.591085 1.391332 1.451770 1.432095 1.341405 1.516770 1.435504 1.591816 1.286215 0.8705111 0.9026304 1.045310 1.332272 1.483478 1.140302 0.6837689 0.6846329 0.9194909 1.058351 0.7495019 0.8971477 0.7585999 0.7735520 0.8247027 1.180201 1.061548 0.9941126 0.9293905 0.9725724 1.121213 0.9942524 1.180479 1.136734 1.071794 1.007465 1.057553 1.065506 0.9119345 1.022302 1.170813 1.645607 1.381605 1.261026 0.8517356 1.196886 0.9754586 0.9879113 1.088989 0.9892038 0.8905351 0.8114988 0.8735460 1.027257
1.887146 1.773695 1.803162 2.074030 1.923828 2.023287 1.631891 1.504508 1.524743 1.487103 1.366650 1.388257 1.441867 1.505432 1.555571 1.578496 1.496647 1.451033 1.071936 0.8680856 0.9185691 1.068105 1.127324 1.055945 0.8739421 0.8004784 0.9117451 1.103604 0.6638457 0.7338791 0.8929563 1.070969 1.174965 1.252029 1.084103 1.117067 1.083537 1.047867 1.208686 1.085904 1.047931 1.162698 1.139827 1.090425 1.087008 1.071164 0.9905875 1.013136 0.8665890 1.182289 1.221329 1.145631 0.8756996 1.069259 1.012508 0.9081066 1.030249 0.9449250 0.8979547 0.8373109 0.8130646 0.9570484
1.825145 1.529912 1.429766 1.465459 1.599483 1.593509 1.606892 1.588888 1.497109 1.383655 1.401509 1.365094 1.514225 1.455485 1.345352 1.532223 1.693831 1.584122 1.191306 0.9225582 0.8180852 1.098655 0.9106671 1.254688 1.335685 1.132590 0.7492066 0.7118410 0.6621276 0.6656355 0.8282050 1.029423 1.189875 0.9259503 0.9660095 1.562491 1.469069 1.232276 1.125453 1.017675 1.016393 1.289546 1.267344 1.220532 1.110414 1.128344 0.9892864 0.8523648 1.015606 1.054700 1.089106 0.9351339 0.8560411 0.9648697 1.135528 0.8082231 1.091549 0.9047217 0.8936305 0.7360137 0.7142709 0.9114598
1.840924 1.565003 1.341035 1.201238 1.382375 1.460440 1.698936 1.722711 1.422257 1.116614 1.241367 1.221777 1.156889 1.086220 1.035607 1.186076 1.369671 1.527171 1.292437 1.105590 1.068937 1.251971 1.106279 1.083792 1.193595 1.147765 0.9699988 1.103531 0.9154624 0.9576396 1.266861 1.068153 0.8269995 0.6632640 0.5867639 1.203395 1.481536 1.390033 1.079443 1.049597 1.004170 1.414167 1.282178 1.196604 1.137295 1.056747 0.9083602 0.8310564 0.8817669 0.9784898 1.021237 0.9364361 0.8532701 0.9137166 1.155545 0.8994914 0.9667695 0.9316930 0.8523961 0.7533461 0.7587853 0.8743615
1.946112 1.836838 1.698617 1.598599 1.559277 1.595172 1.431836 1.284207 1.184099 1.040376 1.106884 1.028586 1.748399 0.9742162 0.6555445 1.079866 1.182258 1.703415 1.318970 1.250076 1.337962 1.372532 1.209857 0.9682593 1.097747 0.9627749 0.9183394 0.7575172 0.7606331 0.8516604 1.303789 1.174572 0.8176475 0.6104583 0.7022325 1.007928 1.142553 1.125766 0.9815857 0.9582526 0.9491562 1.077230 1.048841 1.059600 0.9383186 1.005885 0.9291756 0.8915601 0.8882893 0.9507614 1.028135 0.9721268 0.8469422 0.9080388 1.105053 0.9413501 0.9117955 0.9460300 0.8559354 0.8049441 0.8029887 0.8967045
2.122666 2.264278 2.065379 2.048493 1.780447 1.618700 1.420811 1.344874 1.263544 1.398725 1.487641 1.371542 1.885935 1.675259 0.8700604 1.276936 1.418938 1.587870 1.451809 1.425136 1.636856 1.819536 1.466154 1.120603 1.130533 1.095358 0.9838468 0.7789497 0.7729606 0.8489296 0.8086897 0.8657420 0.8247803 0.8715617 1.028333 1.171019 0.9834801 0.9354596 0.8904458 0.8886489 0.8797063 0.9344152 0.8732940 0.8010505 0.8241311 0.8841980 0.7030109 0.7865548 0.8640851 0.8946233 0.9602464 1.060696 0.9393079 0.9260536 0.9713767 0.8970436 0.8293167 0.8609428 0.7506882 0.7854542 0.8243303 0.9825059
1.938798 2.218556 2.063336 2.053558 1.689313 1.553576 1.378550 1.354934 1.262356 1.349849 1.374181 1.375589 1.375711 1.360000 1.100625 1.410780 1.446712 1.541302 1.520373 1.476210 1.582909 1.845266 1.507093 1.260547 1.034495 1.038878 0.9310526 0.8036194 0.9080256 0.9168593 0.7364078 0.8082610 0.7404543 1.201301 1.632584 1.620920 1.162064 0.9324958 0.9463885 0.8863892 0.9150444 0.9071650 0.9173201 0.8096785 0.8210269 0.8482895 0.8466893 0.6786096 0.8991917 0.9321635 0.9518925 1.075574 0.9359948 0.9064068 0.9729684 0.9842131 0.6584351 0.8598937 0.8736354 0.7985349 0.8071831 0.9729644
