data/rasters/GHG.ASC
NCOLS                  500
NROWS                  460
XLLCORNER        181500.0
YLLCORNER        381500.0
CELLSIZE         50.00000
NODATA_VALUE    -999.9900
[rows 0 to 27 of 460, columns 0 to 61 of 500]
-999.9900 0.7547501 0.7093697 0.7486290 0.7424297 0.7262305 1.030031 1.153831 0.8548788 0.8517146 1.325233 0.7994641 0.5428324 0.4866323 0.3504338 0.3441199 0.3370833 0.3213976 0.3850347 0.4586739 0.4593903 0.3371826 0.2549759 0.2427692 0.3327387 0.4783553 0.4960960 0.5937327 1.111371 1.109008 1.236643 0.7815065 0.5419167 0.5567405 0.6320029 0.6448278 0.6824656 0.6500759 0.5075942 0.4036271 0.3627197 0.4104210 0.4235808 0.3657987 0.4532545 0.4488384 0.6493633 0.6544064 0.5513603 0.5383114 0.5151726 0.4618531 0.5385334 0.5752118 0.5218929 0.3885736 0.2552528 0.1117399 0.2052485 0.2793521 0.3403204 0.3758327
0.7165607 0.6765633 0.6479833 0.6458008 0.6503743 0.4931196 0.6990887 0.6941133 0.5004041 0.5281123 0.7143674 0.5970765 0.5508229 0.6762674 0.6516409 0.5861129 0.4655801 0.5457570 0.4942374 0.5223440 0.4836429 0.3678071 0.3450142 0.3842097 0.4869986 0.5054523 0.6032799 0.7122387 0.9583424 1.320052 1.388376 0.9740472 0.6150083 0.6868834 0.6312085 0.6613374 0.6554113 0.6628255 0.6034154 0.4997551 0.4484650 0.5104607 0.5482439 0.5395650 0.4931993 0.5198840 0.5952955 0.6479543 0.6056480 0.5703744 0.5782080 0.5792491 0.6248288 0.6454074 0.4360992 0.3547156 0.2979382 0.3223764 0.3592317 0.3251702 0.2987984 0.3009799
0.7132120 0.6876424 0.6548786 0.6176020 0.4636417 0.4451036 0.4246298 0.4579277 0.5689850 0.4261583 0.4765368 0.5082167 0.5884359 0.7413266 1.291124 0.9783112 0.5241048 0.5132969 0.4561450 0.4284294 0.4168643 0.4790852 0.4267783 0.4180882 0.4738493 0.5366220 0.6524532 0.7618971 0.8508775 1.095560 1.169473 0.7023213 0.6097460 0.6139165 0.6479617 0.6111113 0.6124986 0.6009388 0.6371222 0.5743216 0.6049072 0.5962266 0.6251814 0.5914891 0.5728321 0.5429654 0.5341745 0.5669112 0.6047160 0.5990853 0.5790904 0.4650696 0.5170588 0.5135319 0.3980573 0.3666706 0.3967324 0.3955437 0.3326026 0.3744079 0.3391105 0.3076488
0.6643950 0.6720899 0.6682199 0.5883597 0.4689432 0.4789944 0.3427747 0.4281622 0.5565774 0.6093634 0.3760200 0.4373844 0.5108825 0.6416190 0.6555229 0.5151965 0.4788002 0.3788286 0.3693690 0.4259052 0.5051800 0.6015260 0.5234426 0.4700110 0.5101039 0.6100366 0.7241885 0.8668038 0.9775131 0.7893879 0.7698163 0.7572575 0.7574480 0.5274661 0.5708681 0.5585272 0.5472932 0.5949993 0.6123441 0.5694001 0.7208313 0.6371192 0.5889898 0.5862319 0.5877640 0.4937515 0.5125844 0.5451297 0.5888469 0.6424793 0.4657741 0.4084298 0.3306767 0.3845224 0.3572614 0.3104511 0.4053901 0.3736372 0.3966019 0.3999946 0.4052338 0.3752971
0.6801176 0.6198725 0.6079672 0.5274130 0.4134000 0.5128956 0.3989563 0.4433099 0.5396183 0.6323523 0.4932960 0.4114274 0.3623450 0.3238011 0.4849091 0.4364963 0.3638548 0.3275148 0.5504034 0.6364676 0.5184931 0.6251140 0.5758918 0.5339885 0.5598229 0.6946495 0.8169573 0.8557234 0.6516110 0.6068992 0.6960477 0.7957191 0.7153275 0.6081237 0.5201581 0.5434163 0.5607497 0.5664005 0.5701879 0.7651263 0.6802391 0.5689501 0.4936239 0.6988976 0.5815681 0.6020495 0.5168151 0.5724417 0.5325676 0.4853622 0.4278890 0.3162142 0.3611260 0.3493099 0.2757466 0.1980059 0.3123842 0.3771008 0.4465165 0.3835962 0.3677728 0.3480825
0.6557703 0.5728528 0.5661786 0.4421711 0.3929405 0.3983155 0.4066592 0.3388771 0.5223520 0.4980519 0.4456352 0.4914058 0.6165411 0.4613413 0.4602135 0.4086144 0.4550923 0.3915831 0.3511281 0.4497353 0.5226834 0.5373442 0.6206400 0.6479358 0.6230600 0.7831482 0.7750581 0.7291736 0.7409322 0.6872727 0.6104091 0.6940814 0.7757825 0.5975214 0.5319067 0.4955218 0.5954118 0.5706896 0.5894684 0.6386281 0.6016963 0.5805799 0.6982597 0.7960390 0.7855666 0.7128320 0.5657297 0.4696472 0.3983508 0.3616855 0.3955463 0.4374066 0.4459389 0.3360950 0.2854423 0.2790264 0.1596391 0.3364127 0.3620312 0.3402152 0.2716326 0.2276814
1.001424 0.8133301 0.4838362 0.3558103 0.2591604 0.3502903 0.4490389 0.3648455 0.3480661 0.3944598 0.4466702 0.4396409 0.5990456 0.6440947 0.5259042 0.5228482 0.8928635 0.4832712 0.5042102 0.4720869 0.4868785 0.5875636 0.7728069 0.7556476 0.7746396 0.6948363 0.6694651 0.7385632 0.7900007 0.6883990 0.5446893 0.6368418 0.7116220 0.6813339 0.7636881 0.5173630 0.5992957 0.6331285 0.5776557 0.6167834 0.5412055 0.5150464 0.6288518 0.6529454 0.7174764 0.6685771 0.5508444 0.3465512 0.3138268 0.4302360 0.5176920 0.4995666 0.3857983 0.3075103 0.2614997 0.2618172 0.1911377 0.2096413 0.3323186 0.3029087 0.2151364 0.2179481
0.8867009 0.7578645 0.4756447 0.4384299 0.3226295 0.2824851 0.3509388 0.3250215 0.2639072 0.3724537 0.4374000 0.4394640 0.4428580 0.5091735 0.4638901 0.2994181 0.6486167 0.7143483 0.4250799 0.5163612 0.6269511 0.6368083 0.6267210 0.8445176 0.9306228 0.7270441 0.5364283 0.6628218 0.7845616 0.7527959 0.6809489 0.5671126 0.6633369 0.7441744 0.6008354 0.5978730 0.5761969 0.5931143 0.6208645 0.5658397 0.5817378 0.5184965 0.5939917 0.5390531 0.6559684 0.6634138 0.5894688 0.4998322 0.5251296 0.6703439 0.5602321 0.5231986 0.4116789 0.3544877 0.3004223 0.2834001 0.2094919 0.2356595 0.2711484 0.3140776 0.2974892 0.2999657
0.8818595 0.7462740 0.5155941 0.4618515 0.4711433 0.4543887 0.3380921 0.3265708 0.4002581 0.3539626 0.4011928 0.4150027 0.4245639 0.4686597 0.3689504 0.3892236 0.4655914 0.5020821 0.4377652 0.5441703 0.5258701 0.5976948 0.7106251 0.8349072 0.9055181 0.8239797 0.6218751 0.6306841 0.7681960 0.7535059 0.7158462 0.5739998 0.5834464 0.7485288 0.8153853 0.6258130 0.5100045 0.4984847 0.6652922 0.5870634 0.4828995 0.4415725 0.4796137 0.4945374 0.5202940 0.6922634 0.6475856 0.6096471 0.6301866 0.7477528 0.6039918 0.5113598 0.4011074 0.3742836 0.3701316 0.3117264 0.4496220 0.4022894 0.3766745 0.4495207 0.3430153 0.2702919
0.8583136 0.7947963 0.6244261 0.5539278 0.5004182 0.5044332 0.4346695 0.3705272 0.9387338 0.6844946 0.4177400 0.2998346 0.5041332 0.2295734 0.3792143 0.3835101 0.5382679 0.6248096 0.5178756 0.4474548 0.6461680 0.7862839 0.6666430 0.7076979 0.7748373 0.7961813 0.6115226 0.6210098 0.6849164 0.6934670 0.7037463 0.6528629 0.7033325 0.8160309 0.8598534 0.6911401 0.6180422 0.4231215 0.5777788 0.6525782 0.3824695 0.3830267 0.3444299 0.3984863 0.4532504 0.5809476 0.5726252 0.6097867 0.6814694 0.6186838 0.5129629 0.4781567 0.4743130 0.3971872 0.4865899 0.4459673 0.4345174 0.5676680 0.4928172 0.4388065 0.3078973 0.3346397
0.7539431 0.8500693 0.6509123 0.5765306 0.5736134 0.4641001 0.4914063 0.3265662 0.7034398 0.8158715 0.4789633 0.4727771 0.3642719 0.3962919 0.4274280 0.4297221 0.8539897 1.376411 0.6941651 0.6876137 0.6225721 0.5807399 0.5337899 0.5794280 0.6498696 0.7142533 0.7131081 0.5869012 0.5823590 0.6484696 0.7359295 0.8676872 0.8335218 0.7697857 0.7740004 0.8203072 0.8539026 0.5924578 0.4945577 0.5773879 0.4190525 0.2473571 0.2876447 0.4403928 0.5409957 0.5435513 0.6282311 0.6311976 0.6200190 0.5553315 0.4848347 0.4248881 0.5229158 0.5638804 1.017892 0.5414627 0.5613518 0.5662884 0.5018723 0.3915584 0.3630686 0.3486751
0.7195727 0.6545388 0.6918807 0.5829396 0.5456218 0.5323406 0.4862765 0.4459215 0.8370586 1.081283 0.4694600 0.3311488 0.3772590 0.4552333 0.3653299 0.8651173 1.293278 0.7882142 0.5573767 0.5722045 0.6649097 0.4922055 0.5077739 0.4404270 0.5329338 0.6068282 0.7222499 0.6251465 0.6170243 0.6505698 0.6998672 0.8244512 0.8762668 0.6845257 0.6444505 0.6951798 0.8452373 0.6817154 0.5125996 0.4992557 0.5877355 0.3958240 0.4059730 0.4942982 0.5773584 0.5891206 0.4832785 0.5010127 0.5768467 0.5901962 0.4564252 0.4182131 0.5527070 0.5784423 0.7551998 0.6892401 0.7397277 0.6246192 0.5227001 0.4061363 0.3103955 0.2942849
0.7052021 0.6607860 0.6380641 0.5987257 0.5497103 0.5296546 0.4532271 0.3549767 0.4749506 0.4390106 0.3839475 0.3506211 0.3775158 0.4447327 0.4942095 0.5426305 0.5201856 0.4630314 0.4261918 0.4671422 0.4874765 0.4329911 0.4139930 0.4195198 0.4435403 0.5047721 0.6230309 0.7115488 0.5877112 0.4837191 0.4648198 0.5519314 0.6355622 0.5874828 0.5958408 0.6182947 0.6560689 0.6445872 0.5564814 0.4334274 0.6724847 0.5825557 0.4556443 0.5233675 0.6104344 0.6076131 0.4927430 0.4689198 0.5220995 0.5797319 0.5023047 0.4398714 0.5015544 0.5179724 0.5605515 0.6052832 0.8280438 0.9856123 1.066021 0.9600942 0.5888555 0.6082151
0.8408323 0.6505643 0.5729021 0.6644490 0.7662381 0.6275395 0.5453157 0.5522512 0.5041423 0.3808613 0.4212031 0.4272861 0.5281914 0.4552282 0.4865665 0.4907081 0.4472754 0.4260531 0.3655128 0.4082723 0.3865680 0.4616787 0.3418956 0.3795991 0.4281380 0.4889041 0.5538411 0.4944475 0.4337752 0.4421132 0.4996474 0.4793789 0.5598480 0.5424198 0.5657679 0.5694237 0.5836017 0.6078433 0.6263437 0.7286634 1.272947 0.9444098 0.5327293 0.5868915 0.5983995 0.5869702 0.5273424 0.4494929 0.5080680 0.5011386 0.4802697 0.3832932 0.3746333 0.3982798 0.4814851 0.7784582 0.7141553 0.7736247 0.7653300 0.7219154 0.8518226 0.8270583
0.8812356 0.8442928 0.6901417 0.6470098 0.7106400 0.7684147 0.3741897 0.4590484 0.4718890 0.5208634 0.4851115 0.5323908 0.5294441 0.5061648 0.4040985 0.4184576 0.4021652 0.3964418 0.3515366 0.3495764 0.3547301 0.3375588 0.4151743 0.3509868 0.3871671 0.4526313 0.4232951 0.3547643 0.4531077 0.4164405 0.4671794 0.4479292 0.4491359 0.4698986 0.5093935 0.5351207 0.5531102 0.5870982 0.5901909 0.6618806 0.8329393 1.040452 0.6991272 0.5277866 0.5846010 0.5340011 0.5536324 0.5327426 0.5230208 0.5231653 0.4425831 0.3753825 0.5391369 0.4088966 0.6102031 0.7013330 0.6509540 0.6831812 0.9539744 0.8857586 0.7106917 0.6513020
0.8586100 0.7704320 0.7089128 0.7483624 0.6050713 0.7730271 0.4874556 0.4209428 0.4861448 0.5741149 0.5829076 0.4960341 0.4416226 0.4112897 0.3883146 0.3424639 0.3630731 0.3528728 0.3627945 0.3041050 0.3288158 0.3604025 0.3319434 0.3943281 0.3743520 0.3550848 0.3717626 0.3923049 0.4302782 0.4158127 0.3873499 0.4983183 0.4301858 0.4517533 0.4801326 0.5332051 0.5256987 0.4875486 0.5535706 0.5581890 0.6189286 0.9494551 0.4979128 0.4255425 0.4116352 0.5257159 0.4936150 0.6209875 0.6419284 0.5548795 0.4349889 0.3106567 0.6226832 0.6023307 0.6205256 0.6162127 0.8995019 0.9481142 0.9358637 0.9913368 0.8971568 0.7060055
0.7748735 0.6388779 0.7558632 0.7962636 0.7723779 0.6072031 0.5485795 0.7103304 0.7004168 0.6146061 0.4667592 0.4029061 0.3856822 0.3739542 0.3401582 0.3112162 0.3285285 0.3139112 0.3697158 0.3325713 0.3337621 0.4336856 0.3798175 0.3272647 0.3298750 0.3331321 0.3372702 0.4354561 0.3918326 0.4269781 0.3589895 0.4099233 0.3710367 0.3595818 0.4646545 0.4460426 0.4742650 0.4780201 0.4552574 0.3944012 0.5183550 0.9048162 0.3958859 0.3556546 0.3054296 0.4165603 0.4889168 0.6165503 0.4955496 0.4215513 0.3850121 0.5820847 0.6175317 0.6468154 0.8502519 0.7724980 0.8228634 0.8593302 0.7464241 0.7275714 0.6210248 0.7494535
0.7133501 0.6536043 0.7215411 1.221884 1.094533 0.8920243 0.8657766 0.8418707 0.6775993 0.6255084 0.4466248 0.3776428 0.3469830 0.3411112 0.3328535 0.3009136 0.3057742 0.3574711 0.3625328 0.4113471 0.4289916 0.5953786 0.4169652 0.3717362 0.3812544 0.2796521 0.3269401 0.3222422 0.3265371 0.3284742 0.3794957 0.3508455 0.4475616 0.7461097 0.5437518 0.4309045 0.3692842 0.3125628 0.3680618 0.3871207 0.4426970 0.5185911 0.2863931 0.2690239 0.3718910 0.4839194 0.6685792 0.3785049 0.1976478 0.3504654 0.5812113 0.6586514 0.6102927 0.6866592 0.6318458 0.6179143 0.5964010 0.5331072 0.5220066 0.6354828 0.6242163 0.7611684
0.7289808 0.6538081 0.5067551 1.068301 1.453558 1.456251 1.481868 1.750407 0.8468693 0.4911274 0.3692526 0.3850789 0.3410634 0.3514072 0.3192542 0.3343353 0.3364292 0.4056426 0.4241448 0.3875632 0.3026105 0.3138811 0.3763017 0.4141319 0.3751561 0.2095468 0.2028702 0.3203905 0.3314814 0.3204162 0.3508725 0.5758451 0.9225278 0.5563945 0.5730229 0.3039696 0.2203382 0.3772549 0.4222955 0.4624591 0.4443551 0.3675101 0.4523768 0.6119497 0.7532132 0.8112928 0.6175118 0.4815678 0.4577364 0.5451019 0.6058250 0.3152629 0.3708248 0.3320146 0.5336228 0.3939635 0.2819327 0.3278475 0.3142290 0.4956249 0.4260408 0.6378323
0.7246103 0.6404383 0.5565025 0.4663392 1.157721 1.405484 1.975186 1.944690 1.264304 0.5788209 0.3897134 0.4811564 0.3629746 0.3032669 0.2777832 0.3014917 0.3855285 0.4433287 0.3118311 0.3087849 0.2590807 0.2413839 0.3019134 0.4890650 0.3421129 0.2369535 0.1895805 0.2837856 0.3361944 0.5263512 0.8635112 0.8776299 0.6265104 0.6243259 0.5992410 0.5097631 0.4056233 0.4732380 0.4592603 0.4276653 0.3164921 0.2211676 0.5354450 0.7175694 0.9269381 0.9520320 0.4334942 0.4372864 0.4234162 0.8907464 0.7177470 0.3498382 0.5653335 0.4458209 0.3481676 0.1906453 0.1730533 0.3414105 0.2832919 0.4386645 0.5781798 0.8266854
0.7193654 0.6941835 0.5860503 0.6237689 0.7034997 0.9328122 2.062342 1.198060 1.036241 1.174197 0.6197984 0.6363720 0.3941447 0.3495352 0.3759499 0.6204094 0.3874059 0.2810523 0.3124444 0.2917569 0.3185779 0.1540872 0.3692907 0.3512994 0.4208699 0.3210489 0.2724639 0.3178761 0.7720096 1.180202 0.9079899 0.8755338 0.5955271 0.6070496 0.6420937 0.5879301 0.5306122 0.4857901 0.3648351 0.2827095 0.3216653 0.3802922 0.4565660 0.8878579 1.038943 1.054726 0.5251029 0.5082454 0.6108763 0.5712633 0.3551913 0.6635566 0.5411593 0.5241059 0.2109270 0.2815506 0.3010633 0.3601440 0.3700382 0.4449036 0.9806122 0.4939351
0.6832486 0.6920390 0.6795079 0.7270834 0.7120727 0.7137130 1.324001 0.9892599 1.806967 1.636872 1.078282 0.7006046 0.5475306 0.4276874 0.5165336 0.4042935 0.2959502 0.2390210 0.2476195 0.2603202 0.2518824 0.3112542 0.1922128 0.2562014 0.3915142 0.3699030 0.4804381 0.7757164 0.7747320 0.7643114 1.103616 1.004731 0.6746183 0.6766944 0.6388376 0.6974223 0.5960712 0.3327895 0.2683563 0.3012826 0.5994017 0.3993470 0.6923110 1.036765 0.8812471 0.8338516 0.6745831 0.7303449 0.5203987 0.3805989 0.2595159 0.5644732 0.4272876 0.4927098 0.5435872 0.3827308 0.4152686 0.4479727 0.5177788 0.3521444 0.9548829 0.9726341
0.8115371 0.8193225 0.6044897 0.6297030 0.6379143 0.6604776 0.6492302 1.064513 1.163228 0.9751649 1.000083 0.8813301 0.9255918 0.4985259 0.3172576 0.2587274 0.1845972 0.2528506 0.1775578 0.2515810 0.2367152 0.3325411 0.2529089 0.3621303 0.3745579 0.5322516 0.8772687 1.010998 0.7960462 0.9546913 0.8931173 0.9352060 1.130628 0.7349828 0.7104998 0.5720362 0.5930692 0.5102090 0.5212608 0.6524677 0.5983595 0.6955985 0.6944988 0.8422868 0.8706400 0.8113964 0.5902653 0.3740192 6.1061300E-02 0.2994812 0.1362099 0.2728617 0.2526371 0.3375410 0.2855058 0.2947429 0.2279233 0.3150166 0.5571523 0.8337463 0.9209444 1.163528
0.7210147 0.8198977 0.6068957 0.5437175 0.6741017 0.6243118 0.5610901 1.384535 0.7523952 0.5762698 0.9873140 1.062036 0.4409884 0.4582576 0.3819487 0.2416014 0.2078646 0.1209775 0.2030540 0.2315024 0.2790605 0.3415239 0.4166276 0.4815378 0.5227664 0.5242599 0.9619032 0.8401813 1.049658 0.9179153 0.9248481 0.9874578 0.8951308 0.9650844 0.7392992 0.6039779 0.4902745 0.7559761 0.5558859 0.8725137 0.8152030 0.6581617 0.6100857 0.7907199 0.7025081 0.7290367 0.2788122 0.1881983 0.1582101 0.2407165 0.1999850 0.1766265 7.4235797E-02 0.1838428 8.6611599E-02 0.1969776 0.1083683 0.3330710 0.6619199 0.7864581 0.9680353 1.055302
0.6544849 0.6302242 0.6312097 0.3725564 0.5415436 0.5138517 0.4178040 0.5977607 0.9450535 0.9736200 1.176189 1.269369 0.7243655 0.3772190 0.3720676 0.1513876 0.1732533 0.1755449 0.1708231 0.2580411 0.3573630 0.3874733 0.5537498 0.6718743 0.6264307 0.5655668 1.044497 0.7423381 0.8520174 0.9005759 1.019733 1.122673 1.297567 1.283309 0.5096055 0.4711356 0.4844805 0.3629040 0.7077774 0.8992886 0.8583073 0.7048578 0.6984346 0.6712044 0.5954837 0.5136139 0.2034890 0.1769834 9.7930700E-02 0.1247947 8.4153302E-02 3.3910000E-03 5.1620599E-02 0.1281829 0.2747014 9.6532904E-02 0.2747345 0.4384156 0.6509011 0.9018045 0.8482526 0.8006635
0.6374869 0.5047081 0.5487158 0.4031355 0.3925046 0.4363473 0.4443192 0.6563588 1.108694 1.055471 1.143747 1.060139 0.8440115 0.4674559 0.3449713 0.2116672 0.2742185 0.1870035 0.2975396 0.3133221 0.4481358 0.5744175 0.6378472 0.5145257 0.5342095 0.5778905 0.6490297 1.033717 0.9896488 0.9142984 1.216009 1.119470 1.003016 1.145023 0.4858065 0.4311623 0.4042637 0.4193115 0.8993403 0.7541695 0.6658820 0.9249905 0.9199853 0.7345095 0.7097695 0.6968568 0.2093879 0.1579278 0.1178104 0.1473008 0.1037086 0.7617669 0.3795368 0.1874754 0.4640809 0.5513307 0.7414383 0.8107124 0.9531608 1.080308 0.7118469 0.9578249
0.6226658 0.5474644 0.4289788 0.4951539 0.3428145 0.3544576 0.4198042 0.4787728 0.7698962 0.9725985 1.035894 0.9980723 0.9097130 0.6662475 0.2081585 0.2223334 8.9869700E-02 0.2003738 0.6834430 0.6123756 0.7372947 0.6736940 0.5455093 0.5559867 0.5218353 0.5012083 0.5965776 0.8405364 1.170398 1.348897 1.154642 1.259351 1.193228 1.037098 0.6286626 0.4735227 0.5370332 0.5547522 0.9169581 0.8542615 0.8568928 0.9768019 0.7037958 0.7896854 0.5554028 0.9608952 0.3782687 0.1767807 0.1481975 0.2016214 0.2628185 0.3895679 0.4334531 0.4031102 0.8746815 0.7935308 0.8408127 0.7287742 1.159290 0.9730816 1.389536 1.059562
0.6165468 0.5080984 0.4133132 0.3267269 0.2778252 0.2374251 0.3093713 0.3694019 0.4297013 0.7792469 0.8880501 0.8257393 0.8024336 0.7882534 0.5074686 0.1779184 0.2108283 0.4038852 0.6285210 0.7383742 0.7731462 0.6847256 0.5344462 0.4812775 0.5431584 0.4492952 0.5559298 0.6172855 0.8629630 1.146879 1.056301 1.231824 1.214438 0.7292491 0.7952830 0.6430234 0.5801015 0.9576851 0.8499764 0.7578062 1.011542 1.032047 0.7904193 0.5876274 0.6040453 0.8678333 0.6848428 0.1562917 0.1369593 4.8654601E-02 0.2940950 0.4420585 0.4915171 0.7730972 0.6060283 0.6989884 0.7515401 0.8047356 1.229546 0.4090658 0.3892083 0.4545381
